Idc,Bz,Vdc_adc,Prf,fg,FBP,V_bg,dBz,
nA,T,mV,mV,GHz,GHz,V,T/min,
0.0000000E+0,-1.4999400E-2,6.2960850E-2,2.4801903E-4,2.0000000E+0,2.0000000E+0,4.9999700E+1,1.9800000E-2
0.0000000E+0,-1.4956000E-2,6.2960850E-2,2.4801903E-4,2.0000000E+0,2.0000000E+0,4.9999600E+1,1.9800000E-2
0.0000000E+0,-1.4909200E-2,6.2960850E-2,2.4801903E-4,2.0000000E+0,2.0000000E+0,5.0000000E+1,1.9800000E-2
0.0000000E+0,-1.4856300E-2,6.2960850E-2,2.4801903E-4,2.0000000E+0,2.0000000E+0,4.9999800E+1,1.9800000E-2
0.0000000E+0,-1.4804600E-2,6.2960850E-2,2.4801903E-4,2.0000000E+0,2.0000000E+0,5.0000200E+1,1.9800000E-2
0.0000000E+0,-1.4756800E-2,6.2960850E-2,2.4801903E-4,2.0000000E+0,2.0000000E+0,4.9999700E+1,1.9800000E-2
0.0000000E+0,-1.4706200E-2,6.2960850E-2,2.4801903E-4,2.0000000E+0,2.0000000E+0,5.0000200E+1,1.9800000E-2
0.0000000E+0,-1.4659400E-2,6.2960850E-2,2.4801903E-4,2.0000000E+0,2.0000000E+0,5.0000000E+1,1.9800000E-2
0.0000000E+0,-1.4597400E-2,6.2960850E-2,2.4801903E-4,2.0000000E+0,2.0000000E+0,5.0000000E+1,1.9800000E-2
0.0000000E+0,-1.4561100E-2,6.2960850E-2,2.4801903E-4,2.0000000E+0,2.0000000E+0,4.9999600E+1,1.9800000E-2
0.0000000E+0,-1.4510500E-2,6.2960850E-2,2.4801903E-4,2.0000000E+0,2.0000000E+0,5.0000000E+1,1.9800000E-2
0.0000000E+0,-1.4456700E-2,6.2960850E-2,2.4801903E-4,2.0000000E+0,2.0000000E+0,4.9999700E+1,1.9800000E-2
0.0000000E+0,-1.4405300E-2,6.2960850E-2,2.4801903E-4,2.0000000E+0,2.0000000E+0,4.9999800E+1,1.9800000E-2
0.0000000E+0,-1.4360300E-2,6.2960850E-2,2.4801903E-4,2.0000000E+0,2.0000000E+0,4.9999800E+1,1.9800000E-2
0.0000000E+0,-1.4309500E-2,6.2960850E-2,2.4801903E-4,2.0000000E+0,2.0000000E+0,4.9999700E+1,1.9800000E-2
0.0000000E+0,-1.4268500E-2,6.2960850E-2,2.4801903E-4,2.0000000E+0,2.0000000E+0,5.0000000E+1,1.9800000E-2
0.0000000E+0,-1.4202700E-2,6.2960850E-2,2.4801903E-4,2.0000000E+0,2.0000000E+0,5.0000100E+1,1.9800000E-2
0.0000000E+0,-1.4159300E-2,6.2960850E-2,2.4801903E-4,2.0000000E+0,2.0000000E+0,5.0000400E+1,1.9800000E-2
0.0000000E+0,-1.4110300E-2,6.2960850E-2,2.4801903E-4,2.0000000E+0,2.0000000E+0,5.0000100E+1,1.9800000E-2
0.0000000E+0,-1.4053400E-2,6.2960850E-2,2.4801903E-4,2.0000000E+0,2.0000000E+0,5.0000100E+1,1.9800000E-2
0.0000000E+0,-1.4009000E-2,6.2960850E-2,2.4801903E-4,2.0000000E+0,2.0000000E+0,5.0000500E+1,1.9800000E-2
0.0000000E+0,-1.3956500E-2,6.2960850E-2,2.4801903E-4,2.0000000E+0,2.0000000E+0,5.0000000E+1,1.9800000E-2
0.0000000E+0,-1.3907800E-2,6.2960850E-2,2.5089095E-4,2.0000000E+0,2.0000000E+0,5.0000200E+1,1.9800000E-2
0.0000000E+0,-1.3854800E-2,6.2960850E-2,2.4801903E-4,2.0000000E+0,2.0000000E+0,5.0000200E+1,1.9800000E-2
0.0000000E+0,-1.3801600E-2,6.2960850E-2,2.4801903E-4,2.0000000E+0,2.0000000E+0,5.0000300E+1,1.9800000E-2
0.0000000E+0,-1.3750600E-2,6.2960850E-2,2.4801903E-4,2.0000000E+0,2.0000000E+0,5.0000100E+1,1.9800000E-2
0.0000000E+0,-1.3708100E-2,6.2960850E-2,2.4801903E-4,2.0000000E+0,2.0000000E+0,5.0000300E+1,1.9800000E-2
0.0000000E+0,-1.3662700E-2,6.2960850E-2,2.4801903E-4,2.0000000E+0,2.0000000E+0,5.0000000E+1,1.9800000E-2
0.0000000E+0,-1.3614800E-2,6.2960850E-2,2.4801903E-4,2.0000000E+0,2.0000000E+0,5.0000200E+1,1.9800000E-2
0.0000000E+0,-1.3569300E-2,6.2960850E-2,2.4801903E-4,2.0000000E+0,2.0000000E+0,5.0000500E+1,1.9800000E-2
0.0000000E+0,-1.3502600E-2,6.2960850E-2,2.4801903E-4,2.0000000E+0,2.0000000E+0,5.0000500E+1,1.9800000E-2
0.0000000E+0,-1.3457200E-2,6.2960850E-2,2.4801903E-4,2.0000000E+0,2.0000000E+0,5.0000400E+1,1.9800000E-2
0.0000000E+0,-1.3410900E-2,6.2960850E-2,2.4801903E-4,2.0000000E+0,2.0000000E+0,5.0000500E+1,1.9800000E-2
0.0000000E+0,-1.3372800E-2,6.2960850E-2,2.4801903E-4,2.0000000E+0,2.0000000E+0,5.0000400E+1,1.9800000E-2
0.0000000E+0,-1.3313200E-2,6.2960850E-2,2.4801903E-4,2.0000000E+0,2.0000000E+0,5.0000500E+1,1.9800000E-2
0.0000000E+0,-1.3257100E-2,6.2960850E-2,2.4801903E-4,2.0000000E+0,2.0000000E+0,5.0000800E+1,1.9800000E-2
0.0000000E+0,-1.3198800E-2,6.2960850E-2,2.4801903E-4,2.0000000E+0,2.0000000E+0,5.0000300E+1,1.9800000E-2
0.0000000E+0,-1.3155400E-2,6.2960850E-2,2.4801903E-4,2.0000000E+0,2.0000000E+0,5.0000300E+1,1.9800000E-2
0.0000000E+0,-1.3112200E-2,6.2960850E-2,2.4801903E-4,2.0000000E+0,2.0000000E+0,5.0000400E+1,1.9800000E-2
0.0000000E+0,-1.3072000E-2,6.2960850E-2,2.4801903E-4,2.0000000E+0,2.0000000E+0,5.0000400E+1,1.9800000E-2
0.0000000E+0,-1.3098900E-2,6.2960850E-2,2.4801903E-4,2.0000000E+0,2.0000000E+0,5.0000500E+1,1.9800000E-2
0.0000000E+0,-1.2958800E-2,6.2960850E-2,2.4801903E-4,2.0000000E+0,2.0000000E+0,5.0000600E+1,1.9800000E-2
0.0000000E+0,-1.2927800E-2,6.2960850E-2,2.4801903E-4,2.0000000E+0,2.0000000E+0,5.0000800E+1,1.9800000E-2
0.0000000E+0,-1.2844400E-2,6.2960850E-2,2.4801903E-4,2.0000000E+0,2.0000000E+0,5.0000600E+1,1.9800000E-2
0.0000000E+0,-1.2744300E-2,6.2960850E-2,2.4801903E-4,2.0000000E+0,2.0000000E+0,5.0000500E+1,1.9800000E-2
0.0000000E+0,-1.2676700E-2,6.2960850E-2,2.4801903E-4,2.0000000E+0,2.0000000E+0,5.0000900E+1,1.9800000E-2
0.0000000E+0,-1.2656300E-2,6.2960850E-2,2.4801903E-4,2.0000000E+0,2.0000000E+0,5.0000600E+1,1.9800000E-2
0.0000000E+0,-1.2605500E-2,6.2960850E-2,2.4801903E-4,2.0000000E+0,2.0000000E+0,5.0000600E+1,1.9800000E-2
0.0000000E+0,-1.2608200E-2,6.2960850E-2,2.4801903E-4,2.0000000E+0,2.0000000E+0,5.0000100E+1,1.9800000E-2
0.0000000E+0,-1.2474600E-2,6.2960850E-2,2.4801903E-4,2.0000000E+0,2.0000000E+0,5.0000500E+1,1.9800000E-2
0.0000000E+0,-1.2453300E-2,6.2960850E-2,2.4801903E-4,2.0000000E+0,2.0000000E+0,5.0000500E+1,1.9800000E-2
0.0000000E+0,-1.2433400E-2,6.2960850E-2,2.4801903E-4,2.0000000E+0,2.0000000E+0,5.0000500E+1,1.9800000E-2
0.0000000E+0,-1.2360500E-2,6.2960850E-2,2.4801903E-4,2.0000000E+0,2.0000000E+0,5.0000700E+1,1.9800000E-2
0.0000000E+0,-1.2311300E-2,6.2960850E-2,2.4801903E-4,2.0000000E+0,2.0000000E+0,5.0000400E+1,1.9800000E-2
0.0000000E+0,-1.2290400E-2,6.2960850E-2,2.4801903E-4,2.0000000E+0,2.0000000E+0,5.0001000E+1,1.9800000E-2
0.0000000E+0,-1.2159200E-2,6.2960850E-2,2.4801903E-4,2.0000000E+0,2.0000000E+0,5.0000800E+1,1.9800000E-2
0.0000000E+0,-1.2186500E-2,6.2960850E-2,2.4801903E-4,2.0000000E+0,2.0000000E+0,5.0000900E+1,1.9800000E-2
0.0000000E+0,-1.2096300E-2,6.2960850E-2,2.4801903E-4,2.0000000E+0,2.0000000E+0,5.0000300E+1,1.9800000E-2
0.0000000E+0,-1.1996100E-2,6.2960850E-2,2.4801903E-4,2.0000000E+0,2.0000000E+0,5.0000600E+1,1.9800000E-2
0.0000000E+0,-1.2004700E-2,6.2960850E-2,2.4801903E-4,2.0000000E+0,2.0000000E+0,5.0000600E+1,1.9800000E-2
0.0000000E+0,-1.1902800E-2,6.2960850E-2,2.4801903E-4,2.0000000E+0,2.0000000E+0,5.0000400E+1,1.9800000E-2
0.0000000E+0,-1.1907700E-2,6.2960850E-2,2.4801903E-4,2.0000000E+0,2.0000000E+0,5.0000300E+1,1.9800000E-2
0.0000000E+0,-1.1714900E-2,6.2960850E-2,2.4801903E-4,2.0000000E+0,2.0000000E+0,5.0000600E+1,1.9800000E-2
0.0000000E+0,-1.1683200E-2,6.2960850E-2,2.4801903E-4,2.0000000E+0,2.0000000E+0,5.0000500E+1,1.9800000E-2
0.0000000E+0,-1.1706500E-2,6.2960850E-2,2.4801903E-4,2.0000000E+0,2.0000000E+0,5.0000600E+1,1.9800000E-2
0.0000000E+0,-1.1590300E-2,6.2960850E-2,2.4801903E-4,2.0000000E+0,2.0000000E+0,5.0000300E+1,1.9800000E-2
0.0000000E+0,-1.1583700E-2,6.2960850E-2,2.4801903E-4,2.0000000E+0,2.0000000E+0,5.0000400E+1,1.9800000E-2
0.0000000E+0,-1.1690300E-2,6.2960850E-2,2.4801903E-4,2.0000000E+0,2.0000000E+0,5.0000400E+1,1.9800000E-2
0.0000000E+0,-1.1516600E-2,6.2960850E-2,2.4801903E-4,2.0000000E+0,2.0000000E+0,5.0000300E+1,1.9800000E-2
0.0000000E+0,-1.1527600E-2,6.2960850E-2,2.4801903E-4,2.0000000E+0,2.0000000E+0,5.0000200E+1,1.9800000E-2
0.0000000E+0,-1.1422800E-2,6.2960850E-2,2.4801903E-4,2.0000000E+0,2.0000000E+0,5.0000500E+1,1.9800000E-2
0.0000000E+0,-1.1457800E-2,6.2960850E-2,2.4801903E-4,2.0000000E+0,2.0000000E+0,5.0000400E+1,1.9800000E-2
0.0000000E+0,-1.1276300E-2,6.2960850E-2,2.4801903E-4,2.0000000E+0,2.0000000E+0,5.0000000E+1,1.9800000E-2
0.0000000E+0,-1.1249500E-2,6.2960850E-2,2.4801903E-4,2.0000000E+0,2.0000000E+0,5.0000300E+1,1.9800000E-2
0.0000000E+0,-1.1211600E-2,6.2960850E-2,2.4801903E-4,2.0000000E+0,2.0000000E+0,5.0000300E+1,1.9800000E-2
0.0000000E+0,-1.1064700E-2,6.2960850E-2,2.4801903E-4,2.0000000E+0,2.0000000E+0,5.0000000E+1,1.9800000E-2
0.0000000E+0,-1.1054100E-2,6.2960850E-2,2.4801903E-4,2.0000000E+0,2.0000000E+0,5.0000200E+1,1.9800000E-2
0.0000000E+0,-1.1048900E-2,6.2960850E-2,2.4801903E-4,2.0000000E+0,2.0000000E+0,5.0000600E+1,1.9800000E-2
0.0000000E+0,-1.1045000E-2,6.2960850E-2,2.4801903E-4,2.0000000E+0,2.0000000E+0,5.0000700E+1,1.9800000E-2
0.0000000E+0,-1.0976500E-2,6.2960850E-2,2.4801903E-4,2.0000000E+0,2.0000000E+0,5.0000500E+1,1.9800000E-2
0.0000000E+0,-1.0806000E-2,6.2960850E-2,2.4801903E-4,2.0000000E+0,2.0000000E+0,5.0000400E+1,1.9800000E-2
0.0000000E+0,-1.0873000E-2,6.2960850E-2,2.5089095E-4,2.0000000E+0,2.0000000E+0,5.0000400E+1,1.9800000E-2
0.0000000E+0,-1.0748700E-2,6.2960850E-2,2.4801903E-4,2.0000000E+0,2.0000000E+0,5.0000300E+1,1.9800000E-2
0.0000000E+0,-1.0806000E-2,6.2960850E-2,2.4801903E-4,2.0000000E+0,2.0000000E+0,5.0000300E+1,1.9800000E-2
0.0000000E+0,-1.0849300E-2,6.2960850E-2,2.4801903E-4,2.0000000E+0,2.0000000E+0,5.0000500E+1,1.9800000E-2
0.0000000E+0,-1.0832700E-2,6.2960850E-2,2.5089095E-4,2.0000000E+0,2.0000000E+0,5.0000600E+1,1.9800000E-2
0.0000000E+0,-1.0567200E-2,6.2960850E-2,2.4801903E-4,2.0000000E+0,2.0000000E+0,5.0000000E+1,1.9800000E-2
0.0000000E+0,-1.0549400E-2,6.2960850E-2,2.4801903E-4,2.0000000E+0,2.0000000E+0,5.0000300E+1,1.9800000E-2
0.0000000E+0,-1.0611500E-2,6.2960850E-2,2.4801903E-4,2.0000000E+0,2.0000000E+0,5.0000300E+1,1.9800000E-2
0.0000000E+0,-1.0470800E-2,6.2960850E-2,2.4801903E-4,2.0000000E+0,2.0000000E+0,5.0000400E+1,1.9800000E-2
0.0000000E+0,-1.0337600E-2,6.2960850E-2,2.4801903E-4,2.0000000E+0,2.0000000E+0,5.0000800E+1,1.9800000E-2
0.0000000E+0,-1.0359500E-2,6.2960850E-2,2.4801903E-4,2.0000000E+0,2.0000000E+0,5.0000200E+1,1.9800000E-2
0.0000000E+0,-1.0501600E-2,6.2960850E-2,2.4801903E-4,2.0000000E+0,2.0000000E+0,5.0000500E+1,1.9800000E-2
0.0000000E+0,-1.0196200E-2,6.2960850E-2,2.4801903E-4,2.0000000E+0,2.0000000E+0,5.0000500E+1,1.9800000E-2
0.0000000E+0,-1.0157800E-2,6.2960850E-2,2.4801903E-4,2.0000000E+0,2.0000000E+0,5.0000800E+1,1.9800000E-2
0.0000000E+0,-1.0144500E-2,6.2960850E-2,2.4801903E-4,2.0000000E+0,2.0000000E+0,5.0000500E+1,1.9800000E-2
0.0000000E+0,-9.9535000E-3,6.2960850E-2,2.4801903E-4,2.0000000E+0,2.0000000E+0,5.0000100E+1,1.9800000E-2
0.0000000E+0,-1.0002300E-2,6.2960850E-2,2.4801903E-4,2.0000000E+0,2.0000000E+0,5.0000100E+1,1.9800000E-2
0.0000000E+0,-9.8383000E-3,6.2960850E-2,2.4801903E-4,2.0000000E+0,2.0000000E+0,5.0000300E+1,1.9800000E-2
0.0000000E+0,-9.8387000E-3,6.2960850E-2,2.4801903E-4,2.0000000E+0,2.0000000E+0,5.0000300E+1,1.9800000E-2
0.0000000E+0,-9.7605000E-3,6.2960850E-2,2.4801903E-4,2.0000000E+0,2.0000000E+0,5.0000400E+1,1.9800000E-2
0.0000000E+0,-9.8106000E-3,6.2960850E-2,2.4801903E-4,2.0000000E+0,2.0000000E+0,5.0000100E+1,1.9800000E-2
0.0000000E+0,-9.5812000E-3,6.2960850E-2,2.4801903E-4,2.0000000E+0,2.0000000E+0,5.0000200E+1,1.9800000E-2
0.0000000E+0,-9.5929000E-3,6.2960850E-2,2.4801903E-4,2.0000000E+0,2.0000000E+0,5.0000100E+1,1.9800000E-2
0.0000000E+0,-9.7290000E-3,6.2960850E-2,2.4801903E-4,2.0000000E+0,2.0000000E+0,5.0000300E+1,1.9800000E-2
0.0000000E+0,-9.4937000E-3,6.2960850E-2,2.4801903E-4,2.0000000E+0,2.0000000E+0,5.0000300E+1,1.9800000E-2
0.0000000E+0,-9.4381000E-3,6.2960850E-2,2.4801903E-4,2.0000000E+0,2.0000000E+0,5.0000400E+1,1.9800000E-2
0.0000000E+0,-9.4507000E-3,6.2960850E-2,2.4801903E-4,2.0000000E+0,2.0000000E+0,5.0000300E+1,1.9800000E-2
0.0000000E+0,-9.2971000E-3,6.2960850E-2,2.4801903E-4,2.0000000E+0,2.0000000E+0,5.0000200E+1,1.9800000E-2
0.0000000E+0,-9.2574000E-3,6.2960850E-2,2.4801903E-4,2.0000000E+0,2.0000000E+0,5.0000200E+1,1.9800000E-2
0.0000000E+0,-9.1961000E-3,6.2960850E-2,2.4801903E-4,2.0000000E+0,2.0000000E+0,5.0000000E+1,1.9800000E-2
0.0000000E+0,-9.1807000E-3,6.2960850E-2,2.4801903E-4,2.0000000E+0,2.0000000E+0,5.0000200E+1,1.9800000E-2
0.0000000E+0,-9.2140000E-3,6.2960850E-2,2.4801903E-4,2.0000000E+0,2.0000000E+0,5.0000400E+1,1.9800000E-2
0.0000000E+0,-9.0810000E-3,6.2960850E-2,2.4801903E-4,2.0000000E+0,2.0000000E+0,5.0000200E+1,1.9800000E-2
0.0000000E+0,-9.0644000E-3,6.2960850E-2,2.4801903E-4,2.0000000E+0,2.0000000E+0,5.0000200E+1,1.9800000E-2
0.0000000E+0,-8.9616000E-3,6.2960850E-2,2.4801903E-4,2.0000000E+0,2.0000000E+0,5.0000500E+1,1.9800000E-2
0.0000000E+0,-8.9224000E-3,6.2960850E-2,2.4801903E-4,2.0000000E+0,2.0000000E+0,5.0000000E+1,1.9800000E-2
0.0000000E+0,-8.8670000E-3,6.2960850E-2,2.4801903E-4,2.0000000E+0,2.0000000E+0,4.9999800E+1,1.9800000E-2
0.0000000E+0,-8.8166000E-3,6.2960850E-2,2.4801903E-4,2.0000000E+0,2.0000000E+0,4.9999900E+1,1.9800000E-2
0.0000000E+0,-8.7747000E-3,6.2960850E-2,2.4801903E-4,2.0000000E+0,2.0000000E+0,4.9999900E+1,1.9800000E-2
0.0000000E+0,-8.6715000E-3,6.2960850E-2,2.4801903E-4,2.0000000E+0,2.0000000E+0,4.9999900E+1,1.9800000E-2
0.0000000E+0,-8.6578000E-3,6.2960850E-2,2.4801903E-4,2.0000000E+0,2.0000000E+0,5.0000000E+1,1.9800000E-2
0.0000000E+0,-8.6207000E-3,6.2960850E-2,2.4801903E-4,2.0000000E+0,2.0000000E+0,5.0000200E+1,1.9800000E-2
0.0000000E+0,-8.5328000E-3,6.2960850E-2,2.4801903E-4,2.0000000E+0,2.0000000E+0,5.0000100E+1,1.9800000E-2
0.0000000E+0,-8.5343000E-3,6.2960850E-2,2.4801903E-4,2.0000000E+0,2.0000000E+0,5.0000100E+1,1.9800000E-2
0.0000000E+0,-8.5121000E-3,6.2960850E-2,2.4801903E-4,2.0000000E+0,2.0000000E+0,4.9999700E+1,1.9800000E-2
0.0000000E+0,-8.3994000E-3,6.2960850E-2,2.4801903E-4,2.0000000E+0,2.0000000E+0,5.0000000E+1,1.9800000E-2
0.0000000E+0,-8.3610000E-3,6.2960850E-2,2.4801903E-4,2.0000000E+0,2.0000000E+0,5.0000200E+1,1.9800000E-2
0.0000000E+0,-8.3295000E-3,6.2960850E-2,2.4801903E-4,2.0000000E+0,2.0000000E+0,5.0000300E+1,1.9800000E-2
0.0000000E+0,-8.3369000E-3,6.2960850E-2,2.4801903E-4,2.0000000E+0,2.0000000E+0,5.0000200E+1,1.9800000E-2
0.0000000E+0,-8.2715000E-3,6.2960850E-2,2.4801903E-4,2.0000000E+0,2.0000000E+0,5.0000400E+1,1.9800000E-2
0.0000000E+0,-8.1396000E-3,6.2960850E-2,2.4801903E-4,2.0000000E+0,2.0000000E+0,5.0000000E+1,1.9800000E-2
0.0000000E+0,-8.1203000E-3,6.2960850E-2,2.4801903E-4,2.0000000E+0,2.0000000E+0,5.0000000E+1,1.9800000E-2
0.0000000E+0,-8.0658000E-3,6.2960850E-2,2.4801903E-4,2.0000000E+0,2.0000000E+0,5.0000000E+1,1.9800000E-2
0.0000000E+0,-8.0053000E-3,6.2960850E-2,2.4801903E-4,2.0000000E+0,2.0000000E+0,5.0000000E+1,1.9800000E-2
0.0000000E+0,-7.9550000E-3,6.2960850E-2,2.4801903E-4,2.0000000E+0,2.0000000E+0,5.0000500E+1,1.9800000E-2
0.0000000E+0,-7.9244000E-3,6.2960850E-2,2.4801903E-4,2.0000000E+0,2.0000000E+0,5.0000300E+1,1.9800000E-2
0.0000000E+0,-7.8604000E-3,6.2960850E-2,2.4801903E-4,2.0000000E+0,2.0000000E+0,5.0000200E+1,1.9800000E-2
0.0000000E+0,-7.8387000E-3,6.2960850E-2,2.4801903E-4,2.0000000E+0,2.0000000E+0,5.0000000E+1,1.9800000E-2
0.0000000E+0,-7.7318000E-3,6.2960850E-2,2.4801903E-4,2.0000000E+0,2.0000000E+0,4.9999900E+1,1.9800000E-2
0.0000000E+0,-7.6673000E-3,6.2960850E-2,2.4801903E-4,2.0000000E+0,2.0000000E+0,5.0000200E+1,1.9800000E-2
0.0000000E+0,-7.6948000E-3,6.2960850E-2,2.4801903E-4,2.0000000E+0,2.0000000E+0,5.0000100E+1,1.9800000E-2
0.0000000E+0,-7.5962000E-3,6.2960850E-2,2.4801903E-4,2.0000000E+0,2.0000000E+0,5.0000100E+1,1.9800000E-2
0.0000000E+0,-7.5607000E-3,6.2960850E-2,2.4801903E-4,2.0000000E+0,2.0000000E+0,5.0000100E+1,1.9800000E-2
0.0000000E+0,-7.5153000E-3,6.2960850E-2,2.4801903E-4,2.0000000E+0,2.0000000E+0,5.0000000E+1,1.9800000E-2
0.0000000E+0,-7.4714000E-3,6.2960850E-2,2.4801903E-4,2.0000000E+0,2.0000000E+0,5.0000200E+1,1.9800000E-2
0.0000000E+0,-7.3976000E-3,6.2960850E-2,2.4801903E-4,2.0000000E+0,2.0000000E+0,4.9999400E+1,1.9800000E-2
0.0000000E+0,-7.3702000E-3,6.2960850E-2,2.4801903E-4,2.0000000E+0,2.0000000E+0,4.9999700E+1,1.9800000E-2
0.0000000E+0,-7.3269000E-3,6.2960850E-2,2.4801903E-4,2.0000000E+0,2.0000000E+0,5.0000000E+1,1.9800000E-2
0.0000000E+0,-7.2660000E-3,6.2960850E-2,2.4801903E-4,2.0000000E+0,2.0000000E+0,5.0000000E+1,1.9800000E-2
0.0000000E+0,-7.2233000E-3,6.2960850E-2,2.4801903E-4,2.0000000E+0,2.0000000E+0,4.9999900E+1,1.9800000E-2
0.0000000E+0,-7.1658000E-3,6.2960850E-2,2.4801903E-4,2.0000000E+0,2.0000000E+0,4.9999700E+1,1.9800000E-2
0.0000000E+0,-7.1142000E-3,6.2960850E-2,2.4801903E-4,2.0000000E+0,2.0000000E+0,4.9999800E+1,1.9800000E-2
0.0000000E+0,-7.0686000E-3,6.2960850E-2,2.4801903E-4,2.0000000E+0,2.0000000E+0,4.9999500E+1,1.9800000E-2
0.0000000E+0,-7.0101000E-3,6.2960850E-2,2.4801903E-4,2.0000000E+0,2.0000000E+0,4.9999900E+1,1.9800000E-2
0.0000000E+0,-6.9595000E-3,6.2960850E-2,2.4801903E-4,2.0000000E+0,2.0000000E+0,4.9999600E+1,1.9800000E-2
0.0000000E+0,-6.9232000E-3,6.2960850E-2,2.4801903E-4,2.0000000E+0,2.0000000E+0,4.9999800E+1,1.9800000E-2
0.0000000E+0,-6.8567000E-3,6.2960850E-2,2.4801903E-4,2.0000000E+0,2.0000000E+0,4.9999800E+1,1.9800000E-2
0.0000000E+0,-6.8073000E-3,6.2960850E-2,2.4801903E-4,2.0000000E+0,2.0000000E+0,5.0000000E+1,1.9800000E-2
0.0000000E+0,-6.7452000E-3,6.2960850E-2,2.4801903E-4,2.0000000E+0,2.0000000E+0,4.9999800E+1,1.9800000E-2
0.0000000E+0,-6.7080000E-3,6.2960850E-2,2.4801903E-4,2.0000000E+0,2.0000000E+0,4.9999700E+1,1.9800000E-2
0.0000000E+0,-6.6548000E-3,6.2960850E-2,2.4801903E-4,2.0000000E+0,2.0000000E+0,4.9999700E+1,1.9800000E-2
0.0000000E+0,-6.6154000E-3,6.2960850E-2,2.5089095E-4,2.0000000E+0,2.0000000E+0,5.0000000E+1,1.9800000E-2
0.0000000E+0,-6.5600000E-3,6.2960850E-2,2.4801903E-4,2.0000000E+0,2.0000000E+0,5.0000000E+1,1.9800000E-2
0.0000000E+0,-6.5114000E-3,6.2960850E-2,2.4801903E-4,2.0000000E+0,2.0000000E+0,4.9999600E+1,1.9800000E-2
0.0000000E+0,-6.4584000E-3,6.2960850E-2,2.4801903E-4,2.0000000E+0,2.0000000E+0,4.9999600E+1,1.9800000E-2
0.0000000E+0,-6.4101000E-3,6.2960850E-2,2.4801903E-4,2.0000000E+0,2.0000000E+0,4.9999400E+1,1.9800000E-2
0.0000000E+0,-6.3521000E-3,6.2960850E-2,2.4801903E-4,2.0000000E+0,2.0000000E+0,4.9999400E+1,1.9800000E-2
0.0000000E+0,-6.2980000E-3,6.2960850E-2,2.4801903E-4,2.0000000E+0,2.0000000E+0,4.9999900E+1,1.9800000E-2
0.0000000E+0,-6.2510000E-3,6.2960850E-2,2.4801903E-4,2.0000000E+0,2.0000000E+0,4.9999700E+1,1.9800000E-2
0.0000000E+0,-6.2047000E-3,6.2960850E-2,2.4801903E-4,2.0000000E+0,2.0000000E+0,4.9999800E+1,1.9800000E-2
0.0000000E+0,-6.1586000E-3,6.2960850E-2,2.4801903E-4,2.0000000E+0,2.0000000E+0,4.9999600E+1,1.9800000E-2
0.0000000E+0,-6.1054000E-3,6.2960850E-2,2.4801903E-4,2.0000000E+0,2.0000000E+0,4.9999900E+1,1.9800000E-2
0.0000000E+0,-6.0569000E-3,6.2960850E-2,2.4801903E-4,2.0000000E+0,2.0000000E+0,5.0000200E+1,1.9800000E-2
0.0000000E+0,-6.0059000E-3,6.2960850E-2,2.4801903E-4,2.0000000E+0,2.0000000E+0,5.0000300E+1,1.9800000E-2
0.0000000E+0,-5.9545000E-3,6.2960850E-2,2.4801903E-4,2.0000000E+0,2.0000000E+0,5.0000100E+1,1.9800000E-2
0.0000000E+0,-5.9035000E-3,6.2960850E-2,2.4801903E-4,2.0000000E+0,2.0000000E+0,4.9999800E+1,1.9800000E-2
0.0000000E+0,-5.8559000E-3,6.2960850E-2,2.4801903E-4,2.0000000E+0,2.0000000E+0,4.9999500E+1,1.9800000E-2
0.0000000E+0,-5.8072000E-3,6.2960850E-2,2.4801903E-4,2.0000000E+0,2.0000000E+0,5.0000200E+1,1.9800000E-2
0.0000000E+0,-5.7588000E-3,6.2960850E-2,2.4801903E-4,2.0000000E+0,2.0000000E+0,5.0000000E+1,1.9800000E-2
0.0000000E+0,-5.7047000E-3,6.2960850E-2,2.4801903E-4,2.0000000E+0,2.0000000E+0,4.9999900E+1,1.9800000E-2
0.0000000E+0,-5.6631000E-3,6.2960850E-2,2.4801903E-4,2.0000000E+0,2.0000000E+0,4.9999800E+1,1.9800000E-2
0.0000000E+0,-5.6044000E-3,6.2960850E-2,2.4801903E-4,2.0000000E+0,2.0000000E+0,5.0000200E+1,1.9800000E-2
0.0000000E+0,-5.5609000E-3,6.2960850E-2,2.4801903E-4,2.0000000E+0,2.0000000E+0,5.0000000E+1,1.9800000E-2
0.0000000E+0,-5.5099000E-3,6.2960850E-2,2.4801903E-4,2.0000000E+0,2.0000000E+0,5.0000300E+1,1.9800000E-2
0.0000000E+0,-5.4514000E-3,6.2960850E-2,2.4801903E-4,2.0000000E+0,2.0000000E+0,4.9999600E+1,1.9800000E-2
0.0000000E+0,-5.4062000E-3,6.2960850E-2,2.4801903E-4,2.0000000E+0,2.0000000E+0,4.9999700E+1,1.9800000E-2
0.0000000E+0,-5.3588000E-3,6.2960850E-2,2.4801903E-4,2.0000000E+0,2.0000000E+0,4.9999500E+1,1.9800000E-2
0.0000000E+0,-5.3045000E-3,6.2960850E-2,2.5089095E-4,2.0000000E+0,2.0000000E+0,4.9999600E+1,1.9800000E-2
0.0000000E+0,-5.2604000E-3,6.2960850E-2,2.5089095E-4,2.0000000E+0,2.0000000E+0,4.9999700E+1,1.9800000E-2
0.0000000E+0,-5.2061000E-3,6.2960850E-2,2.4801903E-4,2.0000000E+0,2.0000000E+0,4.9999600E+1,1.9800000E-2
0.0000000E+0,-5.1572000E-3,6.2960850E-2,2.4801903E-4,2.0000000E+0,2.0000000E+0,4.9999200E+1,1.9800000E-2
0.0000000E+0,-5.1106000E-3,6.2960850E-2,2.4801903E-4,2.0000000E+0,2.0000000E+0,4.9999700E+1,1.9800000E-2
0.0000000E+0,-5.0596000E-3,6.2960850E-2,2.4801903E-4,2.0000000E+0,2.0000000E+0,4.9999600E+1,1.9800000E-2
0.0000000E+0,-5.0034000E-3,6.2960850E-2,2.5089095E-4,2.0000000E+0,2.0000000E+0,4.9999600E+1,1.9800000E-2
0.0000000E+0,-4.9599000E-3,6.2960850E-2,2.4801903E-4,2.0000000E+0,2.0000000E+0,4.9999400E+1,1.9800000E-2
0.0000000E+0,-4.9059000E-3,6.2960850E-2,2.5089095E-4,2.0000000E+0,2.0000000E+0,4.9999700E+1,1.9800000E-2
0.0000000E+0,-4.8506000E-3,6.2960850E-2,2.4801903E-4,2.0000000E+0,2.0000000E+0,4.9999800E+1,1.9800000E-2
0.0000000E+0,-4.8074000E-3,6.2960850E-2,2.4801903E-4,2.0000000E+0,2.0000000E+0,4.9999500E+1,1.9800000E-2
0.0000000E+0,-4.7591000E-3,6.2960850E-2,2.4801903E-4,2.0000000E+0,2.0000000E+0,4.9999900E+1,1.9800000E-2
0.0000000E+0,-4.7057000E-3,6.2960850E-2,2.4801903E-4,2.0000000E+0,2.0000000E+0,4.9999500E+1,1.9800000E-2
0.0000000E+0,-4.6583000E-3,6.2960850E-2,2.4801903E-4,2.0000000E+0,2.0000000E+0,4.9999900E+1,1.9800000E-2
0.0000000E+0,-4.6067000E-3,6.2960850E-2,2.4801903E-4,2.0000000E+0,2.0000000E+0,5.0000000E+1,1.9800000E-2
0.0000000E+0,-4.5552000E-3,6.2960850E-2,2.4801903E-4,2.0000000E+0,2.0000000E+0,4.9999800E+1,1.9800000E-2
0.0000000E+0,-4.5023000E-3,6.2960850E-2,2.4801903E-4,2.0000000E+0,2.0000000E+0,5.0000200E+1,1.9800000E-2
0.0000000E+0,-4.4568000E-3,6.2960850E-2,2.4801903E-4,2.0000000E+0,2.0000000E+0,5.0000200E+1,1.9800000E-2
0.0000000E+0,-4.4034000E-3,6.2960850E-2,2.4801903E-4,2.0000000E+0,2.0000000E+0,4.9999900E+1,1.9800000E-2
0.0000000E+0,-4.3542000E-3,6.2960850E-2,2.4801903E-4,2.0000000E+0,2.0000000E+0,5.0000100E+1,1.9800000E-2
0.0000000E+0,-4.3084000E-3,6.2960850E-2,2.4801903E-4,2.0000000E+0,2.0000000E+0,5.0000100E+1,1.9800000E-2
0.0000000E+0,-4.2587000E-3,6.2960850E-2,2.4801903E-4,2.0000000E+0,2.0000000E+0,5.0000000E+1,1.9800000E-2
0.0000000E+0,-4.2087000E-3,6.2960850E-2,2.4801903E-4,2.0000000E+0,2.0000000E+0,5.0000100E+1,1.9800000E-2
0.0000000E+0,-4.1541000E-3,6.2960850E-2,2.4801903E-4,2.0000000E+0,2.0000000E+0,5.0000200E+1,1.9800000E-2
0.0000000E+0,-4.1083000E-3,6.2960850E-2,2.4801903E-4,2.0000000E+0,2.0000000E+0,5.0000200E+1,1.9800000E-2
0.0000000E+0,-4.0579000E-3,6.2960850E-2,2.4801903E-4,2.0000000E+0,2.0000000E+0,5.0000400E+1,1.9800000E-2
0.0000000E+0,-4.0083000E-3,6.2960850E-2,2.4801903E-4,2.0000000E+0,2.0000000E+0,4.9999700E+1,1.9800000E-2
0.0000000E+0,-3.9553000E-3,6.2960850E-2,2.4801903E-4,2.0000000E+0,2.0000000E+0,5.0000000E+1,1.9800000E-2
0.0000000E+0,-3.8984000E-3,6.2960850E-2,2.4801903E-4,2.0000000E+0,2.0000000E+0,5.0000000E+1,1.9800000E-2
0.0000000E+0,-3.8572000E-3,6.2960850E-2,2.4801903E-4,2.0000000E+0,2.0000000E+0,4.9999800E+1,1.9800000E-2
0.0000000E+0,-3.8038000E-3,6.2960850E-2,2.4801903E-4,2.0000000E+0,2.0000000E+0,4.9999900E+1,1.9800000E-2
0.0000000E+0,-3.7557000E-3,6.2960850E-2,2.4801903E-4,2.0000000E+0,2.0000000E+0,5.0000000E+1,1.9800000E-2
0.0000000E+0,-3.7069000E-3,6.2960850E-2,2.4801903E-4,2.0000000E+0,2.0000000E+0,5.0000100E+1,1.9800000E-2
0.0000000E+0,-3.6559000E-3,6.2960850E-2,2.4801903E-4,2.0000000E+0,2.0000000E+0,5.0000100E+1,1.9800000E-2
0.0000000E+0,-3.6052000E-3,6.2960850E-2,2.4801903E-4,2.0000000E+0,2.0000000E+0,5.0000200E+1,1.9800000E-2
0.0000000E+0,-3.5575000E-3,6.2960850E-2,2.4801903E-4,2.0000000E+0,2.0000000E+0,5.0000100E+1,1.9800000E-2
0.0000000E+0,-3.5108000E-3,6.2960850E-2,2.4801903E-4,2.0000000E+0,2.0000000E+0,5.0000000E+1,1.9800000E-2
0.0000000E+0,-3.4569000E-3,6.2960850E-2,2.4801903E-4,2.0000000E+0,2.0000000E+0,4.9999700E+1,1.9800000E-2
0.0000000E+0,-3.4069000E-3,6.2960850E-2,2.4801903E-4,2.0000000E+0,2.0000000E+0,4.9999600E+1,1.9800000E-2
0.0000000E+0,-3.3530000E-3,6.2960850E-2,2.4801903E-4,2.0000000E+0,2.0000000E+0,4.9999800E+1,1.9800000E-2
0.0000000E+0,-3.3080000E-3,6.2960850E-2,2.4801903E-4,2.0000000E+0,2.0000000E+0,4.9999600E+1,1.9800000E-2
0.0000000E+0,-3.2542000E-3,6.2960850E-2,2.4801903E-4,2.0000000E+0,2.0000000E+0,4.9999800E+1,1.9800000E-2
0.0000000E+0,-3.2069000E-3,6.2960850E-2,2.4801903E-4,2.0000000E+0,2.0000000E+0,5.0000100E+1,1.9800000E-2
0.0000000E+0,-3.1620000E-3,6.2960850E-2,2.4801903E-4,2.0000000E+0,2.0000000E+0,5.0000200E+1,1.9800000E-2
0.0000000E+0,-3.1075000E-3,6.2960850E-2,2.4801903E-4,2.0000000E+0,2.0000000E+0,4.9999400E+1,1.9800000E-2
0.0000000E+0,-3.0572000E-3,6.2960850E-2,2.4801903E-4,2.0000000E+0,2.0000000E+0,4.9999600E+1,1.9800000E-2
0.0000000E+0,-3.0077000E-3,6.2960850E-2,2.4801903E-4,2.0000000E+0,2.0000000E+0,5.0000000E+1,1.9800000E-2
0.0000000E+0,-2.9572000E-3,6.2960850E-2,2.4801903E-4,2.0000000E+0,2.0000000E+0,5.0000100E+1,1.9800000E-2
0.0000000E+0,-2.9087000E-3,6.2960850E-2,2.4801903E-4,2.0000000E+0,2.0000000E+0,5.0000000E+1,1.9800000E-2
0.0000000E+0,-2.8595000E-3,6.2960850E-2,2.4801903E-4,2.0000000E+0,2.0000000E+0,5.0000100E+1,1.9800000E-2
0.0000000E+0,-2.8072000E-3,6.2960850E-2,2.4801903E-4,2.0000000E+0,2.0000000E+0,4.9999900E+1,1.9800000E-2
0.0000000E+0,-2.7582000E-3,6.2960850E-2,2.4801903E-4,2.0000000E+0,2.0000000E+0,5.0000000E+1,1.9800000E-2
0.0000000E+0,-2.7023000E-3,6.2960850E-2,2.4801903E-4,2.0000000E+0,2.0000000E+0,5.0000100E+1,1.9800000E-2
0.0000000E+0,-2.6518000E-3,6.2960850E-2,2.4801903E-4,2.0000000E+0,2.0000000E+0,4.9999800E+1,1.9800000E-2
0.0000000E+0,-2.6122000E-3,6.2960850E-2,2.4801903E-4,2.0000000E+0,2.0000000E+0,4.9999800E+1,1.9800000E-2
0.0000000E+0,-2.5630000E-3,6.2960850E-2,2.4801903E-4,2.0000000E+0,2.0000000E+0,5.0000100E+1,1.9800000E-2
0.0000000E+0,-2.5033000E-3,6.2960850E-2,2.4801903E-4,2.0000000E+0,2.0000000E+0,4.9999800E+1,1.9800000E-2
0.0000000E+0,-2.4592000E-3,6.2960850E-2,2.4801903E-4,2.0000000E+0,2.0000000E+0,4.9999800E+1,1.9800000E-2
0.0000000E+0,-2.4065000E-3,6.2960850E-2,2.4801903E-4,2.0000000E+0,2.0000000E+0,5.0000100E+1,1.9800000E-2
0.0000000E+0,-2.3548000E-3,6.2960850E-2,2.4801903E-4,2.0000000E+0,2.0000000E+0,4.9999700E+1,1.9800000E-2
0.0000000E+0,-2.3099000E-3,6.2960850E-2,2.4801903E-4,2.0000000E+0,2.0000000E+0,4.9999600E+1,1.9800000E-2
0.0000000E+0,-2.2564000E-3,6.2960850E-2,2.4801903E-4,2.0000000E+0,2.0000000E+0,4.9999800E+1,1.9800000E-2
0.0000000E+0,-2.2071000E-3,6.2960850E-2,2.4801903E-4,2.0000000E+0,2.0000000E+0,4.9999300E+1,1.9800000E-2
0.0000000E+0,-2.1598000E-3,6.2960850E-2,2.4801903E-4,2.0000000E+0,2.0000000E+0,4.9999400E+1,1.9800000E-2
0.0000000E+0,-2.1111000E-3,6.2960850E-2,2.4801903E-4,2.0000000E+0,2.0000000E+0,4.9999800E+1,1.9800000E-2
0.0000000E+0,-2.0585000E-3,6.2960850E-2,2.4801903E-4,2.0000000E+0,2.0000000E+0,4.9999100E+1,1.9800000E-2
0.0000000E+0,-2.0127000E-3,6.2960850E-2,2.4801903E-4,2.0000000E+0,2.0000000E+0,4.9999300E+1,1.9800000E-2
0.0000000E+0,-1.9584000E-3,6.2960850E-2,2.4801903E-4,2.0000000E+0,2.0000000E+0,4.9999900E+1,1.9800000E-2
0.0000000E+0,-1.9057000E-3,6.2960850E-2,2.4801903E-4,2.0000000E+0,2.0000000E+0,5.0000200E+1,1.9800000E-2
0.0000000E+0,-1.8607000E-3,6.2960850E-2,2.4801903E-4,2.0000000E+0,2.0000000E+0,4.9999500E+1,1.9800000E-2
0.0000000E+0,-1.8044000E-3,6.2960850E-2,2.4801903E-4,2.0000000E+0,2.0000000E+0,4.9999200E+1,1.9800000E-2
0.0000000E+0,-1.7585000E-3,6.2960850E-2,2.4801903E-4,2.0000000E+0,2.0000000E+0,4.9999100E+1,1.9800000E-2
0.0000000E+0,-1.7004000E-3,6.2960850E-2,2.4801903E-4,2.0000000E+0,2.0000000E+0,4.9999200E+1,1.9800000E-2
0.0000000E+0,-1.6577000E-3,6.2960850E-2,2.4801903E-4,2.0000000E+0,2.0000000E+0,4.9999300E+1,1.9800000E-2
0.0000000E+0,-1.6182000E-3,6.2960850E-2,2.4801903E-4,2.0000000E+0,2.0000000E+0,4.9999500E+1,1.9800000E-2
0.0000000E+0,-1.5606000E-3,6.2960850E-2,2.4801903E-4,2.0000000E+0,2.0000000E+0,4.9999700E+1,1.9800000E-2
0.0000000E+0,-1.5118000E-3,6.2960850E-2,2.4801903E-4,2.0000000E+0,2.0000000E+0,4.9999600E+1,1.9800000E-2
0.0000000E+0,-1.4547000E-3,6.2960850E-2,2.4801903E-4,2.0000000E+0,2.0000000E+0,4.9999300E+1,1.9800000E-2
0.0000000E+0,-1.4079000E-3,6.2960850E-2,2.5089095E-4,2.0000000E+0,2.0000000E+0,4.9999900E+1,1.9800000E-2
0.0000000E+0,-1.3685000E-3,6.2960850E-2,2.4801903E-4,2.0000000E+0,2.0000000E+0,5.0000000E+1,1.9800000E-2
0.0000000E+0,-1.3222000E-3,6.2960850E-2,2.4801903E-4,2.0000000E+0,2.0000000E+0,5.0000000E+1,1.9800000E-2
0.0000000E+0,-1.2656000E-3,6.2960850E-2,2.4801903E-4,2.0000000E+0,2.0000000E+0,5.0000000E+1,1.9800000E-2
0.0000000E+0,-1.2067000E-3,6.2960850E-2,2.4801903E-4,2.0000000E+0,2.0000000E+0,4.9999900E+1,1.9800000E-2
0.0000000E+0,-1.1515000E-3,6.2960850E-2,2.4801903E-4,2.0000000E+0,2.0000000E+0,5.0000000E+1,1.9800000E-2
0.0000000E+0,-1.1101000E-3,6.2960850E-2,2.4801903E-4,2.0000000E+0,2.0000000E+0,4.9999600E+1,1.9800000E-2
0.0000000E+0,-1.0626000E-3,6.2960850E-2,2.4801903E-4,2.0000000E+0,2.0000000E+0,4.9999600E+1,1.9800000E-2
0.0000000E+0,-1.0108000E-3,6.2960850E-2,2.4801903E-4,2.0000000E+0,2.0000000E+0,4.9999900E+1,1.9800000E-2
0.0000000E+0,-9.5690000E-4,6.2960850E-2,2.4801903E-4,2.0000000E+0,2.0000000E+0,4.9999800E+1,1.9800000E-2
0.0000000E+0,-9.0990000E-4,6.2960850E-2,2.4801903E-4,2.0000000E+0,2.0000000E+0,5.0000000E+1,1.9800000E-2
0.0000000E+0,-8.5470000E-4,6.2960850E-2,2.4801903E-4,2.0000000E+0,2.0000000E+0,4.9999700E+1,1.9800000E-2
0.0000000E+0,-8.0510000E-4,6.2960850E-2,2.4801903E-4,2.0000000E+0,2.0000000E+0,5.0000000E+1,1.9800000E-2
0.0000000E+0,-7.5950000E-4,6.2960850E-2,2.4801903E-4,2.0000000E+0,2.0000000E+0,4.9999900E+1,1.9800000E-2
0.0000000E+0,-7.0470000E-4,6.2960850E-2,2.4801903E-4,2.0000000E+0,2.0000000E+0,5.0000100E+1,1.9800000E-2
0.0000000E+0,-6.5490000E-4,6.2960850E-2,2.4801903E-4,2.0000000E+0,2.0000000E+0,5.0000100E+1,1.9800000E-2
0.0000000E+0,-6.1140000E-4,6.2960850E-2,2.4801903E-4,2.0000000E+0,2.0000000E+0,5.0000200E+1,1.9800000E-2
0.0000000E+0,-5.5630000E-4,6.2960850E-2,2.4801903E-4,2.0000000E+0,2.0000000E+0,5.0000700E+1,1.9800000E-2
0.0000000E+0,-5.0860000E-4,6.2960850E-2,2.4801903E-4,2.0000000E+0,2.0000000E+0,5.0000100E+1,1.9800000E-2
0.0000000E+0,-4.5610000E-4,6.2960850E-2,2.4801903E-4,2.0000000E+0,2.0000000E+0,5.0000000E+1,1.9800000E-2
0.0000000E+0,-4.0620000E-4,6.2960850E-2,2.4801903E-4,2.0000000E+0,2.0000000E+0,5.0000600E+1,1.9800000E-2
0.0000000E+0,-3.5640000E-4,6.2960850E-2,2.4801903E-4,2.0000000E+0,2.0000000E+0,5.0000500E+1,1.9800000E-2
0.0000000E+0,-3.1270000E-4,6.2960850E-2,2.4801903E-4,2.0000000E+0,2.0000000E+0,5.0000600E+1,1.9800000E-2
0.0000000E+0,-2.5820000E-4,6.2960850E-2,2.4801903E-4,2.0000000E+0,2.0000000E+0,5.0000100E+1,1.9800000E-2
0.0000000E+0,-2.0880000E-4,6.2960850E-2,2.4801903E-4,2.0000000E+0,2.0000000E+0,4.9999800E+1,1.9800000E-2
0.0000000E+0,-1.5330000E-4,6.2960850E-2,2.4801903E-4,2.0000000E+0,2.0000000E+0,5.0000000E+1,1.9800000E-2
0.0000000E+0,-1.1020000E-4,6.2960850E-2,2.4801903E-4,2.0000000E+0,2.0000000E+0,5.0000600E+1,1.9800000E-2
0.0000000E+0,-5.9800000E-5,6.2960850E-2,2.4801903E-4,2.0000000E+0,2.0000000E+0,5.0000200E+1,1.9800000E-2
0.0000000E+0,-4.0000000E-6,6.2960850E-2,2.4801903E-4,2.0000000E+0,2.0000000E+0,5.0000100E+1,1.9800000E-2
0.0000000E+0,3.9200000E-5,6.2960850E-2,2.4801903E-4,2.0000000E+0,2.0000000E+0,5.0000100E+1,1.9800000E-2
0.0000000E+0,9.5700000E-5,6.2960850E-2,2.4801903E-4,2.0000000E+0,2.0000000E+0,4.9999700E+1,1.9800000E-2
0.0000000E+0,1.4160000E-4,6.2960850E-2,2.4801903E-4,2.0000000E+0,2.0000000E+0,5.0000400E+1,1.9800000E-2
0.0000000E+0,1.9530000E-4,6.2960850E-2,2.4801903E-4,2.0000000E+0,2.0000000E+0,5.0000500E+1,1.9800000E-2
0.0000000E+0,2.4460000E-4,6.2960850E-2,2.4801903E-4,2.0000000E+0,2.0000000E+0,5.0000100E+1,1.9800000E-2
0.0000000E+0,2.9430000E-4,6.2960850E-2,2.5089095E-4,2.0000000E+0,2.0000000E+0,5.0000100E+1,1.9800000E-2
0.0000000E+0,3.4150000E-4,6.2960850E-2,2.4801903E-4,2.0000000E+0,2.0000000E+0,5.0000200E+1,1.9800000E-2
0.0000000E+0,3.9090000E-4,6.2960850E-2,2.4801903E-4,2.0000000E+0,2.0000000E+0,5.0000100E+1,1.9800000E-2
0.0000000E+0,4.4010000E-4,6.2960850E-2,2.4801903E-4,2.0000000E+0,2.0000000E+0,5.0000000E+1,1.9800000E-2
0.0000000E+0,4.9290000E-4,6.2960850E-2,2.4801903E-4,2.0000000E+0,2.0000000E+0,5.0000200E+1,1.9800000E-2
0.0000000E+0,5.4270000E-4,6.2960850E-2,2.4801903E-4,2.0000000E+0,2.0000000E+0,5.0000000E+1,1.9800000E-2
0.0000000E+0,5.9730000E-4,6.2960850E-2,2.4801903E-4,2.0000000E+0,2.0000000E+0,5.0000500E+1,1.9800000E-2
0.0000000E+0,6.4620000E-4,6.2960850E-2,2.4801903E-4,2.0000000E+0,2.0000000E+0,5.0000500E+1,1.9800000E-2
0.0000000E+0,6.9170000E-4,6.2960850E-2,2.4801903E-4,2.0000000E+0,2.0000000E+0,5.0000300E+1,1.9800000E-2
0.0000000E+0,7.4350000E-4,6.2960850E-2,2.4801903E-4,2.0000000E+0,2.0000000E+0,5.0000400E+1,1.9800000E-2
0.0000000E+0,7.8600000E-4,6.2960850E-2,2.4801903E-4,2.0000000E+0,2.0000000E+0,5.0000300E+1,1.9800000E-2
0.0000000E+0,8.3820000E-4,6.2960850E-2,2.4801903E-4,2.0000000E+0,2.0000000E+0,5.0000100E+1,1.9800000E-2
0.0000000E+0,8.9130000E-4,6.2960850E-2,2.4801903E-4,2.0000000E+0,2.0000000E+0,4.9999700E+1,1.9800000E-2
0.0000000E+0,9.4380000E-4,6.2960850E-2,2.4801903E-4,2.0000000E+0,2.0000000E+0,5.0000400E+1,1.9800000E-2
0.0000000E+0,9.9390000E-4,6.2960850E-2,2.4801903E-4,2.0000000E+0,2.0000000E+0,5.0000600E+1,1.9800000E-2
0.0000000E+0,1.0427000E-3,6.2960850E-2,2.4801903E-4,2.0000000E+0,2.0000000E+0,5.0000400E+1,1.9800000E-2
0.0000000E+0,1.0926000E-3,6.2960850E-2,2.4801903E-4,2.0000000E+0,2.0000000E+0,5.0000300E+1,1.9800000E-2
0.0000000E+0,1.1411000E-3,6.2960850E-2,2.4801903E-4,2.0000000E+0,2.0000000E+0,5.0000200E+1,1.9800000E-2
0.0000000E+0,1.1929000E-3,6.2960850E-2,2.5089095E-4,2.0000000E+0,2.0000000E+0,5.0000200E+1,1.9800000E-2
0.0000000E+0,1.2433000E-3,6.2960850E-2,2.4801903E-4,2.0000000E+0,2.0000000E+0,5.0000200E+1,1.9800000E-2
0.0000000E+0,1.2958000E-3,6.2960850E-2,2.4801903E-4,2.0000000E+0,2.0000000E+0,5.0000400E+1,1.9800000E-2
0.0000000E+0,1.3428000E-3,6.2960850E-2,2.4801903E-4,2.0000000E+0,2.0000000E+0,5.0000000E+1,1.9800000E-2
0.0000000E+0,1.3904000E-3,6.2960850E-2,2.4801903E-4,2.0000000E+0,2.0000000E+0,5.0000000E+1,1.9800000E-2
0.0000000E+0,1.4449000E-3,6.2960850E-2,2.4801903E-4,2.0000000E+0,2.0000000E+0,5.0000100E+1,1.9800000E-2
0.0000000E+0,1.4926000E-3,6.2960850E-2,2.4801903E-4,2.0000000E+0,2.0000000E+0,5.0000500E+1,1.9800000E-2
0.0000000E+0,1.5453000E-3,6.2960850E-2,2.4801903E-4,2.0000000E+0,2.0000000E+0,5.0000300E+1,1.9800000E-2
0.0000000E+0,1.5914000E-3,6.2960850E-2,2.4801903E-4,2.0000000E+0,2.0000000E+0,5.0000200E+1,1.9800000E-2
0.0000000E+0,1.6386000E-3,6.2960850E-2,2.5089095E-4,2.0000000E+0,2.0000000E+0,5.0000100E+1,1.9800000E-2
0.0000000E+0,1.6929000E-3,6.2960850E-2,2.4801903E-4,2.0000000E+0,2.0000000E+0,5.0000300E+1,1.9800000E-2
0.0000000E+0,1.7381000E-3,6.2960850E-2,2.4801903E-4,2.0000000E+0,2.0000000E+0,5.0000500E+1,1.9800000E-2
0.0000000E+0,1.7962000E-3,6.2960850E-2,2.4801903E-4,2.0000000E+0,2.0000000E+0,5.0000200E+1,1.9800000E-2
0.0000000E+0,1.8447000E-3,6.2960850E-2,2.4801903E-4,2.0000000E+0,2.0000000E+0,5.0000300E+1,1.9800000E-2
0.0000000E+0,1.8966000E-3,6.2960850E-2,2.4801903E-4,2.0000000E+0,2.0000000E+0,5.0000300E+1,1.9800000E-2
0.0000000E+0,1.9426000E-3,6.2960850E-2,2.4801903E-4,2.0000000E+0,2.0000000E+0,5.0000200E+1,1.9800000E-2
0.0000000E+0,1.9930000E-3,6.2960850E-2,2.4801903E-4,2.0000000E+0,2.0000000E+0,5.0000200E+1,1.9800000E-2
0.0000000E+0,2.0437000E-3,6.2960850E-2,2.4801903E-4,2.0000000E+0,2.0000000E+0,4.9999900E+1,1.9800000E-2
0.0000000E+0,2.0876000E-3,6.2960850E-2,2.4801903E-4,2.0000000E+0,2.0000000E+0,5.0000000E+1,1.9800000E-2
0.0000000E+0,2.1474000E-3,6.2960850E-2,2.4801903E-4,2.0000000E+0,2.0000000E+0,5.0000100E+1,1.9800000E-2
0.0000000E+0,2.1915000E-3,6.2960850E-2,2.4801903E-4,2.0000000E+0,2.0000000E+0,5.0000100E+1,1.9800000E-2
0.0000000E+0,2.2445000E-3,6.2960850E-2,2.4801903E-4,2.0000000E+0,2.0000000E+0,5.0000100E+1,1.9800000E-2
0.0000000E+0,2.2924000E-3,6.2960850E-2,2.4801903E-4,2.0000000E+0,2.0000000E+0,5.0000500E+1,1.9800000E-2
0.0000000E+0,2.3409000E-3,6.2960850E-2,2.4801903E-4,2.0000000E+0,2.0000000E+0,5.0000100E+1,1.9800000E-2
0.0000000E+0,2.3948000E-3,6.2960850E-2,2.4801903E-4,2.0000000E+0,2.0000000E+0,5.0000000E+1,1.9800000E-2
0.0000000E+0,2.4386000E-3,6.2960850E-2,2.4801903E-4,2.0000000E+0,2.0000000E+0,5.0000100E+1,1.9800000E-2
0.0000000E+0,2.4885000E-3,6.2960850E-2,2.4801903E-4,2.0000000E+0,2.0000000E+0,5.0000200E+1,1.9800000E-2
0.0000000E+0,2.5404000E-3,6.2960850E-2,2.4801903E-4,2.0000000E+0,2.0000000E+0,5.0000000E+1,1.9800000E-2
0.0000000E+0,2.5977000E-3,6.2960850E-2,2.4801903E-4,2.0000000E+0,2.0000000E+0,5.0000100E+1,1.9800000E-2
0.0000000E+0,2.6419000E-3,6.2960850E-2,2.4801903E-4,2.0000000E+0,2.0000000E+0,5.0000200E+1,1.9800000E-2
0.0000000E+0,2.6875000E-3,6.2960850E-2,2.4801903E-4,2.0000000E+0,2.0000000E+0,5.0000200E+1,1.9800000E-2
0.0000000E+0,2.7464000E-3,6.2960850E-2,2.4801903E-4,2.0000000E+0,2.0000000E+0,5.0000100E+1,1.9800000E-2
0.0000000E+0,2.7928000E-3,6.2960850E-2,2.4801903E-4,2.0000000E+0,2.0000000E+0,5.0000200E+1,1.9800000E-2
0.0000000E+0,2.8404000E-3,6.2960850E-2,2.4801903E-4,2.0000000E+0,2.0000000E+0,5.0000300E+1,1.9800000E-2
0.0000000E+0,2.8938000E-3,6.2960850E-2,2.5089095E-4,2.0000000E+0,2.0000000E+0,5.0000000E+1,1.9800000E-2
0.0000000E+0,2.9468000E-3,6.2960850E-2,2.4801903E-4,2.0000000E+0,2.0000000E+0,5.0000400E+1,1.9800000E-2
0.0000000E+0,2.9944000E-3,6.2960850E-2,2.4801903E-4,2.0000000E+0,2.0000000E+0,5.0000700E+1,1.9800000E-2
0.0000000E+0,3.0418000E-3,6.2960850E-2,2.4801903E-4,2.0000000E+0,2.0000000E+0,5.0000500E+1,1.9800000E-2
0.0000000E+0,3.0953000E-3,6.2960850E-2,2.4801903E-4,2.0000000E+0,2.0000000E+0,5.0000400E+1,1.9800000E-2
0.0000000E+0,3.1436000E-3,6.2960850E-2,2.4801903E-4,2.0000000E+0,2.0000000E+0,5.0000700E+1,1.9800000E-2
0.0000000E+0,3.1937000E-3,6.2960850E-2,2.4801903E-4,2.0000000E+0,2.0000000E+0,5.0000800E+1,1.9800000E-2
0.0000000E+0,3.2420000E-3,6.2960850E-2,2.4801903E-4,2.0000000E+0,2.0000000E+0,5.0000000E+1,1.9800000E-2
0.0000000E+0,3.2934000E-3,6.2960850E-2,2.4801903E-4,2.0000000E+0,2.0000000E+0,5.0000300E+1,1.9800000E-2
0.0000000E+0,3.3448000E-3,6.2960850E-2,2.4801903E-4,2.0000000E+0,2.0000000E+0,5.0000000E+1,1.9800000E-2
0.0000000E+0,3.3865000E-3,6.2960850E-2,2.4801903E-4,2.0000000E+0,2.0000000E+0,5.0000400E+1,1.9800000E-2
0.0000000E+0,3.4419000E-3,6.2960850E-2,2.4801903E-4,2.0000000E+0,2.0000000E+0,4.9999900E+1,1.9800000E-2
0.0000000E+0,3.4926000E-3,6.2960850E-2,2.5089095E-4,2.0000000E+0,2.0000000E+0,4.9999800E+1,1.9800000E-2
0.0000000E+0,3.5423000E-3,6.2960850E-2,2.4801903E-4,2.0000000E+0,2.0000000E+0,5.0000100E+1,1.9800000E-2
0.0000000E+0,3.5961000E-3,6.2960850E-2,2.4801903E-4,2.0000000E+0,2.0000000E+0,5.0000200E+1,1.9800000E-2
0.0000000E+0,3.6407000E-3,6.2960850E-2,2.4801903E-4,2.0000000E+0,2.0000000E+0,4.9999800E+1,1.9800000E-2
0.0000000E+0,3.6967000E-3,6.2960850E-2,2.5089095E-4,2.0000000E+0,2.0000000E+0,4.9999500E+1,1.9800000E-2
0.0000000E+0,3.7437000E-3,6.2960850E-2,2.4801903E-4,2.0000000E+0,2.0000000E+0,4.9999900E+1,1.9800000E-2
0.0000000E+0,3.7945000E-3,6.2960850E-2,2.4801903E-4,2.0000000E+0,2.0000000E+0,4.9999500E+1,1.9800000E-2
0.0000000E+0,3.8405000E-3,6.2960850E-2,2.4801903E-4,2.0000000E+0,2.0000000E+0,4.9999600E+1,1.9800000E-2
0.0000000E+0,3.8897000E-3,6.2960850E-2,2.4801903E-4,2.0000000E+0,2.0000000E+0,5.0000000E+1,1.9800000E-2
0.0000000E+0,3.9445000E-3,6.2960850E-2,2.5089095E-4,2.0000000E+0,2.0000000E+0,4.9999400E+1,1.9800000E-2
0.0000000E+0,3.9932000E-3,6.2960850E-2,2.4801903E-4,2.0000000E+0,2.0000000E+0,4.9999400E+1,1.9800000E-2
0.0000000E+0,4.0398000E-3,6.2960850E-2,2.4801903E-4,2.0000000E+0,2.0000000E+0,4.9999600E+1,1.9800000E-2
0.0000000E+0,4.0918000E-3,6.2960850E-2,2.4801903E-4,2.0000000E+0,2.0000000E+0,4.9999700E+1,1.9800000E-2
0.0000000E+0,4.1430000E-3,6.2960850E-2,2.4801903E-4,2.0000000E+0,2.0000000E+0,4.9999600E+1,1.9800000E-2
0.0000000E+0,4.1940000E-3,6.2960850E-2,2.4801903E-4,2.0000000E+0,2.0000000E+0,4.9999700E+1,1.9800000E-2
0.0000000E+0,4.2454000E-3,6.2960850E-2,2.4801903E-4,2.0000000E+0,2.0000000E+0,4.9999900E+1,1.9800000E-2
0.0000000E+0,4.2937000E-3,6.2960850E-2,2.4801903E-4,2.0000000E+0,2.0000000E+0,4.9999700E+1,1.9800000E-2
0.0000000E+0,4.3460000E-3,6.2960850E-2,2.4801903E-4,2.0000000E+0,2.0000000E+0,4.9999600E+1,1.9800000E-2
0.0000000E+0,4.3953000E-3,6.2960850E-2,2.4801903E-4,2.0000000E+0,2.0000000E+0,4.9999700E+1,1.9800000E-2
0.0000000E+0,4.4436000E-3,6.2960850E-2,2.4801903E-4,2.0000000E+0,2.0000000E+0,4.9999800E+1,1.9800000E-2
0.0000000E+0,4.4912000E-3,6.2960850E-2,2.4801903E-4,2.0000000E+0,2.0000000E+0,5.0000100E+1,1.9800000E-2
0.0000000E+0,4.5426000E-3,6.2960850E-2,2.4801903E-4,2.0000000E+0,2.0000000E+0,4.9999900E+1,1.9800000E-2
0.0000000E+0,4.5934000E-3,6.2960850E-2,2.4801903E-4,2.0000000E+0,2.0000000E+0,4.9999800E+1,1.9800000E-2
0.0000000E+0,4.6439000E-3,6.2960850E-2,2.4801903E-4,2.0000000E+0,2.0000000E+0,4.9999900E+1,1.9800000E-2
0.0000000E+0,4.6933000E-3,6.2960850E-2,2.4801903E-4,2.0000000E+0,2.0000000E+0,4.9999800E+1,1.9800000E-2
0.0000000E+0,4.7407000E-3,6.2960850E-2,2.4801903E-4,2.0000000E+0,2.0000000E+0,4.9999900E+1,1.9800000E-2
0.0000000E+0,4.7901000E-3,6.2960850E-2,2.4801903E-4,2.0000000E+0,2.0000000E+0,4.9999800E+1,1.9800000E-2
0.0000000E+0,4.8462000E-3,6.2960850E-2,2.4801903E-4,2.0000000E+0,2.0000000E+0,4.9999900E+1,1.9800000E-2
0.0000000E+0,4.8941000E-3,6.2960850E-2,2.4801903E-4,2.0000000E+0,2.0000000E+0,4.9999800E+1,1.9800000E-2
0.0000000E+0,4.9462000E-3,6.2960850E-2,2.4801903E-4,2.0000000E+0,2.0000000E+0,4.9999800E+1,1.9800000E-2
0.0000000E+0,4.9936000E-3,6.2960850E-2,2.4801903E-4,2.0000000E+0,2.0000000E+0,4.9999700E+1,1.9800000E-2
0.0000000E+0,5.0448000E-3,6.2960850E-2,2.4801903E-4,2.0000000E+0,2.0000000E+0,4.9999700E+1,1.9800000E-2
0.0000000E+0,5.0935000E-3,6.2960850E-2,2.4801903E-4,2.0000000E+0,2.0000000E+0,4.9999900E+1,1.9800000E-2
0.0000000E+0,5.1452000E-3,6.2960850E-2,2.4801903E-4,2.0000000E+0,2.0000000E+0,5.0000000E+1,1.9800000E-2
0.0000000E+0,5.1922000E-3,6.2960850E-2,2.4801903E-4,2.0000000E+0,2.0000000E+0,5.0000300E+1,1.9800000E-2
0.0000000E+0,5.2451000E-3,6.2960850E-2,2.4801903E-4,2.0000000E+0,2.0000000E+0,5.0000200E+1,1.9800000E-2
0.0000000E+0,5.2948000E-3,6.2960850E-2,2.4801903E-4,2.0000000E+0,2.0000000E+0,5.0000000E+1,1.9800000E-2
0.0000000E+0,5.3422000E-3,6.2960850E-2,2.4801903E-4,2.0000000E+0,2.0000000E+0,5.0000100E+1,1.9800000E-2
0.0000000E+0,5.3901000E-3,6.2960850E-2,2.4801903E-4,2.0000000E+0,2.0000000E+0,5.0000000E+1,1.9800000E-2
0.0000000E+0,5.4437000E-3,6.2960850E-2,2.4801903E-4,2.0000000E+0,2.0000000E+0,5.0000400E+1,1.9800000E-2
0.0000000E+0,5.4975000E-3,6.2960850E-2,2.5089095E-4,2.0000000E+0,2.0000000E+0,4.9999900E+1,1.9800000E-2
0.0000000E+0,5.5366000E-3,6.2960850E-2,2.4801903E-4,2.0000000E+0,2.0000000E+0,4.9999700E+1,1.9800000E-2
0.0000000E+0,5.5955000E-3,6.2960850E-2,2.4801903E-4,2.0000000E+0,2.0000000E+0,4.9999700E+1,1.9800000E-2
0.0000000E+0,5.6412000E-3,6.2960850E-2,2.4801903E-4,2.0000000E+0,2.0000000E+0,5.0000100E+1,1.9800000E-2
0.0000000E+0,5.6961000E-3,6.2960850E-2,2.4801903E-4,2.0000000E+0,2.0000000E+0,5.0000200E+1,1.9800000E-2
0.0000000E+0,5.7442000E-3,6.2960850E-2,2.4801903E-4,2.0000000E+0,2.0000000E+0,5.0000000E+1,1.9800000E-2
0.0000000E+0,5.7927000E-3,6.2960850E-2,2.4801903E-4,2.0000000E+0,2.0000000E+0,4.9999900E+1,1.9800000E-2
0.0000000E+0,5.8452000E-3,6.2960850E-2,2.4801903E-4,2.0000000E+0,2.0000000E+0,5.0000000E+1,1.9800000E-2
0.0000000E+0,5.8918000E-3,6.2960850E-2,2.5089095E-4,2.0000000E+0,2.0000000E+0,5.0000100E+1,1.9800000E-2
0.0000000E+0,5.9448000E-3,6.2960850E-2,2.5089095E-4,2.0000000E+0,2.0000000E+0,4.9999900E+1,1.9800000E-2
0.0000000E+0,5.9969000E-3,6.2960850E-2,2.4801903E-4,2.0000000E+0,2.0000000E+0,5.0000400E+1,1.9800000E-2
0.0000000E+0,6.0432000E-3,6.2960850E-2,2.4801903E-4,2.0000000E+0,2.0000000E+0,5.0000100E+1,1.9800000E-2
0.0000000E+0,6.0919000E-3,6.2960850E-2,2.4801903E-4,2.0000000E+0,2.0000000E+0,5.0000600E+1,1.9800000E-2
0.0000000E+0,6.1404000E-3,6.2960850E-2,2.4801903E-4,2.0000000E+0,2.0000000E+0,5.0000400E+1,1.9800000E-2
0.0000000E+0,6.1883000E-3,6.2960850E-2,2.4801903E-4,2.0000000E+0,2.0000000E+0,5.0000000E+1,1.9800000E-2
0.0000000E+0,6.2446000E-3,6.2960850E-2,2.4801903E-4,2.0000000E+0,2.0000000E+0,5.0000200E+1,1.9800000E-2
0.0000000E+0,6.2943000E-3,6.2960850E-2,2.4801903E-4,2.0000000E+0,2.0000000E+0,4.9999900E+1,1.9800000E-2
0.0000000E+0,6.3404000E-3,6.2960850E-2,2.4801903E-4,2.0000000E+0,2.0000000E+0,5.0000200E+1,1.9800000E-2
0.0000000E+0,6.3980000E-3,6.2960850E-2,2.4801903E-4,2.0000000E+0,2.0000000E+0,5.0000200E+1,1.9800000E-2
0.0000000E+0,6.4409000E-3,6.2960850E-2,2.5089095E-4,2.0000000E+0,2.0000000E+0,4.9999500E+1,1.9800000E-2
0.0000000E+0,6.4953000E-3,6.2960850E-2,2.4801903E-4,2.0000000E+0,2.0000000E+0,4.9999800E+1,1.9800000E-2
0.0000000E+0,6.5424000E-3,6.2960850E-2,2.4801903E-4,2.0000000E+0,2.0000000E+0,5.0000300E+1,1.9800000E-2
0.0000000E+0,6.5941000E-3,6.2960850E-2,2.4801903E-4,2.0000000E+0,2.0000000E+0,5.0000200E+1,1.9800000E-2
0.0000000E+0,6.6460000E-3,6.2960850E-2,2.4801903E-4,2.0000000E+0,2.0000000E+0,4.9999800E+1,1.9800000E-2
0.0000000E+0,6.6925000E-3,6.2960850E-2,2.4801903E-4,2.0000000E+0,2.0000000E+0,5.0000300E+1,1.9800000E-2
0.0000000E+0,6.7417000E-3,6.2960850E-2,2.4801903E-4,2.0000000E+0,2.0000000E+0,4.9999900E+1,1.9800000E-2
0.0000000E+0,6.7924000E-3,6.2960850E-2,2.4801903E-4,2.0000000E+0,2.0000000E+0,4.9999800E+1,1.9800000E-2
0.0000000E+0,6.8432000E-3,6.2960850E-2,2.4801903E-4,2.0000000E+0,2.0000000E+0,5.0000000E+1,1.9800000E-2
0.0000000E+0,6.8961000E-3,6.2960850E-2,2.4801903E-4,2.0000000E+0,2.0000000E+0,4.9999700E+1,1.9800000E-2
0.0000000E+0,6.9444000E-3,6.2960850E-2,2.4801903E-4,2.0000000E+0,2.0000000E+0,5.0000000E+1,1.9800000E-2
0.0000000E+0,6.9914000E-3,6.2960850E-2,2.5089095E-4,2.0000000E+0,2.0000000E+0,4.9999800E+1,1.9800000E-2
0.0000000E+0,7.0424000E-3,6.2960850E-2,2.4801903E-4,2.0000000E+0,2.0000000E+0,4.9999500E+1,1.9800000E-2
0.0000000E+0,7.0872000E-3,6.2960850E-2,2.4801903E-4,2.0000000E+0,2.0000000E+0,4.9999700E+1,1.9800000E-2
0.0000000E+0,7.1450000E-3,6.2960850E-2,2.4801903E-4,2.0000000E+0,2.0000000E+0,4.9999800E+1,1.9800000E-2
0.0000000E+0,7.1927000E-3,6.2960850E-2,2.4801903E-4,2.0000000E+0,2.0000000E+0,4.9999900E+1,1.9800000E-2
0.0000000E+0,7.2494000E-3,6.2960850E-2,2.4801903E-4,2.0000000E+0,2.0000000E+0,4.9999800E+1,1.9800000E-2
0.0000000E+0,7.2920000E-3,6.2960850E-2,2.4801903E-4,2.0000000E+0,2.0000000E+0,4.9999700E+1,1.9800000E-2
0.0000000E+0,7.3443000E-3,6.2960850E-2,2.4801903E-4,2.0000000E+0,2.0000000E+0,5.0000000E+1,1.9800000E-2
0.0000000E+0,7.3935000E-3,6.2960850E-2,2.4801903E-4,2.0000000E+0,2.0000000E+0,4.9999700E+1,1.9800000E-2
0.0000000E+0,7.4407000E-3,6.2960850E-2,2.4801903E-4,2.0000000E+0,2.0000000E+0,5.0000000E+1,1.9800000E-2
0.0000000E+0,7.4992000E-3,6.2960850E-2,2.4801903E-4,2.0000000E+0,2.0000000E+0,5.0000100E+1,1.9800000E-2
0.0000000E+0,7.5406000E-3,6.2960850E-2,2.4801903E-4,2.0000000E+0,2.0000000E+0,4.9999700E+1,1.9800000E-2
0.0000000E+0,7.5924000E-3,6.2960850E-2,2.4801903E-4,2.0000000E+0,2.0000000E+0,4.9999900E+1,1.9800000E-2
0.0000000E+0,7.6410000E-3,6.2960850E-2,2.4801903E-4,2.0000000E+0,2.0000000E+0,4.9999800E+1,1.9800000E-2
0.0000000E+0,7.6944000E-3,6.2960850E-2,2.4801903E-4,2.0000000E+0,2.0000000E+0,4.9999700E+1,1.9800000E-2
0.0000000E+0,7.7442000E-3,6.2960850E-2,2.4801903E-4,2.0000000E+0,2.0000000E+0,4.9999800E+1,1.9800000E-2
0.0000000E+0,7.7946000E-3,6.2960850E-2,2.4801903E-4,2.0000000E+0,2.0000000E+0,5.0000000E+1,1.9800000E-2
0.0000000E+0,7.8464000E-3,6.2960850E-2,2.4801903E-4,2.0000000E+0,2.0000000E+0,4.9999800E+1,1.9800000E-2
0.0000000E+0,7.8903000E-3,6.2960850E-2,2.4801903E-4,2.0000000E+0,2.0000000E+0,4.9999700E+1,1.9800000E-2
0.0000000E+0,7.9442000E-3,6.2960850E-2,2.4801903E-4,2.0000000E+0,2.0000000E+0,4.9999900E+1,1.9800000E-2
0.0000000E+0,7.9916000E-3,6.2960850E-2,2.4801903E-4,2.0000000E+0,2.0000000E+0,4.9999700E+1,1.9800000E-2
0.0000000E+0,8.0414000E-3,6.2960850E-2,2.4801903E-4,2.0000000E+0,2.0000000E+0,5.0000000E+1,1.9800000E-2
0.0000000E+0,8.0909000E-3,6.2960850E-2,2.5089095E-4,2.0000000E+0,2.0000000E+0,4.9999500E+1,1.9800000E-2
0.0000000E+0,8.1421000E-3,6.2960850E-2,2.4801903E-4,2.0000000E+0,2.0000000E+0,4.9999700E+1,1.9800000E-2
0.0000000E+0,8.1919000E-3,6.2960850E-2,2.4801903E-4,2.0000000E+0,2.0000000E+0,4.9999900E+1,1.9800000E-2
0.0000000E+0,8.2433000E-3,6.2960850E-2,2.4801903E-4,2.0000000E+0,2.0000000E+0,4.9999700E+1,1.9800000E-2
0.0000000E+0,8.2896000E-3,6.2960850E-2,2.4801903E-4,2.0000000E+0,2.0000000E+0,5.0000100E+1,1.9800000E-2
0.0000000E+0,8.3391000E-3,6.2960850E-2,2.4801903E-4,2.0000000E+0,2.0000000E+0,4.9999800E+1,1.9800000E-2
0.0000000E+0,8.3943000E-3,6.2960850E-2,2.4801903E-4,2.0000000E+0,2.0000000E+0,4.9999300E+1,1.9800000E-2
0.0000000E+0,8.4384000E-3,6.2960850E-2,2.4801903E-4,2.0000000E+0,2.0000000E+0,4.9999500E+1,1.9800000E-2
0.0000000E+0,8.4980000E-3,6.2960850E-2,2.4801903E-4,2.0000000E+0,2.0000000E+0,4.9999900E+1,1.9800000E-2
0.0000000E+0,8.5429000E-3,6.2960850E-2,2.4801903E-4,2.0000000E+0,2.0000000E+0,4.9999800E+1,1.9800000E-2
0.0000000E+0,8.5884000E-3,6.2960850E-2,2.4801903E-4,2.0000000E+0,2.0000000E+0,4.9999300E+1,1.9800000E-2
0.0000000E+0,8.6460000E-3,6.2960850E-2,2.4801903E-4,2.0000000E+0,2.0000000E+0,4.9999800E+1,1.9800000E-2
0.0000000E+0,8.6897000E-3,6.2960850E-2,2.5089095E-4,2.0000000E+0,2.0000000E+0,4.9999900E+1,1.9800000E-2
0.0000000E+0,8.7404000E-3,6.2960850E-2,2.5089095E-4,2.0000000E+0,2.0000000E+0,5.0000000E+1,1.9800000E-2
0.0000000E+0,8.7929000E-3,6.2960850E-2,2.4801903E-4,2.0000000E+0,2.0000000E+0,4.9999900E+1,1.9800000E-2
0.0000000E+0,8.8390000E-3,6.2960850E-2,2.4801903E-4,2.0000000E+0,2.0000000E+0,4.9999900E+1,1.9800000E-2
0.0000000E+0,8.8991000E-3,6.2960850E-2,2.4801903E-4,2.0000000E+0,2.0000000E+0,4.9999800E+1,1.9800000E-2
0.0000000E+0,8.9461000E-3,6.2960850E-2,2.4801903E-4,2.0000000E+0,2.0000000E+0,4.9999800E+1,1.9800000E-2
0.0000000E+0,8.9902000E-3,6.2960850E-2,2.4801903E-4,2.0000000E+0,2.0000000E+0,5.0000000E+1,1.9800000E-2
0.0000000E+0,9.0385000E-3,6.2960850E-2,2.4801903E-4,2.0000000E+0,2.0000000E+0,5.0000200E+1,1.9800000E-2
0.0000000E+0,9.0945000E-3,6.2960850E-2,2.4801903E-4,2.0000000E+0,2.0000000E+0,5.0000200E+1,1.9800000E-2
0.0000000E+0,9.1366000E-3,6.2960850E-2,2.4801903E-4,2.0000000E+0,2.0000000E+0,5.0000200E+1,1.9800000E-2
0.0000000E+0,9.1961000E-3,6.2960850E-2,2.4801903E-4,2.0000000E+0,2.0000000E+0,5.0000100E+1,1.9800000E-2
0.0000000E+0,9.2415000E-3,6.2960850E-2,2.4801903E-4,2.0000000E+0,2.0000000E+0,5.0000300E+1,1.9800000E-2
0.0000000E+0,9.2956000E-3,6.2960850E-2,2.4801903E-4,2.0000000E+0,2.0000000E+0,5.0000200E+1,1.9800000E-2
0.0000000E+0,9.3474000E-3,6.2960850E-2,2.4801903E-4,2.0000000E+0,2.0000000E+0,5.0000100E+1,1.9800000E-2
0.0000000E+0,9.3966000E-3,6.2960850E-2,2.4801903E-4,2.0000000E+0,2.0000000E+0,5.0000300E+1,1.9800000E-2
0.0000000E+0,9.4433000E-3,6.2960850E-2,2.4801903E-4,2.0000000E+0,2.0000000E+0,5.0000300E+1,1.9800000E-2
0.0000000E+0,9.4979000E-3,6.2960850E-2,2.4801903E-4,2.0000000E+0,2.0000000E+0,5.0000200E+1,1.9800000E-2
0.0000000E+0,9.5424000E-3,6.2960850E-2,2.4801903E-4,2.0000000E+0,2.0000000E+0,5.0000300E+1,1.9800000E-2
0.0000000E+0,9.6005000E-3,6.2960850E-2,2.4801903E-4,2.0000000E+0,2.0000000E+0,5.0000400E+1,1.9800000E-2
0.0000000E+0,9.6457000E-3,6.2960850E-2,2.4801903E-4,2.0000000E+0,2.0000000E+0,5.0000200E+1,1.9800000E-2
0.0000000E+0,9.6878000E-3,6.2960850E-2,2.4801903E-4,2.0000000E+0,2.0000000E+0,5.0000200E+1,1.9800000E-2
0.0000000E+0,9.7399000E-3,6.2960850E-2,2.4801903E-4,2.0000000E+0,2.0000000E+0,4.9999800E+1,1.9800000E-2
0.0000000E+0,9.7889000E-3,6.2960850E-2,2.4801903E-4,2.0000000E+0,2.0000000E+0,5.0000400E+1,1.9800000E-2
0.0000000E+0,9.8414000E-3,6.2960850E-2,2.4801903E-4,2.0000000E+0,2.0000000E+0,5.0000200E+1,1.9800000E-2
0.0000000E+0,9.8937000E-3,6.2960850E-2,2.4801903E-4,2.0000000E+0,2.0000000E+0,5.0000200E+1,1.9800000E-2
0.0000000E+0,9.9376000E-3,6.2960850E-2,2.4801903E-4,2.0000000E+0,2.0000000E+0,5.0000500E+1,1.9800000E-2
0.0000000E+0,9.9914000E-3,6.2960850E-2,2.4801903E-4,2.0000000E+0,2.0000000E+0,5.0000300E+1,1.9800000E-2
0.0000000E+0,1.0046600E-2,6.2960850E-2,2.4801903E-4,2.0000000E+0,2.0000000E+0,5.0000200E+1,1.9800000E-2
0.0000000E+0,1.0087600E-2,6.2960850E-2,2.4801903E-4,2.0000000E+0,2.0000000E+0,5.0000000E+1,1.9800000E-2
0.0000000E+0,1.0148100E-2,6.2960850E-2,2.4801903E-4,2.0000000E+0,2.0000000E+0,4.9999900E+1,1.9800000E-2
0.0000000E+0,1.0193300E-2,6.2960850E-2,2.4801903E-4,2.0000000E+0,2.0000000E+0,5.0000300E+1,1.9800000E-2
0.0000000E+0,1.0236500E-2,6.2960850E-2,2.4801903E-4,2.0000000E+0,2.0000000E+0,5.0000300E+1,1.9800000E-2
0.0000000E+0,1.0300300E-2,6.2960850E-2,2.4801903E-4,2.0000000E+0,2.0000000E+0,5.0000400E+1,1.9800000E-2
0.0000000E+0,1.0344200E-2,6.2960850E-2,2.4801903E-4,2.0000000E+0,2.0000000E+0,5.0000200E+1,1.9800000E-2
0.0000000E+0,1.0393600E-2,6.2960850E-2,2.4801903E-4,2.0000000E+0,2.0000000E+0,5.0000300E+1,1.9800000E-2
0.0000000E+0,1.0446100E-2,6.2960850E-2,2.5089095E-4,2.0000000E+0,2.0000000E+0,5.0000100E+1,1.9800000E-2
0.0000000E+0,1.0496200E-2,6.2960850E-2,2.4801903E-4,2.0000000E+0,2.0000000E+0,5.0000400E+1,1.9800000E-2
0.0000000E+0,1.0543200E-2,6.2960850E-2,2.4801903E-4,2.0000000E+0,2.0000000E+0,5.0000500E+1,1.9800000E-2
0.0000000E+0,1.0596600E-2,6.2960850E-2,2.4801903E-4,2.0000000E+0,2.0000000E+0,5.0000500E+1,1.9800000E-2
0.0000000E+0,1.0647400E-2,6.2960850E-2,2.4801903E-4,2.0000000E+0,2.0000000E+0,5.0000200E+1,1.9800000E-2
0.0000000E+0,1.0699300E-2,6.2960850E-2,2.4801903E-4,2.0000000E+0,2.0000000E+0,5.0000000E+1,1.9800000E-2
0.0000000E+0,1.0741100E-2,6.2960850E-2,2.4801903E-4,2.0000000E+0,2.0000000E+0,5.0000200E+1,1.9800000E-2
0.0000000E+0,1.0797800E-2,6.2960850E-2,2.4801903E-4,2.0000000E+0,2.0000000E+0,5.0000200E+1,1.9800000E-2
0.0000000E+0,1.0841300E-2,6.2960850E-2,2.4801903E-4,2.0000000E+0,2.0000000E+0,5.0000300E+1,1.9800000E-2
0.0000000E+0,1.0890900E-2,6.2960850E-2,2.4801903E-4,2.0000000E+0,2.0000000E+0,5.0000400E+1,1.9800000E-2
0.0000000E+0,1.0943400E-2,6.2960850E-2,2.4801903E-4,2.0000000E+0,2.0000000E+0,5.0000500E+1,1.9800000E-2
0.0000000E+0,1.0995700E-2,6.2960850E-2,2.4801903E-4,2.0000000E+0,2.0000000E+0,5.0000600E+1,1.9800000E-2
0.0000000E+0,1.1043200E-2,6.2960850E-2,2.4801903E-4,2.0000000E+0,2.0000000E+0,5.0000000E+1,1.9800000E-2
0.0000000E+0,1.1095000E-2,6.2960850E-2,2.4801903E-4,2.0000000E+0,2.0000000E+0,5.0000200E+1,1.9800000E-2
0.0000000E+0,1.1143100E-2,6.2960850E-2,2.4801903E-4,2.0000000E+0,2.0000000E+0,5.0000700E+1,1.9800000E-2
0.0000000E+0,1.1194800E-2,6.2960850E-2,2.4801903E-4,2.0000000E+0,2.0000000E+0,5.0000700E+1,1.9800000E-2
0.0000000E+0,1.1240200E-2,6.2960850E-2,2.4801903E-4,2.0000000E+0,2.0000000E+0,5.0000000E+1,1.9800000E-2
0.0000000E+0,1.1293600E-2,6.2960850E-2,2.4801903E-4,2.0000000E+0,2.0000000E+0,5.0000400E+1,1.9800000E-2
0.0000000E+0,1.1339000E-2,6.2960850E-2,2.4801903E-4,2.0000000E+0,2.0000000E+0,5.0000000E+1,1.9800000E-2
0.0000000E+0,1.1393300E-2,6.2960850E-2,2.4801903E-4,2.0000000E+0,2.0000000E+0,5.0000400E+1,1.9800000E-2
0.0000000E+0,1.1443200E-2,6.2960850E-2,2.4801903E-4,2.0000000E+0,2.0000000E+0,5.0000200E+1,1.9800000E-2
0.0000000E+0,1.1493000E-2,6.2960850E-2,2.4801903E-4,2.0000000E+0,2.0000000E+0,5.0000400E+1,1.9800000E-2
0.0000000E+0,1.1542700E-2,6.2960850E-2,2.4801903E-4,2.0000000E+0,2.0000000E+0,5.0000300E+1,1.9800000E-2
0.0000000E+0,1.1591200E-2,6.2960850E-2,2.4801903E-4,2.0000000E+0,2.0000000E+0,5.0000400E+1,1.9800000E-2
0.0000000E+0,1.1641300E-2,6.2960850E-2,2.4801903E-4,2.0000000E+0,2.0000000E+0,5.0000400E+1,1.9800000E-2
0.0000000E+0,1.1693000E-2,6.2960850E-2,2.4801903E-4,2.0000000E+0,2.0000000E+0,5.0000300E+1,1.9800000E-2
0.0000000E+0,1.1745900E-2,6.2960850E-2,2.4801903E-4,2.0000000E+0,2.0000000E+0,5.0000300E+1,1.9800000E-2
0.0000000E+0,1.1793100E-2,6.2960850E-2,2.4801903E-4,2.0000000E+0,2.0000000E+0,5.0000800E+1,1.9800000E-2
0.0000000E+0,1.1841900E-2,6.2960850E-2,2.4801903E-4,2.0000000E+0,2.0000000E+0,5.0000400E+1,1.9800000E-2
0.0000000E+0,1.1892200E-2,6.2960850E-2,2.4801903E-4,2.0000000E+0,2.0000000E+0,5.0000500E+1,1.9800000E-2
0.0000000E+0,1.1942500E-2,6.2960850E-2,2.4801903E-4,2.0000000E+0,2.0000000E+0,5.0000300E+1,1.9800000E-2
0.0000000E+0,1.1995700E-2,6.2960850E-2,2.4801903E-4,2.0000000E+0,2.0000000E+0,5.0000700E+1,1.9800000E-2
0.0000000E+0,1.2042900E-2,6.2960850E-2,2.5089095E-4,2.0000000E+0,2.0000000E+0,5.0000500E+1,1.9800000E-2
0.0000000E+0,1.2096100E-2,6.2960850E-2,2.4801903E-4,2.0000000E+0,2.0000000E+0,5.0000400E+1,1.9800000E-2
0.0000000E+0,1.2141300E-2,6.2960850E-2,2.5089095E-4,2.0000000E+0,2.0000000E+0,5.0000200E+1,1.9800000E-2
0.0000000E+0,1.2190200E-2,6.2960850E-2,2.4801903E-4,2.0000000E+0,2.0000000E+0,5.0000200E+1,1.9800000E-2
0.0000000E+0,1.2242800E-2,6.2960850E-2,2.4801903E-4,2.0000000E+0,2.0000000E+0,5.0000100E+1,1.9800000E-2
0.0000000E+0,1.2290900E-2,6.2960850E-2,2.4801903E-4,2.0000000E+0,2.0000000E+0,5.0000100E+1,1.9800000E-2
0.0000000E+0,1.2338500E-2,6.2960850E-2,2.4801903E-4,2.0000000E+0,2.0000000E+0,5.0000200E+1,1.9800000E-2
0.0000000E+0,1.2389700E-2,6.2960850E-2,2.4801903E-4,2.0000000E+0,2.0000000E+0,5.0000300E+1,1.9800000E-2
0.0000000E+0,1.2441800E-2,6.2960850E-2,2.4801903E-4,2.0000000E+0,2.0000000E+0,5.0000200E+1,1.9800000E-2
0.0000000E+0,1.2495600E-2,6.2960850E-2,2.4801903E-4,2.0000000E+0,2.0000000E+0,5.0000700E+1,1.9800000E-2
0.0000000E+0,1.2546800E-2,6.2960850E-2,2.4801903E-4,2.0000000E+0,2.0000000E+0,5.0000200E+1,1.9800000E-2
0.0000000E+0,1.2595100E-2,6.2960850E-2,2.4801903E-4,2.0000000E+0,2.0000000E+0,5.0000200E+1,1.9800000E-2
0.0000000E+0,1.2641700E-2,6.2960850E-2,2.4801903E-4,2.0000000E+0,2.0000000E+0,5.0000500E+1,1.9800000E-2
0.0000000E+0,1.2695800E-2,6.2960850E-2,2.4801903E-4,2.0000000E+0,2.0000000E+0,5.0000300E+1,1.9800000E-2
0.0000000E+0,1.2744100E-2,6.2960850E-2,2.4801903E-4,2.0000000E+0,2.0000000E+0,5.0000400E+1,1.9800000E-2
0.0000000E+0,1.2789700E-2,6.2960850E-2,2.4801903E-4,2.0000000E+0,2.0000000E+0,5.0000300E+1,1.9800000E-2
0.0000000E+0,1.2844500E-2,6.2960850E-2,2.5089095E-4,2.0000000E+0,2.0000000E+0,5.0000400E+1,1.9800000E-2
0.0000000E+0,1.2893900E-2,6.2960850E-2,2.4801903E-4,2.0000000E+0,2.0000000E+0,5.0000100E+1,1.9800000E-2
0.0000000E+0,1.2938400E-2,6.2960850E-2,2.4801903E-4,2.0000000E+0,2.0000000E+0,5.0000300E+1,1.9800000E-2
0.0000000E+0,1.2994700E-2,6.2960850E-2,2.4801903E-4,2.0000000E+0,2.0000000E+0,5.0000100E+1,1.9800000E-2
0.0000000E+0,1.3045400E-2,6.2960850E-2,2.4801903E-4,2.0000000E+0,2.0000000E+0,5.0000200E+1,1.9800000E-2
0.0000000E+0,1.3093300E-2,6.2960850E-2,2.4801903E-4,2.0000000E+0,2.0000000E+0,5.0000200E+1,1.9800000E-2
0.0000000E+0,1.3145600E-2,6.2960850E-2,2.4801903E-4,2.0000000E+0,2.0000000E+0,5.0000000E+1,1.9800000E-2
0.0000000E+0,1.3193900E-2,6.2960850E-2,2.4801903E-4,2.0000000E+0,2.0000000E+0,5.0000000E+1,1.9800000E-2
0.0000000E+0,1.3239800E-2,6.2960850E-2,2.4801903E-4,2.0000000E+0,2.0000000E+0,5.0000100E+1,1.9800000E-2
0.0000000E+0,1.3292100E-2,6.2960850E-2,2.4801903E-4,2.0000000E+0,2.0000000E+0,4.9999900E+1,1.9800000E-2
0.0000000E+0,1.3342900E-2,6.2960850E-2,2.4801903E-4,2.0000000E+0,2.0000000E+0,5.0000300E+1,1.9800000E-2
0.0000000E+0,1.3392900E-2,6.2960850E-2,2.4801903E-4,2.0000000E+0,2.0000000E+0,4.9999900E+1,1.9800000E-2
0.0000000E+0,1.3443200E-2,6.2960850E-2,2.4801903E-4,2.0000000E+0,2.0000000E+0,4.9999800E+1,1.9800000E-2
0.0000000E+0,1.3491600E-2,6.2960850E-2,2.4801903E-4,2.0000000E+0,2.0000000E+0,5.0000000E+1,1.9800000E-2
0.0000000E+0,1.3540100E-2,6.2960850E-2,2.4801903E-4,2.0000000E+0,2.0000000E+0,4.9999600E+1,1.9800000E-2
0.0000000E+0,1.3592800E-2,6.2960850E-2,2.4801903E-4,2.0000000E+0,2.0000000E+0,4.9999900E+1,1.9800000E-2
0.0000000E+0,1.3642700E-2,6.2960850E-2,2.4801903E-4,2.0000000E+0,2.0000000E+0,4.9999800E+1,1.9800000E-2
0.0000000E+0,1.3695700E-2,6.2960850E-2,2.4801903E-4,2.0000000E+0,2.0000000E+0,4.9999800E+1,1.9800000E-2
0.0000000E+0,1.3744600E-2,6.2960850E-2,2.4801903E-4,2.0000000E+0,2.0000000E+0,4.9999800E+1,1.9800000E-2
0.0000000E+0,1.3792100E-2,6.2960850E-2,2.4801903E-4,2.0000000E+0,2.0000000E+0,5.0000100E+1,1.9800000E-2
0.0000000E+0,1.3844800E-2,6.2960850E-2,2.4801903E-4,2.0000000E+0,2.0000000E+0,5.0000000E+1,1.9800000E-2
0.0000000E+0,1.3888500E-2,6.2960850E-2,2.4801903E-4,2.0000000E+0,2.0000000E+0,4.9999900E+1,1.9800000E-2
0.0000000E+0,1.3941200E-2,6.2960850E-2,2.4801903E-4,2.0000000E+0,2.0000000E+0,4.9999800E+1,1.9800000E-2
0.0000000E+0,1.3990400E-2,6.2960850E-2,2.4801903E-4,2.0000000E+0,2.0000000E+0,4.9999300E+1,1.9800000E-2
0.0000000E+0,1.4038300E-2,6.2960850E-2,2.4801903E-4,2.0000000E+0,2.0000000E+0,4.9999700E+1,1.9800000E-2
0.0000000E+0,1.4090600E-2,6.2960850E-2,2.4801903E-4,2.0000000E+0,2.0000000E+0,5.0000300E+1,1.9800000E-2
0.0000000E+0,1.4146200E-2,6.2960850E-2,2.4801903E-4,2.0000000E+0,2.0000000E+0,4.9999900E+1,1.9800000E-2
0.0000000E+0,1.4193800E-2,6.2960850E-2,2.4801903E-4,2.0000000E+0,2.0000000E+0,5.0000000E+1,1.9800000E-2
0.0000000E+0,1.4246100E-2,6.2960850E-2,2.4801903E-4,2.0000000E+0,2.0000000E+0,4.9999800E+1,1.9800000E-2
0.0000000E+0,1.4294200E-2,6.2960850E-2,2.4801903E-4,2.0000000E+0,2.0000000E+0,4.9999900E+1,1.9800000E-2
0.0000000E+0,1.4340500E-2,6.2960850E-2,2.4801903E-4,2.0000000E+0,2.0000000E+0,4.9999900E+1,1.9800000E-2
0.0000000E+0,1.4393100E-2,6.2960850E-2,2.4801903E-4,2.0000000E+0,2.0000000E+0,4.9999600E+1,1.9800000E-2
0.0000000E+0,1.4442100E-2,6.2960850E-2,2.4801903E-4,2.0000000E+0,2.0000000E+0,4.9999500E+1,1.9800000E-2
0.0000000E+0,1.4486600E-2,6.2960850E-2,2.4801903E-4,2.0000000E+0,2.0000000E+0,4.9999700E+1,1.9800000E-2
0.0000000E+0,1.4542400E-2,6.2960850E-2,2.4801903E-4,2.0000000E+0,2.0000000E+0,5.0000000E+1,1.9800000E-2
0.0000000E+0,1.4594500E-2,6.2960850E-2,2.4801903E-4,2.0000000E+0,2.0000000E+0,5.0000200E+1,1.9800000E-2
0.0000000E+0,1.4644000E-2,6.2960850E-2,2.4801903E-4,2.0000000E+0,2.0000000E+0,5.0000000E+1,1.9800000E-2
0.0000000E+0,1.4693100E-2,6.2960850E-2,2.4801903E-4,2.0000000E+0,2.0000000E+0,5.0000000E+1,1.9800000E-2
0.0000000E+0,1.4744300E-2,6.2960850E-2,2.4801903E-4,2.0000000E+0,2.0000000E+0,4.9999600E+1,1.9800000E-2
0.0000000E+0,1.4788000E-2,6.2960850E-2,2.4801903E-4,2.0000000E+0,2.0000000E+0,4.9999500E+1,1.9800000E-2
0.0000000E+0,1.4843000E-2,6.2960850E-2,2.4801903E-4,2.0000000E+0,2.0000000E+0,4.9999800E+1,1.9800000E-2
0.0000000E+0,1.4890600E-2,6.2960850E-2,2.4801903E-4,2.0000000E+0,2.0000000E+0,4.9999800E+1,1.9800000E-2
0.0000000E+0,1.4940500E-2,6.2960850E-2,2.4801903E-4,2.0000000E+0,2.0000000E+0,4.9999900E+1,1.9800000E-2
0.0000000E+0,1.5005600E-2,6.2960850E-2,2.4801903E-4,2.0000000E+0,2.0000000E+0,4.9999700E+1,1.9800000E-2
