Idc,Bz,Vdc_adc,Prf,fg,FBP,V_bg,dBz,
nA,T,mV,mV,GHz,GHz,V,T/min,
0.0000000E+0,-1.5003800E-2,6.2960850E-2,2.4801903E-4,2.0000000E+0,2.0000000E+0,5.0000200E+1,1.9800000E-2
0.0000000E+0,-1.4959300E-2,6.2960850E-2,2.4801903E-4,2.0000000E+0,2.0000000E+0,5.0000400E+1,1.9800000E-2
0.0000000E+0,-1.4909400E-2,6.2960850E-2,2.4801903E-4,2.0000000E+0,2.0000000E+0,5.0000300E+1,1.9800000E-2
0.0000000E+0,-1.4859400E-2,6.2960850E-2,2.4801903E-4,2.0000000E+0,2.0000000E+0,5.0000400E+1,1.9800000E-2
0.0000000E+0,-1.4807300E-2,6.2960850E-2,2.4801903E-4,2.0000000E+0,2.0000000E+0,5.0000000E+1,1.9800000E-2
0.0000000E+0,-1.4751700E-2,6.2960850E-2,2.4801903E-4,2.0000000E+0,2.0000000E+0,5.0000500E+1,1.9800000E-2
0.0000000E+0,-1.4706700E-2,6.2960850E-2,2.4801903E-4,2.0000000E+0,2.0000000E+0,5.0000400E+1,1.9800000E-2
0.0000000E+0,-1.4653000E-2,6.2960850E-2,2.4801903E-4,2.0000000E+0,2.0000000E+0,5.0000300E+1,1.9800000E-2
0.0000000E+0,-1.4604000E-2,6.2960850E-2,2.4801903E-4,2.0000000E+0,2.0000000E+0,5.0000000E+1,1.9800000E-2
0.0000000E+0,-1.4555800E-2,6.2960850E-2,2.4801903E-4,2.0000000E+0,2.0000000E+0,5.0000300E+1,1.9800000E-2
0.0000000E+0,-1.4506100E-2,6.2960850E-2,2.4801903E-4,2.0000000E+0,2.0000000E+0,5.0000000E+1,1.9800000E-2
0.0000000E+0,-1.4461100E-2,6.2960850E-2,2.4801903E-4,2.0000000E+0,2.0000000E+0,4.9999900E+1,1.9800000E-2
0.0000000E+0,-1.4403700E-2,6.2960850E-2,2.4801903E-4,2.0000000E+0,2.0000000E+0,5.0000100E+1,1.9800000E-2
0.0000000E+0,-1.4356500E-2,6.2960850E-2,2.4801903E-4,2.0000000E+0,2.0000000E+0,5.0000100E+1,1.9800000E-2
0.0000000E+0,-1.4303500E-2,6.2960850E-2,2.4801903E-4,2.0000000E+0,2.0000000E+0,5.0000200E+1,1.9800000E-2
0.0000000E+0,-1.4252100E-2,6.2960850E-2,2.4801903E-4,2.0000000E+0,2.0000000E+0,5.0000300E+1,1.9800000E-2
0.0000000E+0,-1.4206100E-2,6.2960850E-2,2.4801903E-4,2.0000000E+0,2.0000000E+0,5.0000100E+1,1.9800000E-2
0.0000000E+0,-1.4145800E-2,6.2960850E-2,2.4801903E-4,2.0000000E+0,2.0000000E+0,5.0000000E+1,1.9800000E-2
0.0000000E+0,-1.4110800E-2,6.2960850E-2,2.4801903E-4,2.0000000E+0,2.0000000E+0,5.0000100E+1,1.9800000E-2
0.0000000E+0,-1.4066900E-2,6.2960850E-2,2.5089095E-4,2.0000000E+0,2.0000000E+0,5.0000100E+1,1.9800000E-2
0.0000000E+0,-1.4007300E-2,6.2960850E-2,2.4801903E-4,2.0000000E+0,2.0000000E+0,5.0000300E+1,1.9800000E-2
0.0000000E+0,-1.3959600E-2,6.2960850E-2,2.4801903E-4,2.0000000E+0,2.0000000E+0,5.0000200E+1,1.9800000E-2
0.0000000E+0,-1.3909100E-2,6.2960850E-2,2.4801903E-4,2.0000000E+0,2.0000000E+0,5.0000300E+1,1.9800000E-2
0.0000000E+0,-1.3856600E-2,6.2960850E-2,2.4801903E-4,2.0000000E+0,2.0000000E+0,5.0000500E+1,1.9800000E-2
0.0000000E+0,-1.3804000E-2,6.2960850E-2,2.4801903E-4,2.0000000E+0,2.0000000E+0,5.0000400E+1,1.9800000E-2
0.0000000E+0,-1.3751500E-2,6.2960850E-2,2.4801903E-4,2.0000000E+0,2.0000000E+0,5.0000100E+1,1.9800000E-2
0.0000000E+0,-1.3704700E-2,6.2960850E-2,2.4801903E-4,2.0000000E+0,2.0000000E+0,4.9999800E+1,1.9800000E-2
0.0000000E+0,-1.3653600E-2,6.2960850E-2,2.4801903E-4,2.0000000E+0,2.0000000E+0,5.0000300E+1,1.9800000E-2
0.0000000E+0,-1.3608300E-2,6.2960850E-2,2.4801903E-4,2.0000000E+0,2.0000000E+0,5.0000600E+1,1.9800000E-2
0.0000000E+0,-1.3557800E-2,6.2960850E-2,2.4801903E-4,2.0000000E+0,2.0000000E+0,5.0000200E+1,1.9800000E-2
0.0000000E+0,-1.3510200E-2,6.2960850E-2,2.4801903E-4,2.0000000E+0,2.0000000E+0,5.0000000E+1,1.9800000E-2
0.0000000E+0,-1.3463400E-2,6.2960850E-2,2.4801903E-4,2.0000000E+0,2.0000000E+0,5.0000000E+1,1.9800000E-2
0.0000000E+0,-1.3404200E-2,6.2960850E-2,2.4801903E-4,2.0000000E+0,2.0000000E+0,5.0000300E+1,1.9800000E-2
0.0000000E+0,-1.3363500E-2,6.2960850E-2,2.4801903E-4,2.0000000E+0,2.0000000E+0,5.0000400E+1,1.9800000E-2
0.0000000E+0,-1.3315100E-2,6.2960850E-2,2.4801903E-4,2.0000000E+0,2.0000000E+0,5.0000600E+1,1.9800000E-2
0.0000000E+0,-1.3264800E-2,6.2960850E-2,2.4801903E-4,2.0000000E+0,2.0000000E+0,5.0000600E+1,1.9800000E-2
0.0000000E+0,-1.3209900E-2,6.2960850E-2,2.4801903E-4,2.0000000E+0,2.0000000E+0,5.0000600E+1,1.9800000E-2
0.0000000E+0,-1.3161800E-2,6.2960850E-2,2.4801903E-4,2.0000000E+0,2.0000000E+0,5.0000300E+1,1.9800000E-2
0.0000000E+0,-1.3122100E-2,6.2960850E-2,2.4801903E-4,2.0000000E+0,2.0000000E+0,5.0000300E+1,1.9800000E-2
0.0000000E+0,-1.3066100E-2,6.2960850E-2,2.4801903E-4,2.0000000E+0,2.0000000E+0,5.0000100E+1,1.9800000E-2
0.0000000E+0,-1.3006700E-2,6.2960850E-2,2.4801903E-4,2.0000000E+0,2.0000000E+0,5.0000200E+1,1.9800000E-2
0.0000000E+0,-1.2958300E-2,6.2960850E-2,2.4801903E-4,2.0000000E+0,2.0000000E+0,5.0000400E+1,1.9800000E-2
0.0000000E+0,-1.2946200E-2,6.2960850E-2,2.4801903E-4,2.0000000E+0,2.0000000E+0,5.0000200E+1,1.9800000E-2
0.0000000E+0,-1.2852700E-2,6.2960850E-2,2.4801903E-4,2.0000000E+0,2.0000000E+0,5.0000200E+1,1.9800000E-2
0.0000000E+0,-1.2783700E-2,6.2960850E-2,2.4801903E-4,2.0000000E+0,2.0000000E+0,5.0000000E+1,1.9800000E-2
0.0000000E+0,-1.2763400E-2,6.2960850E-2,2.4801903E-4,2.0000000E+0,2.0000000E+0,5.0000200E+1,1.9800000E-2
0.0000000E+0,-1.2726100E-2,6.2960850E-2,2.4801903E-4,2.0000000E+0,2.0000000E+0,5.0000200E+1,1.9800000E-2
0.0000000E+0,-1.2658800E-2,6.2960850E-2,2.4801903E-4,2.0000000E+0,2.0000000E+0,5.0000200E+1,1.9800000E-2
0.0000000E+0,-1.2670100E-2,6.2960850E-2,2.4801903E-4,2.0000000E+0,2.0000000E+0,5.0000300E+1,1.9800000E-2
0.0000000E+0,-1.2591600E-2,6.2960850E-2,2.4801903E-4,2.0000000E+0,2.0000000E+0,5.0000100E+1,1.9800000E-2
0.0000000E+0,-1.2526600E-2,6.2960850E-2,2.4801903E-4,2.0000000E+0,2.0000000E+0,5.0000200E+1,1.9800000E-2
0.0000000E+0,-1.2465300E-2,6.2960850E-2,2.4801903E-4,2.0000000E+0,2.0000000E+0,4.9999700E+1,1.9800000E-2
0.0000000E+0,-1.2414100E-2,6.2960850E-2,2.4801903E-4,2.0000000E+0,2.0000000E+0,5.0000000E+1,1.9800000E-2
0.0000000E+0,-1.2419400E-2,6.2960850E-2,2.4801903E-4,2.0000000E+0,2.0000000E+0,5.0000100E+1,1.9800000E-2
0.0000000E+0,-1.2274700E-2,6.2960850E-2,2.4801903E-4,2.0000000E+0,2.0000000E+0,5.0000300E+1,1.9800000E-2
0.0000000E+0,-1.2261600E-2,6.2960850E-2,2.4801903E-4,2.0000000E+0,2.0000000E+0,5.0000100E+1,1.9800000E-2
0.0000000E+0,-1.2280000E-2,6.2960850E-2,2.5089095E-4,2.0000000E+0,2.0000000E+0,5.0000200E+1,1.9800000E-2
0.0000000E+0,-1.2115100E-2,6.2960850E-2,2.4801903E-4,2.0000000E+0,2.0000000E+0,5.0000000E+1,1.9800000E-2
0.0000000E+0,-1.2160300E-2,6.2960850E-2,2.4801903E-4,2.0000000E+0,2.0000000E+0,5.0000100E+1,1.9800000E-2
0.0000000E+0,-1.2123300E-2,6.2960850E-2,2.4801903E-4,2.0000000E+0,2.0000000E+0,5.0000500E+1,1.9800000E-2
0.0000000E+0,-1.1993900E-2,6.2960850E-2,2.4801903E-4,2.0000000E+0,2.0000000E+0,5.0000500E+1,1.9800000E-2
0.0000000E+0,-1.2009600E-2,6.2960850E-2,2.4801903E-4,2.0000000E+0,2.0000000E+0,5.0000300E+1,1.9800000E-2
0.0000000E+0,-1.1872700E-2,6.2960850E-2,2.4801903E-4,2.0000000E+0,2.0000000E+0,5.0000700E+1,1.9800000E-2
0.0000000E+0,-1.1902600E-2,6.2960850E-2,2.4801903E-4,2.0000000E+0,2.0000000E+0,5.0000500E+1,1.9800000E-2
0.0000000E+0,-1.1796700E-2,6.2960850E-2,2.4801903E-4,2.0000000E+0,2.0000000E+0,5.0000500E+1,1.9800000E-2
0.0000000E+0,-1.1742800E-2,6.2960850E-2,2.4801903E-4,2.0000000E+0,2.0000000E+0,5.0000100E+1,1.9800000E-2
0.0000000E+0,-1.1762100E-2,6.2960850E-2,2.4801903E-4,2.0000000E+0,2.0000000E+0,5.0000100E+1,1.9800000E-2
0.0000000E+0,-1.1725700E-2,6.2960850E-2,2.4801903E-4,2.0000000E+0,2.0000000E+0,5.0000500E+1,1.9800000E-2
0.0000000E+0,-1.1559600E-2,6.2960850E-2,2.4801903E-4,2.0000000E+0,2.0000000E+0,5.0000400E+1,1.9800000E-2
0.0000000E+0,-1.1734000E-2,6.2960850E-2,2.4801903E-4,2.0000000E+0,2.0000000E+0,5.0000100E+1,1.9800000E-2
0.0000000E+0,-1.1534000E-2,6.2960850E-2,2.4801903E-4,2.0000000E+0,2.0000000E+0,5.0000500E+1,1.9800000E-2
0.0000000E+0,-1.1448500E-2,6.2960850E-2,2.4801903E-4,2.0000000E+0,2.0000000E+0,5.0000000E+1,1.9800000E-2
0.0000000E+0,-1.1417900E-2,6.2960850E-2,2.4801903E-4,2.0000000E+0,2.0000000E+0,5.0000400E+1,1.9800000E-2
0.0000000E+0,-1.1437900E-2,6.2960850E-2,2.4801903E-4,2.0000000E+0,2.0000000E+0,5.0000000E+1,1.9800000E-2
0.0000000E+0,-1.1318400E-2,6.2960850E-2,2.4801903E-4,2.0000000E+0,2.0000000E+0,5.0000400E+1,1.9800000E-2
0.0000000E+0,-1.1269900E-2,6.2960850E-2,2.4801903E-4,2.0000000E+0,2.0000000E+0,4.9999900E+1,1.9800000E-2
0.0000000E+0,-1.1310000E-2,6.2960850E-2,2.4801903E-4,2.0000000E+0,2.0000000E+0,4.9999800E+1,1.9800000E-2
0.0000000E+0,-1.0997100E-2,6.2960850E-2,2.5089095E-4,2.0000000E+0,2.0000000E+0,4.9999800E+1,1.9800000E-2
0.0000000E+0,-1.0931700E-2,6.2960850E-2,2.4801903E-4,2.0000000E+0,2.0000000E+0,5.0000200E+1,1.9800000E-2
0.0000000E+0,-1.1010600E-2,6.2960850E-2,2.4801903E-4,2.0000000E+0,2.0000000E+0,4.9999800E+1,1.9800000E-2
0.0000000E+0,-1.0664900E-2,6.2960850E-2,2.4801903E-4,2.0000000E+0,2.0000000E+0,5.0000000E+1,1.9800000E-2
0.0000000E+0,-1.0811100E-2,6.2960850E-2,2.5089095E-4,2.0000000E+0,2.0000000E+0,5.0000000E+1,1.9800000E-2
0.0000000E+0,-1.0645400E-2,6.2960850E-2,2.4801903E-4,2.0000000E+0,2.0000000E+0,5.0000100E+1,1.9800000E-2
0.0000000E+0,-1.0567100E-2,6.2960850E-2,2.4801903E-4,2.0000000E+0,2.0000000E+0,4.9999600E+1,1.9800000E-2
0.0000000E+0,-1.0473200E-2,6.2960850E-2,2.4801903E-4,2.0000000E+0,2.0000000E+0,4.9999700E+1,1.9800000E-2
0.0000000E+0,-1.0508000E-2,6.2960850E-2,2.5089095E-4,2.0000000E+0,2.0000000E+0,4.9999900E+1,1.9800000E-2
0.0000000E+0,-1.0426700E-2,6.2960850E-2,2.4801903E-4,2.0000000E+0,2.0000000E+0,5.0000200E+1,1.9800000E-2
0.0000000E+0,-1.0388300E-2,6.2960850E-2,2.4801903E-4,2.0000000E+0,2.0000000E+0,4.9999900E+1,1.9800000E-2
0.0000000E+0,-1.0350700E-2,6.2960850E-2,2.4801903E-4,2.0000000E+0,2.0000000E+0,4.9999700E+1,1.9800000E-2
0.0000000E+0,-1.0271800E-2,6.2960850E-2,2.4801903E-4,2.0000000E+0,2.0000000E+0,4.9999800E+1,1.9800000E-2
0.0000000E+0,-1.0104400E-2,6.2960850E-2,2.4801903E-4,2.0000000E+0,2.0000000E+0,5.0000000E+1,1.9800000E-2
0.0000000E+0,-1.0167200E-2,6.2960850E-2,2.4801903E-4,2.0000000E+0,2.0000000E+0,5.0000300E+1,1.9800000E-2
0.0000000E+0,-1.0045200E-2,6.2960850E-2,2.4801903E-4,2.0000000E+0,2.0000000E+0,4.9999900E+1,1.9800000E-2
0.0000000E+0,-1.0034800E-2,6.2960850E-2,2.4801903E-4,2.0000000E+0,2.0000000E+0,5.0000000E+1,1.9800000E-2
0.0000000E+0,-9.9482000E-3,6.2960850E-2,2.4801903E-4,2.0000000E+0,2.0000000E+0,4.9999700E+1,1.9800000E-2
0.0000000E+0,-9.9249000E-3,6.2960850E-2,2.4801903E-4,2.0000000E+0,2.0000000E+0,5.0000400E+1,1.9800000E-2
0.0000000E+0,-9.8791000E-3,6.2960850E-2,2.4801903E-4,2.0000000E+0,2.0000000E+0,5.0000200E+1,1.9800000E-2
0.0000000E+0,-9.7261000E-3,6.2960850E-2,2.4801903E-4,2.0000000E+0,2.0000000E+0,4.9999900E+1,1.9800000E-2
0.0000000E+0,-9.8895000E-3,6.2960850E-2,2.4801903E-4,2.0000000E+0,2.0000000E+0,5.0000100E+1,1.9800000E-2
0.0000000E+0,-9.6074000E-3,6.2960850E-2,2.4801903E-4,2.0000000E+0,2.0000000E+0,5.0000100E+1,1.9800000E-2
0.0000000E+0,-9.6523000E-3,6.2960850E-2,2.4801903E-4,2.0000000E+0,2.0000000E+0,5.0000000E+1,1.9800000E-2
0.0000000E+0,-9.5555000E-3,6.2960850E-2,2.4801903E-4,2.0000000E+0,2.0000000E+0,4.9999800E+1,1.9800000E-2
0.0000000E+0,-9.5393000E-3,6.2960850E-2,2.4801903E-4,2.0000000E+0,2.0000000E+0,4.9999600E+1,1.9800000E-2
0.0000000E+0,-9.3201000E-3,6.2960850E-2,2.4801903E-4,2.0000000E+0,2.0000000E+0,4.9999800E+1,1.9800000E-2
0.0000000E+0,-9.4145000E-3,6.2960850E-2,2.4801903E-4,2.0000000E+0,2.0000000E+0,4.9999900E+1,1.9800000E-2
0.0000000E+0,-9.2534000E-3,6.2960850E-2,2.4801903E-4,2.0000000E+0,2.0000000E+0,5.0000200E+1,1.9800000E-2
0.0000000E+0,-9.1378000E-3,6.2960850E-2,2.4801903E-4,2.0000000E+0,2.0000000E+0,4.9999800E+1,1.9800000E-2
0.0000000E+0,-9.1114000E-3,6.2960850E-2,2.4801903E-4,2.0000000E+0,2.0000000E+0,4.9999800E+1,1.9800000E-2
0.0000000E+0,-9.0635000E-3,6.2960850E-2,2.4801903E-4,2.0000000E+0,2.0000000E+0,4.9999700E+1,1.9800000E-2
0.0000000E+0,-8.9931000E-3,6.2960850E-2,2.4801903E-4,2.0000000E+0,2.0000000E+0,5.0000000E+1,1.9800000E-2
0.0000000E+0,-8.9833000E-3,6.2960850E-2,2.4801903E-4,2.0000000E+0,2.0000000E+0,4.9999700E+1,1.9800000E-2
0.0000000E+0,-8.9226000E-3,6.2960850E-2,2.4801903E-4,2.0000000E+0,2.0000000E+0,4.9999600E+1,1.9800000E-2
0.0000000E+0,-8.8275000E-3,6.2960850E-2,2.4801903E-4,2.0000000E+0,2.0000000E+0,4.9999900E+1,1.9800000E-2
0.0000000E+0,-8.8346000E-3,6.2960850E-2,2.4801903E-4,2.0000000E+0,2.0000000E+0,5.0000300E+1,1.9800000E-2
0.0000000E+0,-8.8813000E-3,6.2960850E-2,2.4801903E-4,2.0000000E+0,2.0000000E+0,5.0000300E+1,1.9800000E-2
0.0000000E+0,-8.7337000E-3,6.2960850E-2,2.4801903E-4,2.0000000E+0,2.0000000E+0,4.9999700E+1,1.9800000E-2
0.0000000E+0,-8.7167000E-3,6.2960850E-2,2.4801903E-4,2.0000000E+0,2.0000000E+0,4.9999700E+1,1.9800000E-2
0.0000000E+0,-8.5425000E-3,6.2960850E-2,2.4801903E-4,2.0000000E+0,2.0000000E+0,4.9999700E+1,1.9800000E-2
0.0000000E+0,-8.5183000E-3,6.2960850E-2,2.4801903E-4,2.0000000E+0,2.0000000E+0,5.0000100E+1,1.9800000E-2
0.0000000E+0,-8.4219000E-3,6.2960850E-2,2.4801903E-4,2.0000000E+0,2.0000000E+0,5.0000100E+1,1.9800000E-2
0.0000000E+0,-8.4339000E-3,6.2960850E-2,2.4801903E-4,2.0000000E+0,2.0000000E+0,5.0000400E+1,1.9800000E-2
0.0000000E+0,-8.3415000E-3,6.2960850E-2,2.4801903E-4,2.0000000E+0,2.0000000E+0,5.0000000E+1,1.9800000E-2
0.0000000E+0,-8.3116000E-3,6.2960850E-2,2.4801903E-4,2.0000000E+0,2.0000000E+0,5.0000000E+1,1.9800000E-2
0.0000000E+0,-8.3047000E-3,6.2960850E-2,2.4801903E-4,2.0000000E+0,2.0000000E+0,4.9999900E+1,1.9800000E-2
0.0000000E+0,-8.2509000E-3,6.2960850E-2,2.4801903E-4,2.0000000E+0,2.0000000E+0,5.0000100E+1,1.9800000E-2
0.0000000E+0,-8.1820000E-3,6.2960850E-2,2.4801903E-4,2.0000000E+0,2.0000000E+0,5.0000000E+1,1.9800000E-2
0.0000000E+0,-8.1084000E-3,6.2960850E-2,2.4801903E-4,2.0000000E+0,2.0000000E+0,4.9999900E+1,1.9800000E-2
0.0000000E+0,-8.0864000E-3,6.2960850E-2,2.4801903E-4,2.0000000E+0,2.0000000E+0,4.9999900E+1,1.9800000E-2
0.0000000E+0,-8.0224000E-3,6.2960850E-2,2.4801903E-4,2.0000000E+0,2.0000000E+0,4.9999900E+1,1.9800000E-2
0.0000000E+0,-8.0222000E-3,6.2960850E-2,2.4801903E-4,2.0000000E+0,2.0000000E+0,5.0000100E+1,1.9800000E-2
0.0000000E+0,-7.9107000E-3,6.2960850E-2,2.4801903E-4,2.0000000E+0,2.0000000E+0,5.0000200E+1,1.9800000E-2
0.0000000E+0,-7.8983000E-3,6.2960850E-2,2.4801903E-4,2.0000000E+0,2.0000000E+0,5.0000200E+1,1.9800000E-2
0.0000000E+0,-7.8318000E-3,6.2960850E-2,2.4801903E-4,2.0000000E+0,2.0000000E+0,5.0000100E+1,1.9800000E-2
0.0000000E+0,-7.7644000E-3,6.2960850E-2,2.4801903E-4,2.0000000E+0,2.0000000E+0,4.9999700E+1,1.9800000E-2
0.0000000E+0,-7.7487000E-3,6.2960850E-2,2.4801903E-4,2.0000000E+0,2.0000000E+0,4.9999700E+1,1.9800000E-2
0.0000000E+0,-7.6831000E-3,6.2960850E-2,2.4801903E-4,2.0000000E+0,2.0000000E+0,5.0000000E+1,1.9800000E-2
0.0000000E+0,-7.6230000E-3,6.2960850E-2,2.4801903E-4,2.0000000E+0,2.0000000E+0,4.9999900E+1,1.9800000E-2
0.0000000E+0,-7.5291000E-3,6.2960850E-2,2.4801903E-4,2.0000000E+0,2.0000000E+0,4.9999900E+1,1.9800000E-2
0.0000000E+0,-7.5284000E-3,6.2960850E-2,2.4801903E-4,2.0000000E+0,2.0000000E+0,5.0000000E+1,1.9800000E-2
0.0000000E+0,-7.4752000E-3,6.2960850E-2,2.4801903E-4,2.0000000E+0,2.0000000E+0,5.0000100E+1,1.9800000E-2
0.0000000E+0,-7.4253000E-3,6.2960850E-2,2.4801903E-4,2.0000000E+0,2.0000000E+0,5.0000200E+1,1.9800000E-2
0.0000000E+0,-7.3699000E-3,6.2960850E-2,2.4801903E-4,2.0000000E+0,2.0000000E+0,5.0000200E+1,1.9800000E-2
0.0000000E+0,-7.2993000E-3,6.2960850E-2,2.4801903E-4,2.0000000E+0,2.0000000E+0,5.0000100E+1,1.9800000E-2
0.0000000E+0,-7.2223000E-3,6.2960850E-2,2.4801903E-4,2.0000000E+0,2.0000000E+0,4.9999900E+1,1.9800000E-2
0.0000000E+0,-7.1876000E-3,6.2960850E-2,2.4801903E-4,2.0000000E+0,2.0000000E+0,4.9999800E+1,1.9800000E-2
0.0000000E+0,-7.1592000E-3,6.2960850E-2,2.4801903E-4,2.0000000E+0,2.0000000E+0,4.9999500E+1,1.9800000E-2
0.0000000E+0,-7.1233000E-3,6.2960850E-2,2.4801903E-4,2.0000000E+0,2.0000000E+0,4.9999600E+1,1.9800000E-2
0.0000000E+0,-7.0648000E-3,6.2960850E-2,2.4801903E-4,2.0000000E+0,2.0000000E+0,4.9999800E+1,1.9800000E-2
0.0000000E+0,-7.0080000E-3,6.2960850E-2,2.4801903E-4,2.0000000E+0,2.0000000E+0,4.9999800E+1,1.9800000E-2
0.0000000E+0,-6.9516000E-3,6.2960850E-2,2.4801903E-4,2.0000000E+0,2.0000000E+0,4.9999900E+1,1.9800000E-2
0.0000000E+0,-6.9121000E-3,6.2960850E-2,2.5089095E-4,2.0000000E+0,2.0000000E+0,5.0000100E+1,1.9800000E-2
0.0000000E+0,-6.8580000E-3,6.2960850E-2,2.4801903E-4,2.0000000E+0,2.0000000E+0,4.9999600E+1,1.9800000E-2
0.0000000E+0,-6.8080000E-3,6.2960850E-2,2.4801903E-4,2.0000000E+0,2.0000000E+0,5.0000200E+1,1.9800000E-2
0.0000000E+0,-6.7517000E-3,6.2960850E-2,2.4801903E-4,2.0000000E+0,2.0000000E+0,4.9999800E+1,1.9800000E-2
0.0000000E+0,-6.7024000E-3,6.2960850E-2,2.4801903E-4,2.0000000E+0,2.0000000E+0,5.0000100E+1,1.9800000E-2
0.0000000E+0,-6.6542000E-3,6.2960850E-2,2.4801903E-4,2.0000000E+0,2.0000000E+0,5.0000000E+1,1.9800000E-2
0.0000000E+0,-6.6027000E-3,6.2960850E-2,2.4801903E-4,2.0000000E+0,2.0000000E+0,5.0000200E+1,1.9800000E-2
0.0000000E+0,-6.5578000E-3,6.2960850E-2,2.4801903E-4,2.0000000E+0,2.0000000E+0,4.9999900E+1,1.9800000E-2
0.0000000E+0,-6.5077000E-3,6.2960850E-2,2.4801903E-4,2.0000000E+0,2.0000000E+0,5.0000100E+1,1.9800000E-2
0.0000000E+0,-6.4554000E-3,6.2960850E-2,2.4801903E-4,2.0000000E+0,2.0000000E+0,4.9999900E+1,1.9800000E-2
0.0000000E+0,-6.4097000E-3,6.2960850E-2,2.5089095E-4,2.0000000E+0,2.0000000E+0,5.0000000E+1,1.9800000E-2
0.0000000E+0,-6.3634000E-3,6.2960850E-2,2.4801903E-4,2.0000000E+0,2.0000000E+0,5.0000300E+1,1.9800000E-2
0.0000000E+0,-6.3046000E-3,6.2960850E-2,2.4801903E-4,2.0000000E+0,2.0000000E+0,5.0000100E+1,1.9800000E-2
0.0000000E+0,-6.2548000E-3,6.2960850E-2,2.4801903E-4,2.0000000E+0,2.0000000E+0,5.0000100E+1,1.9800000E-2
0.0000000E+0,-6.2040000E-3,6.2960850E-2,2.4801903E-4,2.0000000E+0,2.0000000E+0,4.9999900E+1,1.9800000E-2
0.0000000E+0,-6.1544000E-3,6.2960850E-2,2.4801903E-4,2.0000000E+0,2.0000000E+0,5.0000100E+1,1.9800000E-2
0.0000000E+0,-6.1123000E-3,6.2960850E-2,2.4801903E-4,2.0000000E+0,2.0000000E+0,5.0000500E+1,1.9800000E-2
0.0000000E+0,-6.0544000E-3,6.2960850E-2,2.4801903E-4,2.0000000E+0,2.0000000E+0,4.9999900E+1,1.9800000E-2
0.0000000E+0,-6.0055000E-3,6.2960850E-2,2.4801903E-4,2.0000000E+0,2.0000000E+0,4.9999800E+1,1.9800000E-2
0.0000000E+0,-5.9479000E-3,6.2960850E-2,2.4801903E-4,2.0000000E+0,2.0000000E+0,5.0000000E+1,1.9800000E-2
0.0000000E+0,-5.9024000E-3,6.2960850E-2,2.4801903E-4,2.0000000E+0,2.0000000E+0,4.9999900E+1,1.9800000E-2
0.0000000E+0,-5.8559000E-3,6.2960850E-2,2.4801903E-4,2.0000000E+0,2.0000000E+0,5.0000200E+1,1.9800000E-2
0.0000000E+0,-5.8102000E-3,6.2960850E-2,2.4801903E-4,2.0000000E+0,2.0000000E+0,5.0000500E+1,1.9800000E-2
0.0000000E+0,-5.7550000E-3,6.2960850E-2,2.4801903E-4,2.0000000E+0,2.0000000E+0,5.0000600E+1,1.9800000E-2
0.0000000E+0,-5.7085000E-3,6.2960850E-2,2.4801903E-4,2.0000000E+0,2.0000000E+0,5.0000000E+1,1.9800000E-2
0.0000000E+0,-5.6613000E-3,6.2960850E-2,2.4801903E-4,2.0000000E+0,2.0000000E+0,5.0000000E+1,1.9800000E-2
0.0000000E+0,-5.6064000E-3,6.2960850E-2,2.4801903E-4,2.0000000E+0,2.0000000E+0,5.0000200E+1,1.9800000E-2
0.0000000E+0,-5.5561000E-3,6.2960850E-2,2.4801903E-4,2.0000000E+0,2.0000000E+0,5.0000000E+1,1.9800000E-2
0.0000000E+0,-5.5048000E-3,6.2960850E-2,2.4801903E-4,2.0000000E+0,2.0000000E+0,5.0000500E+1,1.9800000E-2
0.0000000E+0,-5.4674000E-3,6.2960850E-2,2.4801903E-4,2.0000000E+0,2.0000000E+0,5.0000100E+1,1.9800000E-2
0.0000000E+0,-5.4089000E-3,6.2960850E-2,2.4801903E-4,2.0000000E+0,2.0000000E+0,5.0000400E+1,1.9800000E-2
0.0000000E+0,-5.3590000E-3,6.2960850E-2,2.4801903E-4,2.0000000E+0,2.0000000E+0,5.0000300E+1,1.9800000E-2
0.0000000E+0,-5.3072000E-3,6.2960850E-2,2.4801903E-4,2.0000000E+0,2.0000000E+0,5.0000400E+1,1.9800000E-2
0.0000000E+0,-5.2562000E-3,6.2960850E-2,2.4801903E-4,2.0000000E+0,2.0000000E+0,5.0000200E+1,1.9800000E-2
0.0000000E+0,-5.2028000E-3,6.2960850E-2,2.4801903E-4,2.0000000E+0,2.0000000E+0,5.0000200E+1,1.9800000E-2
0.0000000E+0,-5.1541000E-3,6.2960850E-2,2.4801903E-4,2.0000000E+0,2.0000000E+0,5.0000400E+1,1.9800000E-2
0.0000000E+0,-5.1015000E-3,6.2960850E-2,2.4801903E-4,2.0000000E+0,2.0000000E+0,5.0000300E+1,1.9800000E-2
0.0000000E+0,-5.0577000E-3,6.2960850E-2,2.4801903E-4,2.0000000E+0,2.0000000E+0,5.0000700E+1,1.9800000E-2
0.0000000E+0,-5.0053000E-3,6.2960850E-2,2.4801903E-4,2.0000000E+0,2.0000000E+0,5.0000400E+1,1.9800000E-2
0.0000000E+0,-4.9581000E-3,6.2960850E-2,2.4801903E-4,2.0000000E+0,2.0000000E+0,5.0000400E+1,1.9800000E-2
0.0000000E+0,-4.9078000E-3,6.2960850E-2,2.5089095E-4,2.0000000E+0,2.0000000E+0,5.0000400E+1,1.9800000E-2
0.0000000E+0,-4.8557000E-3,6.2960850E-2,2.4801903E-4,2.0000000E+0,2.0000000E+0,5.0000300E+1,1.9800000E-2
0.0000000E+0,-4.8119000E-3,6.2960850E-2,2.4801903E-4,2.0000000E+0,2.0000000E+0,5.0000400E+1,1.9800000E-2
0.0000000E+0,-4.7562000E-3,6.2960850E-2,2.4801903E-4,2.0000000E+0,2.0000000E+0,5.0000800E+1,1.9800000E-2
0.0000000E+0,-4.7070000E-3,6.2960850E-2,2.4801903E-4,2.0000000E+0,2.0000000E+0,5.0000400E+1,1.9800000E-2
0.0000000E+0,-4.6629000E-3,6.2960850E-2,2.4801903E-4,2.0000000E+0,2.0000000E+0,5.0000700E+1,1.9800000E-2
0.0000000E+0,-4.6076000E-3,6.2960850E-2,2.4801903E-4,2.0000000E+0,2.0000000E+0,5.0000200E+1,1.9800000E-2
0.0000000E+0,-4.5557000E-3,6.2960850E-2,2.4801903E-4,2.0000000E+0,2.0000000E+0,4.9999900E+1,1.9800000E-2
0.0000000E+0,-4.5025000E-3,6.2960850E-2,2.4801903E-4,2.0000000E+0,2.0000000E+0,5.0000400E+1,1.9800000E-2
0.0000000E+0,-4.4575000E-3,6.2960850E-2,2.4801903E-4,2.0000000E+0,2.0000000E+0,5.0000500E+1,1.9800000E-2
0.0000000E+0,-4.4070000E-3,6.2960850E-2,2.4801903E-4,2.0000000E+0,2.0000000E+0,5.0000400E+1,1.9800000E-2
0.0000000E+0,-4.3523000E-3,6.2960850E-2,2.4801903E-4,2.0000000E+0,2.0000000E+0,5.0000500E+1,1.9800000E-2
0.0000000E+0,-4.3128000E-3,6.2960850E-2,2.4801903E-4,2.0000000E+0,2.0000000E+0,5.0000300E+1,1.9800000E-2
0.0000000E+0,-4.2576000E-3,6.2960850E-2,2.4801903E-4,2.0000000E+0,2.0000000E+0,5.0000400E+1,1.9800000E-2
0.0000000E+0,-4.2036000E-3,6.2960850E-2,2.4801903E-4,2.0000000E+0,2.0000000E+0,5.0000300E+1,1.9800000E-2
0.0000000E+0,-4.1550000E-3,6.2960850E-2,2.4801903E-4,2.0000000E+0,2.0000000E+0,5.0000200E+1,1.9800000E-2
0.0000000E+0,-4.1083000E-3,6.2960850E-2,2.4801903E-4,2.0000000E+0,2.0000000E+0,5.0000100E+1,1.9800000E-2
0.0000000E+0,-4.0559000E-3,6.2960850E-2,2.4801903E-4,2.0000000E+0,2.0000000E+0,4.9999900E+1,1.9800000E-2
0.0000000E+0,-4.0056000E-3,6.2960850E-2,2.4801903E-4,2.0000000E+0,2.0000000E+0,5.0000100E+1,1.9800000E-2
0.0000000E+0,-3.9549000E-3,6.2960850E-2,2.4801903E-4,2.0000000E+0,2.0000000E+0,5.0000000E+1,1.9800000E-2
0.0000000E+0,-3.9053000E-3,6.2960850E-2,2.4801903E-4,2.0000000E+0,2.0000000E+0,5.0000300E+1,1.9800000E-2
0.0000000E+0,-3.8532000E-3,6.2960850E-2,2.4801903E-4,2.0000000E+0,2.0000000E+0,5.0000000E+1,1.9800000E-2
0.0000000E+0,-3.8069000E-3,6.2960850E-2,2.4801903E-4,2.0000000E+0,2.0000000E+0,5.0000500E+1,1.9800000E-2
0.0000000E+0,-3.7583000E-3,6.2960850E-2,2.4801903E-4,2.0000000E+0,2.0000000E+0,5.0000500E+1,1.9800000E-2
0.0000000E+0,-3.7032000E-3,6.2960850E-2,2.4801903E-4,2.0000000E+0,2.0000000E+0,5.0000400E+1,1.9800000E-2
0.0000000E+0,-3.6593000E-3,6.2960850E-2,2.4801903E-4,2.0000000E+0,2.0000000E+0,5.0000600E+1,1.9800000E-2
0.0000000E+0,-3.6121000E-3,6.2960850E-2,2.4801903E-4,2.0000000E+0,2.0000000E+0,5.0000700E+1,1.9800000E-2
0.0000000E+0,-3.5562000E-3,6.2960850E-2,2.4801903E-4,2.0000000E+0,2.0000000E+0,5.0000400E+1,1.9800000E-2
0.0000000E+0,-3.5072000E-3,6.2960850E-2,2.4801903E-4,2.0000000E+0,2.0000000E+0,5.0000300E+1,1.9800000E-2
0.0000000E+0,-3.4583000E-3,6.2960850E-2,2.4801903E-4,2.0000000E+0,2.0000000E+0,5.0000100E+1,1.9800000E-2
0.0000000E+0,-3.4073000E-3,6.2960850E-2,2.4801903E-4,2.0000000E+0,2.0000000E+0,4.9999700E+1,1.9800000E-2
0.0000000E+0,-3.3556000E-3,6.2960850E-2,2.4801903E-4,2.0000000E+0,2.0000000E+0,5.0000200E+1,1.9800000E-2
0.0000000E+0,-3.3107000E-3,6.2960850E-2,2.5089095E-4,2.0000000E+0,2.0000000E+0,4.9999900E+1,1.9800000E-2
0.0000000E+0,-3.2599000E-3,6.2960850E-2,2.4801903E-4,2.0000000E+0,2.0000000E+0,5.0000100E+1,1.9800000E-2
0.0000000E+0,-3.2034000E-3,6.2960850E-2,2.4801903E-4,2.0000000E+0,2.0000000E+0,4.9999800E+1,1.9800000E-2
0.0000000E+0,-3.1604000E-3,6.2960850E-2,2.4801903E-4,2.0000000E+0,2.0000000E+0,5.0000300E+1,1.9800000E-2
0.0000000E+0,-3.1048000E-3,6.2960850E-2,2.4801903E-4,2.0000000E+0,2.0000000E+0,5.0000400E+1,1.9800000E-2
0.0000000E+0,-3.0583000E-3,6.2960850E-2,2.4801903E-4,2.0000000E+0,2.0000000E+0,5.0000600E+1,1.9800000E-2
0.0000000E+0,-3.0018000E-3,6.2960850E-2,2.4801903E-4,2.0000000E+0,2.0000000E+0,5.0000300E+1,1.9800000E-2
0.0000000E+0,-2.9477000E-3,6.2960850E-2,2.4801903E-4,2.0000000E+0,2.0000000E+0,5.0000100E+1,1.9800000E-2
0.0000000E+0,-2.9096000E-3,6.2960850E-2,2.4801903E-4,2.0000000E+0,2.0000000E+0,5.0000100E+1,1.9800000E-2
0.0000000E+0,-2.8561000E-3,6.2960850E-2,2.4801903E-4,2.0000000E+0,2.0000000E+0,4.9999900E+1,1.9800000E-2
0.0000000E+0,-2.8067000E-3,6.2960850E-2,2.4801903E-4,2.0000000E+0,2.0000000E+0,5.0000500E+1,1.9800000E-2
0.0000000E+0,-2.7580000E-3,6.2960850E-2,2.4801903E-4,2.0000000E+0,2.0000000E+0,5.0000400E+1,1.9800000E-2
0.0000000E+0,-2.7065000E-3,6.2960850E-2,2.4801903E-4,2.0000000E+0,2.0000000E+0,5.0000500E+1,1.9800000E-2
0.0000000E+0,-2.6540000E-3,6.2960850E-2,2.4801903E-4,2.0000000E+0,2.0000000E+0,5.0000600E+1,1.9800000E-2
0.0000000E+0,-2.6084000E-3,6.2960850E-2,2.4801903E-4,2.0000000E+0,2.0000000E+0,5.0000200E+1,1.9800000E-2
0.0000000E+0,-2.5554000E-3,6.2960850E-2,2.4801903E-4,2.0000000E+0,2.0000000E+0,5.0000500E+1,1.9800000E-2
0.0000000E+0,-2.5096000E-3,6.2960850E-2,2.4801903E-4,2.0000000E+0,2.0000000E+0,5.0000500E+1,1.9800000E-2
0.0000000E+0,-2.4577000E-3,6.2960850E-2,2.4801903E-4,2.0000000E+0,2.0000000E+0,5.0000400E+1,1.9800000E-2
0.0000000E+0,-2.4076000E-3,6.2960850E-2,2.4801903E-4,2.0000000E+0,2.0000000E+0,5.0000300E+1,1.9800000E-2
0.0000000E+0,-2.3555000E-3,6.2960850E-2,2.4801903E-4,2.0000000E+0,2.0000000E+0,5.0000400E+1,1.9800000E-2
0.0000000E+0,-2.3041000E-3,6.2960850E-2,2.4801903E-4,2.0000000E+0,2.0000000E+0,4.9999900E+1,1.9800000E-2
0.0000000E+0,-2.2538000E-3,6.2960850E-2,2.4801903E-4,2.0000000E+0,2.0000000E+0,5.0000000E+1,1.9800000E-2
0.0000000E+0,-2.2093000E-3,6.2960850E-2,2.4801903E-4,2.0000000E+0,2.0000000E+0,5.0000400E+1,1.9800000E-2
0.0000000E+0,-2.1569000E-3,6.2960850E-2,2.4801903E-4,2.0000000E+0,2.0000000E+0,5.0000500E+1,1.9800000E-2
0.0000000E+0,-2.1051000E-3,6.2960850E-2,2.4801903E-4,2.0000000E+0,2.0000000E+0,5.0000700E+1,1.9800000E-2
0.0000000E+0,-2.0526000E-3,6.2960850E-2,2.4801903E-4,2.0000000E+0,2.0000000E+0,5.0000500E+1,1.9800000E-2
0.0000000E+0,-2.0043000E-3,6.2960850E-2,2.4801903E-4,2.0000000E+0,2.0000000E+0,5.0000500E+1,1.9800000E-2
0.0000000E+0,-1.9553000E-3,6.2960850E-2,2.5089095E-4,2.0000000E+0,2.0000000E+0,5.0000800E+1,1.9800000E-2
0.0000000E+0,-1.9050000E-3,6.2960850E-2,2.4801903E-4,2.0000000E+0,2.0000000E+0,5.0000900E+1,1.9800000E-2
0.0000000E+0,-1.8589000E-3,6.2960850E-2,2.4801903E-4,2.0000000E+0,2.0000000E+0,5.0000900E+1,1.9800000E-2
0.0000000E+0,-1.8152000E-3,6.2960850E-2,2.4801903E-4,2.0000000E+0,2.0000000E+0,5.0000700E+1,1.9800000E-2
0.0000000E+0,-1.7556000E-3,6.2960850E-2,2.4801903E-4,2.0000000E+0,2.0000000E+0,5.0000900E+1,1.9800000E-2
0.0000000E+0,-1.7038000E-3,6.2960850E-2,2.4801903E-4,2.0000000E+0,2.0000000E+0,5.0000700E+1,1.9800000E-2
0.0000000E+0,-1.6641000E-3,6.2960850E-2,2.4801903E-4,2.0000000E+0,2.0000000E+0,5.0001000E+1,1.9800000E-2
0.0000000E+0,-1.6211000E-3,6.2960850E-2,2.4801903E-4,2.0000000E+0,2.0000000E+0,5.0000800E+1,1.9800000E-2
0.0000000E+0,-1.5590000E-3,6.2960850E-2,2.4801903E-4,2.0000000E+0,2.0000000E+0,5.0000300E+1,1.9800000E-2
0.0000000E+0,-1.5094000E-3,6.2960850E-2,2.4801903E-4,2.0000000E+0,2.0000000E+0,5.0000300E+1,1.9800000E-2
0.0000000E+0,-1.4562000E-3,6.2960850E-2,2.4801903E-4,2.0000000E+0,2.0000000E+0,5.0000200E+1,1.9800000E-2
0.0000000E+0,-1.4123000E-3,6.2960850E-2,2.4801903E-4,2.0000000E+0,2.0000000E+0,5.0000200E+1,1.9800000E-2
0.0000000E+0,-1.3745000E-3,6.2960850E-2,2.4801903E-4,2.0000000E+0,2.0000000E+0,4.9999800E+1,1.9800000E-2
0.0000000E+0,-1.3133000E-3,6.2960850E-2,2.4801903E-4,2.0000000E+0,2.0000000E+0,4.9999900E+1,1.9800000E-2
0.0000000E+0,-1.2541000E-3,6.2960850E-2,2.4801903E-4,2.0000000E+0,2.0000000E+0,5.0000100E+1,1.9800000E-2
0.0000000E+0,-1.2045000E-3,6.2960850E-2,2.4801903E-4,2.0000000E+0,2.0000000E+0,5.0000100E+1,1.9800000E-2
0.0000000E+0,-1.1542000E-3,6.2960850E-2,2.4801903E-4,2.0000000E+0,2.0000000E+0,5.0000100E+1,1.9800000E-2
0.0000000E+0,-1.1152000E-3,6.2960850E-2,2.4801903E-4,2.0000000E+0,2.0000000E+0,5.0000000E+1,1.9800000E-2
0.0000000E+0,-1.0646000E-3,6.2960850E-2,2.4801903E-4,2.0000000E+0,2.0000000E+0,4.9999700E+1,1.9800000E-2
0.0000000E+0,-1.0015000E-3,6.2960850E-2,2.4801903E-4,2.0000000E+0,2.0000000E+0,4.9999800E+1,1.9800000E-2
0.0000000E+0,-9.4850000E-4,6.2960850E-2,2.4801903E-4,2.0000000E+0,2.0000000E+0,4.9999700E+1,1.9800000E-2
0.0000000E+0,-9.1210000E-4,6.2960850E-2,2.4801903E-4,2.0000000E+0,2.0000000E+0,4.9999600E+1,1.9800000E-2
0.0000000E+0,-8.6270000E-4,6.2960850E-2,2.4801903E-4,2.0000000E+0,2.0000000E+0,4.9999900E+1,1.9800000E-2
0.0000000E+0,-8.0290000E-4,6.2960850E-2,2.4801903E-4,2.0000000E+0,2.0000000E+0,5.0000000E+1,1.9800000E-2
0.0000000E+0,-7.5900000E-4,6.2960850E-2,2.4801903E-4,2.0000000E+0,2.0000000E+0,4.9999900E+1,1.9800000E-2
0.0000000E+0,-7.0540000E-4,6.2960850E-2,2.4801903E-4,2.0000000E+0,2.0000000E+0,5.0000000E+1,1.9800000E-2
0.0000000E+0,-6.5800000E-4,6.2960850E-2,2.4801903E-4,2.0000000E+0,2.0000000E+0,4.9999900E+1,1.9800000E-2
0.0000000E+0,-6.0660000E-4,6.2960850E-2,2.4801903E-4,2.0000000E+0,2.0000000E+0,5.0000100E+1,1.9800000E-2
0.0000000E+0,-5.5830000E-4,6.2960850E-2,2.4801903E-4,2.0000000E+0,2.0000000E+0,5.0000000E+1,1.9800000E-2
0.0000000E+0,-5.0970000E-4,6.2960850E-2,2.4801903E-4,2.0000000E+0,2.0000000E+0,5.0000000E+1,1.9800000E-2
0.0000000E+0,-4.5630000E-4,6.2960850E-2,2.4801903E-4,2.0000000E+0,2.0000000E+0,5.0000000E+1,1.9800000E-2
0.0000000E+0,-4.1580000E-4,6.2960850E-2,2.4801903E-4,2.0000000E+0,2.0000000E+0,5.0000100E+1,1.9800000E-2
0.0000000E+0,-3.5430000E-4,6.2960850E-2,2.4801903E-4,2.0000000E+0,2.0000000E+0,5.0000200E+1,1.9800000E-2
0.0000000E+0,-3.0520000E-4,6.2960850E-2,2.4801903E-4,2.0000000E+0,2.0000000E+0,4.9999900E+1,1.9800000E-2
0.0000000E+0,-2.5860000E-4,6.2960850E-2,2.4801903E-4,2.0000000E+0,2.0000000E+0,4.9999700E+1,1.9800000E-2
0.0000000E+0,-2.0630000E-4,6.2960850E-2,2.5089095E-4,2.0000000E+0,2.0000000E+0,4.9999900E+1,1.9800000E-2
0.0000000E+0,-1.5690000E-4,6.2960850E-2,2.4801903E-4,2.0000000E+0,2.0000000E+0,4.9999800E+1,1.9800000E-2
0.0000000E+0,-1.0610000E-4,6.2960850E-2,2.4801903E-4,2.0000000E+0,2.0000000E+0,4.9999800E+1,1.9800000E-2
0.0000000E+0,-5.8100000E-5,6.2960850E-2,2.4801903E-4,2.0000000E+0,2.0000000E+0,4.9999600E+1,1.9800000E-2
0.0000000E+0,-7.5000000E-6,6.2960850E-2,2.4801903E-4,2.0000000E+0,2.0000000E+0,4.9999800E+1,1.9800000E-2
0.0000000E+0,4.3200000E-5,6.2960850E-2,2.4801903E-4,2.0000000E+0,2.0000000E+0,5.0000000E+1,1.9800000E-2
0.0000000E+0,9.7500000E-5,6.2960850E-2,2.4801903E-4,2.0000000E+0,2.0000000E+0,4.9999900E+1,1.9800000E-2
0.0000000E+0,1.4270000E-4,6.2960850E-2,2.4801903E-4,2.0000000E+0,2.0000000E+0,5.0000000E+1,1.9800000E-2
0.0000000E+0,1.9570000E-4,6.2960850E-2,2.4801903E-4,2.0000000E+0,2.0000000E+0,4.9999900E+1,1.9800000E-2
0.0000000E+0,2.4130000E-4,6.2960850E-2,2.4801903E-4,2.0000000E+0,2.0000000E+0,4.9999700E+1,1.9800000E-2
0.0000000E+0,2.9650000E-4,6.2960850E-2,2.4801903E-4,2.0000000E+0,2.0000000E+0,4.9999500E+1,1.9800000E-2
0.0000000E+0,3.4130000E-4,6.2960850E-2,2.4801903E-4,2.0000000E+0,2.0000000E+0,4.9999700E+1,1.9800000E-2
0.0000000E+0,3.9360000E-4,6.2960850E-2,2.4801903E-4,2.0000000E+0,2.0000000E+0,4.9999900E+1,1.9800000E-2
0.0000000E+0,4.4970000E-4,6.2960850E-2,2.4801903E-4,2.0000000E+0,2.0000000E+0,5.0000000E+1,1.9800000E-2
0.0000000E+0,4.9680000E-4,6.2960850E-2,2.4801903E-4,2.0000000E+0,2.0000000E+0,5.0000000E+1,1.9800000E-2
0.0000000E+0,5.4470000E-4,6.2960850E-2,2.4801903E-4,2.0000000E+0,2.0000000E+0,5.0000000E+1,1.9800000E-2
0.0000000E+0,5.9210000E-4,6.2960850E-2,2.4801903E-4,2.0000000E+0,2.0000000E+0,5.0000100E+1,1.9800000E-2
0.0000000E+0,6.3690000E-4,6.2960850E-2,2.4801903E-4,2.0000000E+0,2.0000000E+0,5.0000100E+1,1.9800000E-2
0.0000000E+0,6.9320000E-4,6.2960850E-2,2.4801903E-4,2.0000000E+0,2.0000000E+0,4.9999900E+1,1.9800000E-2
0.0000000E+0,7.4110000E-4,6.2960850E-2,2.4801903E-4,2.0000000E+0,2.0000000E+0,5.0000000E+1,1.9800000E-2
0.0000000E+0,7.9210000E-4,6.2960850E-2,2.4801903E-4,2.0000000E+0,2.0000000E+0,4.9999700E+1,1.9800000E-2
0.0000000E+0,8.4100000E-4,6.2960850E-2,2.4801903E-4,2.0000000E+0,2.0000000E+0,4.9999600E+1,1.9800000E-2
0.0000000E+0,8.9310000E-4,6.2960850E-2,2.4801903E-4,2.0000000E+0,2.0000000E+0,4.9999400E+1,1.9800000E-2
0.0000000E+0,9.4410000E-4,6.2960850E-2,2.4801903E-4,2.0000000E+0,2.0000000E+0,4.9999600E+1,1.9800000E-2
0.0000000E+0,9.9260000E-4,6.2960850E-2,2.4801903E-4,2.0000000E+0,2.0000000E+0,4.9999800E+1,1.9800000E-2
0.0000000E+0,1.0431000E-3,6.2960850E-2,2.4801903E-4,2.0000000E+0,2.0000000E+0,5.0000100E+1,1.9800000E-2
0.0000000E+0,1.0914000E-3,6.2960850E-2,2.4801903E-4,2.0000000E+0,2.0000000E+0,5.0000400E+1,1.9800000E-2
0.0000000E+0,1.1400000E-3,6.2960850E-2,2.4801903E-4,2.0000000E+0,2.0000000E+0,5.0000500E+1,1.9800000E-2
0.0000000E+0,1.1938000E-3,6.2960850E-2,2.4801903E-4,2.0000000E+0,2.0000000E+0,5.0000200E+1,1.9800000E-2
0.0000000E+0,1.2452000E-3,6.2960850E-2,2.4801903E-4,2.0000000E+0,2.0000000E+0,5.0000000E+1,1.9800000E-2
0.0000000E+0,1.2960000E-3,6.2960850E-2,2.4801903E-4,2.0000000E+0,2.0000000E+0,5.0000000E+1,1.9800000E-2
0.0000000E+0,1.3465000E-3,6.2960850E-2,2.4801903E-4,2.0000000E+0,2.0000000E+0,5.0000100E+1,1.9800000E-2
0.0000000E+0,1.3915000E-3,6.2960850E-2,2.4801903E-4,2.0000000E+0,2.0000000E+0,5.0000100E+1,1.9800000E-2
0.0000000E+0,1.4462000E-3,6.2960850E-2,2.4801903E-4,2.0000000E+0,2.0000000E+0,5.0000500E+1,1.9800000E-2
0.0000000E+0,1.4941000E-3,6.2960850E-2,2.4801903E-4,2.0000000E+0,2.0000000E+0,5.0000300E+1,1.9800000E-2
0.0000000E+0,1.5380000E-3,6.2960850E-2,2.4801903E-4,2.0000000E+0,2.0000000E+0,5.0000200E+1,1.9800000E-2
0.0000000E+0,1.5919000E-3,6.2960850E-2,2.4801903E-4,2.0000000E+0,2.0000000E+0,5.0000200E+1,1.9800000E-2
0.0000000E+0,1.6421000E-3,6.2960850E-2,2.4801903E-4,2.0000000E+0,2.0000000E+0,5.0000000E+1,1.9800000E-2
0.0000000E+0,1.6933000E-3,6.2960850E-2,2.5089095E-4,2.0000000E+0,2.0000000E+0,5.0000300E+1,1.9800000E-2
0.0000000E+0,1.7457000E-3,6.2960850E-2,2.4801903E-4,2.0000000E+0,2.0000000E+0,5.0000100E+1,1.9800000E-2
0.0000000E+0,1.7931000E-3,6.2960850E-2,2.4801903E-4,2.0000000E+0,2.0000000E+0,5.0000000E+1,1.9800000E-2
0.0000000E+0,1.8474000E-3,6.2960850E-2,2.4801903E-4,2.0000000E+0,2.0000000E+0,5.0000000E+1,1.9800000E-2
0.0000000E+0,1.8955000E-3,6.2960850E-2,2.4801903E-4,2.0000000E+0,2.0000000E+0,5.0000100E+1,1.9800000E-2
0.0000000E+0,1.9404000E-3,6.2960850E-2,2.4801903E-4,2.0000000E+0,2.0000000E+0,5.0000100E+1,1.9800000E-2
0.0000000E+0,1.9947000E-3,6.2960850E-2,2.4801903E-4,2.0000000E+0,2.0000000E+0,5.0000100E+1,1.9800000E-2
0.0000000E+0,2.0415000E-3,6.2960850E-2,2.4801903E-4,2.0000000E+0,2.0000000E+0,5.0000400E+1,1.9800000E-2
0.0000000E+0,2.0898000E-3,6.2960850E-2,2.4801903E-4,2.0000000E+0,2.0000000E+0,5.0000200E+1,1.9800000E-2
0.0000000E+0,2.1430000E-3,6.2960850E-2,2.4801903E-4,2.0000000E+0,2.0000000E+0,5.0000000E+1,1.9800000E-2
0.0000000E+0,2.1918000E-3,6.2960850E-2,2.4801903E-4,2.0000000E+0,2.0000000E+0,5.0000000E+1,1.9800000E-2
0.0000000E+0,2.2443000E-3,6.2960850E-2,2.4801903E-4,2.0000000E+0,2.0000000E+0,5.0000200E+1,1.9800000E-2
0.0000000E+0,2.2928000E-3,6.2960850E-2,2.4801903E-4,2.0000000E+0,2.0000000E+0,5.0000000E+1,1.9800000E-2
0.0000000E+0,2.3442000E-3,6.2960850E-2,2.4801903E-4,2.0000000E+0,2.0000000E+0,5.0000100E+1,1.9800000E-2
0.0000000E+0,2.3992000E-3,6.2960850E-2,2.4801903E-4,2.0000000E+0,2.0000000E+0,4.9999800E+1,1.9800000E-2
0.0000000E+0,2.4433000E-3,6.2960850E-2,2.4801903E-4,2.0000000E+0,2.0000000E+0,5.0000000E+1,1.9800000E-2
0.0000000E+0,2.4922000E-3,6.2960850E-2,2.4801903E-4,2.0000000E+0,2.0000000E+0,5.0000300E+1,1.9800000E-2
0.0000000E+0,2.5437000E-3,6.2960850E-2,2.4801903E-4,2.0000000E+0,2.0000000E+0,5.0000300E+1,1.9800000E-2
0.0000000E+0,2.5920000E-3,6.2960850E-2,2.4801903E-4,2.0000000E+0,2.0000000E+0,5.0000300E+1,1.9800000E-2
0.0000000E+0,2.6436000E-3,6.2960850E-2,2.4801903E-4,2.0000000E+0,2.0000000E+0,4.9999800E+1,1.9800000E-2
0.0000000E+0,2.6924000E-3,6.2960850E-2,2.4801903E-4,2.0000000E+0,2.0000000E+0,4.9999900E+1,1.9800000E-2
0.0000000E+0,2.7424000E-3,6.2960850E-2,2.4801903E-4,2.0000000E+0,2.0000000E+0,5.0000200E+1,1.9800000E-2
0.0000000E+0,2.7921000E-3,6.2960850E-2,2.4801903E-4,2.0000000E+0,2.0000000E+0,5.0000300E+1,1.9800000E-2
0.0000000E+0,2.8371000E-3,6.2960850E-2,2.4801903E-4,2.0000000E+0,2.0000000E+0,5.0000200E+1,1.9800000E-2
0.0000000E+0,2.8907000E-3,6.2960850E-2,2.4801903E-4,2.0000000E+0,2.0000000E+0,5.0000100E+1,1.9800000E-2
0.0000000E+0,2.9450000E-3,6.2960850E-2,2.4801903E-4,2.0000000E+0,2.0000000E+0,5.0000000E+1,1.9800000E-2
0.0000000E+0,2.9958000E-3,6.2960850E-2,2.4801903E-4,2.0000000E+0,2.0000000E+0,5.0000400E+1,1.9800000E-2
0.0000000E+0,3.0361000E-3,6.2960850E-2,2.4801903E-4,2.0000000E+0,2.0000000E+0,5.0000300E+1,1.9800000E-2
0.0000000E+0,3.1006000E-3,6.2960850E-2,2.4801903E-4,2.0000000E+0,2.0000000E+0,5.0000000E+1,1.9800000E-2
0.0000000E+0,3.1447000E-3,6.2960850E-2,2.4801903E-4,2.0000000E+0,2.0000000E+0,5.0000000E+1,1.9800000E-2
0.0000000E+0,3.1977000E-3,6.2960850E-2,2.4801903E-4,2.0000000E+0,2.0000000E+0,5.0000500E+1,1.9800000E-2
0.0000000E+0,3.2484000E-3,6.2960850E-2,2.4801903E-4,2.0000000E+0,2.0000000E+0,5.0000100E+1,1.9800000E-2
0.0000000E+0,3.2941000E-3,6.2960850E-2,2.4801903E-4,2.0000000E+0,2.0000000E+0,5.0000400E+1,1.9800000E-2
0.0000000E+0,3.3410000E-3,6.2960850E-2,2.4801903E-4,2.0000000E+0,2.0000000E+0,5.0000300E+1,1.9800000E-2
0.0000000E+0,3.3953000E-3,6.2960850E-2,2.4801903E-4,2.0000000E+0,2.0000000E+0,5.0000100E+1,1.9800000E-2
0.0000000E+0,3.4454000E-3,6.2960850E-2,2.4801903E-4,2.0000000E+0,2.0000000E+0,5.0000100E+1,1.9800000E-2
0.0000000E+0,3.4930000E-3,6.2960850E-2,2.5089095E-4,2.0000000E+0,2.0000000E+0,4.9999900E+1,1.9800000E-2
0.0000000E+0,3.5480000E-3,6.2960850E-2,2.5089095E-4,2.0000000E+0,2.0000000E+0,4.9999800E+1,1.9800000E-2
0.0000000E+0,3.5946000E-3,6.2960850E-2,2.4801903E-4,2.0000000E+0,2.0000000E+0,5.0000000E+1,1.9800000E-2
0.0000000E+0,3.6431000E-3,6.2960850E-2,2.4801903E-4,2.0000000E+0,2.0000000E+0,5.0000000E+1,1.9800000E-2
0.0000000E+0,3.6929000E-3,6.2960850E-2,2.4801903E-4,2.0000000E+0,2.0000000E+0,5.0000200E+1,1.9800000E-2
0.0000000E+0,3.7430000E-3,6.2960850E-2,2.4801903E-4,2.0000000E+0,2.0000000E+0,4.9999900E+1,1.9800000E-2
0.0000000E+0,3.7913000E-3,6.2960850E-2,2.4801903E-4,2.0000000E+0,2.0000000E+0,4.9999600E+1,1.9800000E-2
0.0000000E+0,3.8394000E-3,6.2960850E-2,2.4801903E-4,2.0000000E+0,2.0000000E+0,5.0000000E+1,1.9800000E-2
0.0000000E+0,3.8889000E-3,6.2960850E-2,2.4801903E-4,2.0000000E+0,2.0000000E+0,5.0000000E+1,1.9800000E-2
0.0000000E+0,3.9416000E-3,6.2960850E-2,2.4801903E-4,2.0000000E+0,2.0000000E+0,5.0000300E+1,1.9800000E-2
0.0000000E+0,3.9948000E-3,6.2960850E-2,2.4801903E-4,2.0000000E+0,2.0000000E+0,5.0000300E+1,1.9800000E-2
0.0000000E+0,4.0416000E-3,6.2960850E-2,2.4801903E-4,2.0000000E+0,2.0000000E+0,4.9999700E+1,1.9800000E-2
0.0000000E+0,4.0894000E-3,6.2960850E-2,2.4801903E-4,2.0000000E+0,2.0000000E+0,5.0000000E+1,1.9800000E-2
0.0000000E+0,4.1377000E-3,6.2960850E-2,2.4801903E-4,2.0000000E+0,2.0000000E+0,5.0000000E+1,1.9800000E-2
0.0000000E+0,4.1925000E-3,6.2960850E-2,2.4801903E-4,2.0000000E+0,2.0000000E+0,5.0000200E+1,1.9800000E-2
0.0000000E+0,4.2423000E-3,6.2960850E-2,2.4801903E-4,2.0000000E+0,2.0000000E+0,4.9999900E+1,1.9800000E-2
0.0000000E+0,4.2933000E-3,6.2960850E-2,2.4801903E-4,2.0000000E+0,2.0000000E+0,5.0000000E+1,1.9800000E-2
0.0000000E+0,4.3480000E-3,6.2960850E-2,2.4801903E-4,2.0000000E+0,2.0000000E+0,5.0000200E+1,1.9800000E-2
0.0000000E+0,4.3912000E-3,6.2960850E-2,2.4801903E-4,2.0000000E+0,2.0000000E+0,5.0000200E+1,1.9800000E-2
0.0000000E+0,4.4418000E-3,6.2960850E-2,2.4801903E-4,2.0000000E+0,2.0000000E+0,5.0000300E+1,1.9800000E-2
0.0000000E+0,4.4941000E-3,6.2960850E-2,2.4801903E-4,2.0000000E+0,2.0000000E+0,5.0000000E+1,1.9800000E-2
0.0000000E+0,4.5475000E-3,6.2960850E-2,2.4801903E-4,2.0000000E+0,2.0000000E+0,4.9999900E+1,1.9800000E-2
0.0000000E+0,4.5912000E-3,6.2960850E-2,2.4801903E-4,2.0000000E+0,2.0000000E+0,4.9999800E+1,1.9800000E-2
0.0000000E+0,4.6439000E-3,6.2960850E-2,2.4801903E-4,2.0000000E+0,2.0000000E+0,5.0000500E+1,1.9800000E-2
0.0000000E+0,4.6942000E-3,6.2960850E-2,2.4801903E-4,2.0000000E+0,2.0000000E+0,5.0000400E+1,1.9800000E-2
0.0000000E+0,4.7445000E-3,6.2960850E-2,2.4801903E-4,2.0000000E+0,2.0000000E+0,5.0000400E+1,1.9800000E-2
0.0000000E+0,4.7922000E-3,6.2960850E-2,2.4801903E-4,2.0000000E+0,2.0000000E+0,5.0000300E+1,1.9800000E-2
0.0000000E+0,4.8436000E-3,6.2960850E-2,2.4801903E-4,2.0000000E+0,2.0000000E+0,5.0000200E+1,1.9800000E-2
0.0000000E+0,4.8925000E-3,6.2960850E-2,2.4801903E-4,2.0000000E+0,2.0000000E+0,5.0000400E+1,1.9800000E-2
0.0000000E+0,4.9395000E-3,6.2960850E-2,2.4801903E-4,2.0000000E+0,2.0000000E+0,5.0000400E+1,1.9800000E-2
0.0000000E+0,4.9934000E-3,6.2960850E-2,2.4801903E-4,2.0000000E+0,2.0000000E+0,5.0000600E+1,1.9800000E-2
0.0000000E+0,5.0488000E-3,6.2960850E-2,2.4801903E-4,2.0000000E+0,2.0000000E+0,5.0000800E+1,1.9800000E-2
0.0000000E+0,5.0946000E-3,6.2960850E-2,2.4801903E-4,2.0000000E+0,2.0000000E+0,5.0000400E+1,1.9800000E-2
0.0000000E+0,5.1430000E-3,6.2960850E-2,2.4801903E-4,2.0000000E+0,2.0000000E+0,5.0000500E+1,1.9800000E-2
0.0000000E+0,5.1971000E-3,6.2960850E-2,2.4801903E-4,2.0000000E+0,2.0000000E+0,5.0000800E+1,1.9800000E-2
0.0000000E+0,5.2380000E-3,6.2960850E-2,2.4801903E-4,2.0000000E+0,2.0000000E+0,5.0000700E+1,1.9800000E-2
0.0000000E+0,5.2959000E-3,6.2960850E-2,2.5089095E-4,2.0000000E+0,2.0000000E+0,5.0000500E+1,1.9800000E-2
0.0000000E+0,5.3458000E-3,6.2960850E-2,2.4801903E-4,2.0000000E+0,2.0000000E+0,5.0000600E+1,1.9800000E-2
0.0000000E+0,5.3949000E-3,6.2960850E-2,2.4801903E-4,2.0000000E+0,2.0000000E+0,5.0000300E+1,1.9800000E-2
0.0000000E+0,5.4432000E-3,6.2960850E-2,2.4801903E-4,2.0000000E+0,2.0000000E+0,5.0000600E+1,1.9800000E-2
0.0000000E+0,5.4927000E-3,6.2960850E-2,2.4801903E-4,2.0000000E+0,2.0000000E+0,5.0000600E+1,1.9800000E-2
0.0000000E+0,5.5423000E-3,6.2960850E-2,2.4801903E-4,2.0000000E+0,2.0000000E+0,5.0000500E+1,1.9800000E-2
0.0000000E+0,5.5931000E-3,6.2960850E-2,2.4801903E-4,2.0000000E+0,2.0000000E+0,5.0000800E+1,1.9800000E-2
0.0000000E+0,5.6411000E-3,6.2960850E-2,2.4801903E-4,2.0000000E+0,2.0000000E+0,5.0000800E+1,1.9800000E-2
0.0000000E+0,5.6924000E-3,6.2960850E-2,2.4801903E-4,2.0000000E+0,2.0000000E+0,5.0000500E+1,1.9800000E-2
0.0000000E+0,5.7406000E-3,6.2960850E-2,2.4801903E-4,2.0000000E+0,2.0000000E+0,5.0000500E+1,1.9800000E-2
0.0000000E+0,5.7936000E-3,6.2960850E-2,2.4801903E-4,2.0000000E+0,2.0000000E+0,5.0000300E+1,1.9800000E-2
0.0000000E+0,5.8433000E-3,6.2960850E-2,2.4801903E-4,2.0000000E+0,2.0000000E+0,5.0000500E+1,1.9800000E-2
0.0000000E+0,5.8958000E-3,6.2960850E-2,2.4801903E-4,2.0000000E+0,2.0000000E+0,5.0000400E+1,1.9800000E-2
0.0000000E+0,5.9452000E-3,6.2960850E-2,2.4801903E-4,2.0000000E+0,2.0000000E+0,5.0000900E+1,1.9800000E-2
0.0000000E+0,5.9920000E-3,6.2960850E-2,2.4801903E-4,2.0000000E+0,2.0000000E+0,5.0000600E+1,1.9800000E-2
0.0000000E+0,6.0380000E-3,6.2960850E-2,2.4801903E-4,2.0000000E+0,2.0000000E+0,5.0000800E+1,1.9800000E-2
0.0000000E+0,6.0943000E-3,6.2960850E-2,2.4801903E-4,2.0000000E+0,2.0000000E+0,5.0001000E+1,1.9800000E-2
0.0000000E+0,6.1391000E-3,6.2960850E-2,2.4801903E-4,2.0000000E+0,2.0000000E+0,5.0000700E+1,1.9800000E-2
0.0000000E+0,6.1910000E-3,6.2960850E-2,2.4801903E-4,2.0000000E+0,2.0000000E+0,5.0000200E+1,1.9800000E-2
0.0000000E+0,6.2428000E-3,6.2960850E-2,2.4801903E-4,2.0000000E+0,2.0000000E+0,5.0000400E+1,1.9800000E-2
0.0000000E+0,6.2860000E-3,6.2960850E-2,2.4801903E-4,2.0000000E+0,2.0000000E+0,5.0000600E+1,1.9800000E-2
0.0000000E+0,6.3388000E-3,6.2960850E-2,2.4801903E-4,2.0000000E+0,2.0000000E+0,5.0000400E+1,1.9800000E-2
0.0000000E+0,6.3915000E-3,6.2960850E-2,2.4801903E-4,2.0000000E+0,2.0000000E+0,5.0000500E+1,1.9800000E-2
0.0000000E+0,6.4405000E-3,6.2960850E-2,2.4801903E-4,2.0000000E+0,2.0000000E+0,5.0000500E+1,1.9800000E-2
0.0000000E+0,6.4930000E-3,6.2960850E-2,2.4801903E-4,2.0000000E+0,2.0000000E+0,5.0000500E+1,1.9800000E-2
0.0000000E+0,6.5420000E-3,6.2960850E-2,2.4801903E-4,2.0000000E+0,2.0000000E+0,5.0000200E+1,1.9800000E-2
0.0000000E+0,6.5886000E-3,6.2960850E-2,2.4801903E-4,2.0000000E+0,2.0000000E+0,5.0000500E+1,1.9800000E-2
0.0000000E+0,6.6411000E-3,6.2960850E-2,2.4801903E-4,2.0000000E+0,2.0000000E+0,5.0000500E+1,1.9800000E-2
0.0000000E+0,6.6965000E-3,6.2960850E-2,2.4801903E-4,2.0000000E+0,2.0000000E+0,5.0000300E+1,1.9800000E-2
0.0000000E+0,6.7408000E-3,6.2960850E-2,2.4801903E-4,2.0000000E+0,2.0000000E+0,5.0000400E+1,1.9800000E-2
0.0000000E+0,6.7931000E-3,6.2960850E-2,2.4801903E-4,2.0000000E+0,2.0000000E+0,5.0000300E+1,1.9800000E-2
0.0000000E+0,6.8421000E-3,6.2960850E-2,2.4801903E-4,2.0000000E+0,2.0000000E+0,5.0000600E+1,1.9800000E-2
0.0000000E+0,6.8877000E-3,6.2960850E-2,2.4801903E-4,2.0000000E+0,2.0000000E+0,5.0000100E+1,1.9800000E-2
0.0000000E+0,6.9425000E-3,6.2960850E-2,2.4801903E-4,2.0000000E+0,2.0000000E+0,5.0000100E+1,1.9800000E-2
0.0000000E+0,6.9897000E-3,6.2960850E-2,2.4801903E-4,2.0000000E+0,2.0000000E+0,5.0000400E+1,1.9800000E-2
0.0000000E+0,7.0435000E-3,6.2960850E-2,2.4801903E-4,2.0000000E+0,2.0000000E+0,4.9999900E+1,1.9800000E-2
0.0000000E+0,7.0989000E-3,6.2960850E-2,2.4801903E-4,2.0000000E+0,2.0000000E+0,5.0000400E+1,1.9800000E-2
0.0000000E+0,7.1479000E-3,6.2960850E-2,2.4801903E-4,2.0000000E+0,2.0000000E+0,5.0000300E+1,1.9800000E-2
0.0000000E+0,7.1949000E-3,6.2960850E-2,2.4801903E-4,2.0000000E+0,2.0000000E+0,5.0000300E+1,1.9800000E-2
0.0000000E+0,7.2465000E-3,6.2960850E-2,2.4801903E-4,2.0000000E+0,2.0000000E+0,5.0000600E+1,1.9800000E-2
0.0000000E+0,7.2962000E-3,6.2960850E-2,2.4801903E-4,2.0000000E+0,2.0000000E+0,5.0000500E+1,1.9800000E-2
0.0000000E+0,7.3469000E-3,6.2960850E-2,2.4801903E-4,2.0000000E+0,2.0000000E+0,5.0000500E+1,1.9800000E-2
0.0000000E+0,7.3915000E-3,6.2960850E-2,2.4801903E-4,2.0000000E+0,2.0000000E+0,5.0000700E+1,1.9800000E-2
0.0000000E+0,7.4378000E-3,6.2960850E-2,2.4801903E-4,2.0000000E+0,2.0000000E+0,5.0000500E+1,1.9800000E-2
0.0000000E+0,7.4956000E-3,6.2960850E-2,2.4801903E-4,2.0000000E+0,2.0000000E+0,5.0000600E+1,1.9800000E-2
0.0000000E+0,7.5464000E-3,6.2960850E-2,2.4801903E-4,2.0000000E+0,2.0000000E+0,5.0000300E+1,1.9800000E-2
0.0000000E+0,7.5922000E-3,6.2960850E-2,2.4801903E-4,2.0000000E+0,2.0000000E+0,4.9999900E+1,1.9800000E-2
0.0000000E+0,7.6448000E-3,6.2960850E-2,2.4801903E-4,2.0000000E+0,2.0000000E+0,5.0000300E+1,1.9800000E-2
0.0000000E+0,7.6937000E-3,6.2960850E-2,2.4801903E-4,2.0000000E+0,2.0000000E+0,5.0000400E+1,1.9800000E-2
0.0000000E+0,7.7423000E-3,6.2960850E-2,2.4801903E-4,2.0000000E+0,2.0000000E+0,5.0000100E+1,1.9800000E-2
0.0000000E+0,7.7879000E-3,6.2960850E-2,2.4801903E-4,2.0000000E+0,2.0000000E+0,5.0000400E+1,1.9800000E-2
0.0000000E+0,7.8438000E-3,6.2960850E-2,2.4801903E-4,2.0000000E+0,2.0000000E+0,5.0000200E+1,1.9800000E-2
0.0000000E+0,7.8908000E-3,6.2960850E-2,2.4801903E-4,2.0000000E+0,2.0000000E+0,5.0000100E+1,1.9800000E-2
0.0000000E+0,7.9377000E-3,6.2960850E-2,2.4801903E-4,2.0000000E+0,2.0000000E+0,5.0000600E+1,1.9800000E-2
0.0000000E+0,7.9931000E-3,6.2960850E-2,2.4801903E-4,2.0000000E+0,2.0000000E+0,5.0000200E+1,1.9800000E-2
0.0000000E+0,8.0430000E-3,6.2960850E-2,2.4801903E-4,2.0000000E+0,2.0000000E+0,5.0000500E+1,1.9800000E-2
0.0000000E+0,8.0928000E-3,6.2960850E-2,2.4801903E-4,2.0000000E+0,2.0000000E+0,5.0000300E+1,1.9800000E-2
0.0000000E+0,8.1467000E-3,6.2960850E-2,2.4801903E-4,2.0000000E+0,2.0000000E+0,5.0000600E+1,1.9800000E-2
0.0000000E+0,8.1964000E-3,6.2960850E-2,2.4801903E-4,2.0000000E+0,2.0000000E+0,5.0000400E+1,1.9800000E-2
0.0000000E+0,8.2433000E-3,6.2960850E-2,2.4801903E-4,2.0000000E+0,2.0000000E+0,5.0000000E+1,1.9800000E-2
0.0000000E+0,8.2947000E-3,6.2960850E-2,2.4801903E-4,2.0000000E+0,2.0000000E+0,5.0000200E+1,1.9800000E-2
0.0000000E+0,8.3459000E-3,6.2960850E-2,2.4801903E-4,2.0000000E+0,2.0000000E+0,5.0000200E+1,1.9800000E-2
0.0000000E+0,8.3905000E-3,6.2960850E-2,2.4801903E-4,2.0000000E+0,2.0000000E+0,5.0000400E+1,1.9800000E-2
0.0000000E+0,8.4454000E-3,6.2960850E-2,2.4801903E-4,2.0000000E+0,2.0000000E+0,5.0000600E+1,1.9800000E-2
0.0000000E+0,8.4911000E-3,6.2960850E-2,2.4801903E-4,2.0000000E+0,2.0000000E+0,5.0000500E+1,1.9800000E-2
0.0000000E+0,8.5443000E-3,6.2960850E-2,2.4801903E-4,2.0000000E+0,2.0000000E+0,5.0000200E+1,1.9800000E-2
0.0000000E+0,8.5913000E-3,6.2960850E-2,2.4801903E-4,2.0000000E+0,2.0000000E+0,5.0000400E+1,1.9800000E-2
0.0000000E+0,8.6460000E-3,6.2960850E-2,2.4801903E-4,2.0000000E+0,2.0000000E+0,5.0000400E+1,1.9800000E-2
0.0000000E+0,8.6961000E-3,6.2960850E-2,2.4801903E-4,2.0000000E+0,2.0000000E+0,5.0000200E+1,1.9800000E-2
0.0000000E+0,8.7373000E-3,6.2960850E-2,2.4801903E-4,2.0000000E+0,2.0000000E+0,4.9999900E+1,1.9800000E-2
0.0000000E+0,8.7918000E-3,6.2960850E-2,2.4801903E-4,2.0000000E+0,2.0000000E+0,5.0000400E+1,1.9800000E-2
0.0000000E+0,8.8426000E-3,6.2960850E-2,2.4801903E-4,2.0000000E+0,2.0000000E+0,5.0000100E+1,1.9800000E-2
0.0000000E+0,8.8936000E-3,6.2960850E-2,2.4801903E-4,2.0000000E+0,2.0000000E+0,5.0000100E+1,1.9800000E-2
0.0000000E+0,8.9432000E-3,6.2960850E-2,2.4801903E-4,2.0000000E+0,2.0000000E+0,5.0000200E+1,1.9800000E-2
0.0000000E+0,8.9913000E-3,6.2960850E-2,2.4801903E-4,2.0000000E+0,2.0000000E+0,5.0000200E+1,1.9800000E-2
0.0000000E+0,9.0440000E-3,6.2960850E-2,2.4801903E-4,2.0000000E+0,2.0000000E+0,5.0000200E+1,1.9800000E-2
0.0000000E+0,9.0921000E-3,6.2960850E-2,2.4801903E-4,2.0000000E+0,2.0000000E+0,5.0000000E+1,1.9800000E-2
0.0000000E+0,9.1409000E-3,6.2960850E-2,2.4801903E-4,2.0000000E+0,2.0000000E+0,5.0000400E+1,1.9800000E-2
0.0000000E+0,9.1934000E-3,6.2960850E-2,2.4801903E-4,2.0000000E+0,2.0000000E+0,4.9999900E+1,1.9800000E-2
0.0000000E+0,9.2410000E-3,6.2960850E-2,2.4801903E-4,2.0000000E+0,2.0000000E+0,4.9999700E+1,1.9800000E-2
0.0000000E+0,9.2971000E-3,6.2960850E-2,2.4801903E-4,2.0000000E+0,2.0000000E+0,5.0000000E+1,1.9800000E-2
0.0000000E+0,9.3454000E-3,6.2960850E-2,2.4801903E-4,2.0000000E+0,2.0000000E+0,4.9999800E+1,1.9800000E-2
0.0000000E+0,9.3931000E-3,6.2960850E-2,2.4801903E-4,2.0000000E+0,2.0000000E+0,4.9999600E+1,1.9800000E-2
0.0000000E+0,9.4412000E-3,6.2960850E-2,2.4801903E-4,2.0000000E+0,2.0000000E+0,4.9999700E+1,1.9800000E-2
0.0000000E+0,9.4894000E-3,6.2960850E-2,2.4801903E-4,2.0000000E+0,2.0000000E+0,5.0000000E+1,1.9800000E-2
0.0000000E+0,9.5431000E-3,6.2960850E-2,2.4801903E-4,2.0000000E+0,2.0000000E+0,5.0000000E+1,1.9800000E-2
0.0000000E+0,9.5950000E-3,6.2960850E-2,2.4801903E-4,2.0000000E+0,2.0000000E+0,5.0000000E+1,1.9800000E-2
0.0000000E+0,9.6381000E-3,6.2960850E-2,2.4801903E-4,2.0000000E+0,2.0000000E+0,4.9999600E+1,1.9800000E-2
0.0000000E+0,9.6989000E-3,6.2960850E-2,2.4801903E-4,2.0000000E+0,2.0000000E+0,4.9999900E+1,1.9800000E-2
0.0000000E+0,9.7427000E-3,6.2960850E-2,2.4801903E-4,2.0000000E+0,2.0000000E+0,4.9999900E+1,1.9800000E-2
0.0000000E+0,9.7893000E-3,6.2960850E-2,2.4801903E-4,2.0000000E+0,2.0000000E+0,4.9999900E+1,1.9800000E-2
0.0000000E+0,9.8438000E-3,6.2960850E-2,2.4801903E-4,2.0000000E+0,2.0000000E+0,5.0000200E+1,1.9800000E-2
0.0000000E+0,9.8924000E-3,6.2960850E-2,2.4801903E-4,2.0000000E+0,2.0000000E+0,5.0000100E+1,1.9800000E-2
0.0000000E+0,9.9420000E-3,6.2960850E-2,2.4801903E-4,2.0000000E+0,2.0000000E+0,5.0000500E+1,1.9800000E-2
0.0000000E+0,9.9950000E-3,6.2960850E-2,2.4801903E-4,2.0000000E+0,2.0000000E+0,5.0000100E+1,1.9800000E-2
