Idc,Bz,Vdc_adc,Prf,fg,FBP,V_bg,dBz,
nA,T,mV,mV,GHz,GHz,V,T/min,
0.0000000E+0,1.0003200E-2,6.2960850E-2,2.5089095E-4,2.0000000E+0,2.0000000E+0,5.0000300E+1,1.9800000E-2
0.0000000E+0,9.9595000E-3,6.2960850E-2,2.4801903E-4,2.0000000E+0,2.0000000E+0,5.0000000E+1,1.9800000E-2
0.0000000E+0,9.9026000E-3,6.2960850E-2,2.4801903E-4,2.0000000E+0,2.0000000E+0,4.9999900E+1,1.9800000E-2
0.0000000E+0,9.8591000E-3,6.2960850E-2,2.4801903E-4,2.0000000E+0,2.0000000E+0,5.0000000E+1,1.9800000E-2
0.0000000E+0,9.8081000E-3,6.2960850E-2,2.4801903E-4,2.0000000E+0,2.0000000E+0,5.0000000E+1,1.9800000E-2
0.0000000E+0,9.7598000E-3,6.2960850E-2,2.4801903E-4,2.0000000E+0,2.0000000E+0,5.0000200E+1,1.9800000E-2
0.0000000E+0,9.7040000E-3,6.2960850E-2,2.4801903E-4,2.0000000E+0,2.0000000E+0,5.0000200E+1,1.9800000E-2
0.0000000E+0,9.6588000E-3,6.2960850E-2,2.4801903E-4,2.0000000E+0,2.0000000E+0,4.9999800E+1,1.9800000E-2
0.0000000E+0,9.6074000E-3,6.2960850E-2,2.4801903E-4,2.0000000E+0,2.0000000E+0,5.0000200E+1,1.9800000E-2
0.0000000E+0,9.5555000E-3,6.2960850E-2,2.4801903E-4,2.0000000E+0,2.0000000E+0,5.0000300E+1,1.9800000E-2
0.0000000E+0,9.5027000E-3,6.2960850E-2,2.4801903E-4,2.0000000E+0,2.0000000E+0,5.0000100E+1,1.9800000E-2
0.0000000E+0,9.4606000E-3,6.2960850E-2,2.4801903E-4,2.0000000E+0,2.0000000E+0,4.9999700E+1,1.9800000E-2
0.0000000E+0,9.4046000E-3,6.2960850E-2,2.4801903E-4,2.0000000E+0,2.0000000E+0,4.9999900E+1,1.9800000E-2
0.0000000E+0,9.3591000E-3,6.2960850E-2,2.4801903E-4,2.0000000E+0,2.0000000E+0,4.9999900E+1,1.9800000E-2
0.0000000E+0,9.3009000E-3,6.2960850E-2,2.4801903E-4,2.0000000E+0,2.0000000E+0,5.0000100E+1,1.9800000E-2
0.0000000E+0,9.2627000E-3,6.2960850E-2,2.4801903E-4,2.0000000E+0,2.0000000E+0,4.9999900E+1,1.9800000E-2
0.0000000E+0,9.2098000E-3,6.2960850E-2,2.4801903E-4,2.0000000E+0,2.0000000E+0,4.9999700E+1,1.9800000E-2
0.0000000E+0,9.1582000E-3,6.2960850E-2,2.4801903E-4,2.0000000E+0,2.0000000E+0,5.0000000E+1,1.9800000E-2
0.0000000E+0,9.1090000E-3,6.2960850E-2,2.4801903E-4,2.0000000E+0,2.0000000E+0,5.0000100E+1,1.9800000E-2
0.0000000E+0,9.0527000E-3,6.2960850E-2,2.4801903E-4,2.0000000E+0,2.0000000E+0,4.9999800E+1,1.9800000E-2
0.0000000E+0,9.0070000E-3,6.2960850E-2,2.4801903E-4,2.0000000E+0,2.0000000E+0,4.9999600E+1,1.9800000E-2
0.0000000E+0,8.9571000E-3,6.2960850E-2,2.4801903E-4,2.0000000E+0,2.0000000E+0,5.0000100E+1,1.9800000E-2
0.0000000E+0,8.9101000E-3,6.2960850E-2,2.4801903E-4,2.0000000E+0,2.0000000E+0,5.0000300E+1,1.9800000E-2
0.0000000E+0,8.8596000E-3,6.2960850E-2,2.4801903E-4,2.0000000E+0,2.0000000E+0,5.0000000E+1,1.9800000E-2
0.0000000E+0,8.8118000E-3,6.2960850E-2,2.4801903E-4,2.0000000E+0,2.0000000E+0,5.0000000E+1,1.9800000E-2
0.0000000E+0,8.7510000E-3,6.2960850E-2,2.4801903E-4,2.0000000E+0,2.0000000E+0,5.0000400E+1,1.9800000E-2
0.0000000E+0,8.7100000E-3,6.2960850E-2,2.4801903E-4,2.0000000E+0,2.0000000E+0,5.0000400E+1,1.9800000E-2
0.0000000E+0,8.6640000E-3,6.2960850E-2,2.4801903E-4,2.0000000E+0,2.0000000E+0,5.0000200E+1,1.9800000E-2
0.0000000E+0,8.6041000E-3,6.2960850E-2,2.4801903E-4,2.0000000E+0,2.0000000E+0,5.0000300E+1,1.9800000E-2
0.0000000E+0,8.5585000E-3,6.2960850E-2,2.4801903E-4,2.0000000E+0,2.0000000E+0,4.9999800E+1,1.9800000E-2
0.0000000E+0,8.5066000E-3,6.2960850E-2,2.4801903E-4,2.0000000E+0,2.0000000E+0,4.9999900E+1,1.9800000E-2
0.0000000E+0,8.4567000E-3,6.2960850E-2,2.4801903E-4,2.0000000E+0,2.0000000E+0,5.0000000E+1,1.9800000E-2
0.0000000E+0,8.4024000E-3,6.2960850E-2,2.4801903E-4,2.0000000E+0,2.0000000E+0,5.0000200E+1,1.9800000E-2
0.0000000E+0,8.3584000E-3,6.2960850E-2,2.4801903E-4,2.0000000E+0,2.0000000E+0,5.0000100E+1,1.9800000E-2
0.0000000E+0,8.3054000E-3,6.2960850E-2,2.4801903E-4,2.0000000E+0,2.0000000E+0,5.0000000E+1,1.9800000E-2
0.0000000E+0,8.2546000E-3,6.2960850E-2,2.4801903E-4,2.0000000E+0,2.0000000E+0,4.9999800E+1,1.9800000E-2
0.0000000E+0,8.2054000E-3,6.2960850E-2,2.4801903E-4,2.0000000E+0,2.0000000E+0,5.0000000E+1,1.9800000E-2
0.0000000E+0,8.1565000E-3,6.2960850E-2,2.4801903E-4,2.0000000E+0,2.0000000E+0,4.9999600E+1,1.9800000E-2
0.0000000E+0,8.1082000E-3,6.2960850E-2,2.4801903E-4,2.0000000E+0,2.0000000E+0,4.9999700E+1,1.9800000E-2
0.0000000E+0,8.0552000E-3,6.2960850E-2,2.4801903E-4,2.0000000E+0,2.0000000E+0,5.0000200E+1,1.9800000E-2
0.0000000E+0,8.0053000E-3,6.2960850E-2,2.4801903E-4,2.0000000E+0,2.0000000E+0,5.0000600E+1,1.9800000E-2
0.0000000E+0,7.9566000E-3,6.2960850E-2,2.4801903E-4,2.0000000E+0,2.0000000E+0,5.0000100E+1,1.9800000E-2
0.0000000E+0,7.9113000E-3,6.2960850E-2,2.4801903E-4,2.0000000E+0,2.0000000E+0,5.0000100E+1,1.9800000E-2
0.0000000E+0,7.8573000E-3,6.2960850E-2,2.4801903E-4,2.0000000E+0,2.0000000E+0,5.0000000E+1,1.9800000E-2
0.0000000E+0,7.8063000E-3,6.2960850E-2,2.4801903E-4,2.0000000E+0,2.0000000E+0,5.0000300E+1,1.9800000E-2
0.0000000E+0,7.7564000E-3,6.2960850E-2,2.4801903E-4,2.0000000E+0,2.0000000E+0,5.0000000E+1,1.9800000E-2
0.0000000E+0,7.7070000E-3,6.2960850E-2,2.4801903E-4,2.0000000E+0,2.0000000E+0,4.9999900E+1,1.9800000E-2
0.0000000E+0,7.6592000E-3,6.2960850E-2,2.4801903E-4,2.0000000E+0,2.0000000E+0,4.9999700E+1,1.9800000E-2
0.0000000E+0,7.6062000E-3,6.2960850E-2,2.4801903E-4,2.0000000E+0,2.0000000E+0,4.9999600E+1,1.9800000E-2
0.0000000E+0,7.5492000E-3,6.2960850E-2,2.4801903E-4,2.0000000E+0,2.0000000E+0,5.0000000E+1,1.9800000E-2
0.0000000E+0,7.5094000E-3,6.2960850E-2,2.4801903E-4,2.0000000E+0,2.0000000E+0,4.9999900E+1,1.9800000E-2
0.0000000E+0,7.4497000E-3,6.2960850E-2,2.4801903E-4,2.0000000E+0,2.0000000E+0,5.0000000E+1,1.9800000E-2
0.0000000E+0,7.4079000E-3,6.2960850E-2,2.5089095E-4,2.0000000E+0,2.0000000E+0,5.0000300E+1,1.9800000E-2
0.0000000E+0,7.3549000E-3,6.2960850E-2,2.4801903E-4,2.0000000E+0,2.0000000E+0,5.0000200E+1,1.9800000E-2
0.0000000E+0,7.3095000E-3,6.2960850E-2,2.4801903E-4,2.0000000E+0,2.0000000E+0,5.0000000E+1,1.9800000E-2
0.0000000E+0,7.2576000E-3,6.2960850E-2,2.4801903E-4,2.0000000E+0,2.0000000E+0,5.0000100E+1,1.9800000E-2
0.0000000E+0,7.2082000E-3,6.2960850E-2,2.4801903E-4,2.0000000E+0,2.0000000E+0,5.0000300E+1,1.9800000E-2
0.0000000E+0,7.1514000E-3,6.2960850E-2,2.4801903E-4,2.0000000E+0,2.0000000E+0,5.0000200E+1,1.9800000E-2
0.0000000E+0,7.1100000E-3,6.2960850E-2,2.4801903E-4,2.0000000E+0,2.0000000E+0,4.9999900E+1,1.9800000E-2
0.0000000E+0,7.0575000E-3,6.2960850E-2,2.4801903E-4,2.0000000E+0,2.0000000E+0,4.9999500E+1,1.9800000E-2
0.0000000E+0,7.0030000E-3,6.2960850E-2,2.4801903E-4,2.0000000E+0,2.0000000E+0,5.0000000E+1,1.9800000E-2
0.0000000E+0,6.9551000E-3,6.2960850E-2,2.4801903E-4,2.0000000E+0,2.0000000E+0,5.0000100E+1,1.9800000E-2
0.0000000E+0,6.9037000E-3,6.2960850E-2,2.4801903E-4,2.0000000E+0,2.0000000E+0,5.0000000E+1,1.9800000E-2
0.0000000E+0,6.8625000E-3,6.2960850E-2,2.4801903E-4,2.0000000E+0,2.0000000E+0,5.0000300E+1,1.9800000E-2
0.0000000E+0,6.8062000E-3,6.2960850E-2,2.4801903E-4,2.0000000E+0,2.0000000E+0,5.0000200E+1,1.9800000E-2
0.0000000E+0,6.7559000E-3,6.2960850E-2,2.4801903E-4,2.0000000E+0,2.0000000E+0,5.0000000E+1,1.9800000E-2
0.0000000E+0,6.7091000E-3,6.2960850E-2,2.4801903E-4,2.0000000E+0,2.0000000E+0,5.0000100E+1,1.9800000E-2
0.0000000E+0,6.6606000E-3,6.2960850E-2,2.4801903E-4,2.0000000E+0,2.0000000E+0,5.0000300E+1,1.9800000E-2
0.0000000E+0,6.6083000E-3,6.2960850E-2,2.4801903E-4,2.0000000E+0,2.0000000E+0,5.0000400E+1,1.9800000E-2
0.0000000E+0,6.5538000E-3,6.2960850E-2,2.4801903E-4,2.0000000E+0,2.0000000E+0,5.0000100E+1,1.9800000E-2
0.0000000E+0,6.5034000E-3,6.2960850E-2,2.4801903E-4,2.0000000E+0,2.0000000E+0,5.0000200E+1,1.9800000E-2
0.0000000E+0,6.4618000E-3,6.2960850E-2,2.4801903E-4,2.0000000E+0,2.0000000E+0,4.9999800E+1,1.9800000E-2
0.0000000E+0,6.4102000E-3,6.2960850E-2,2.4801903E-4,2.0000000E+0,2.0000000E+0,4.9999900E+1,1.9800000E-2
0.0000000E+0,6.3547000E-3,6.2960850E-2,2.5089095E-4,2.0000000E+0,2.0000000E+0,5.0000100E+1,1.9800000E-2
0.0000000E+0,6.3087000E-3,6.2960850E-2,2.4801903E-4,2.0000000E+0,2.0000000E+0,4.9999800E+1,1.9800000E-2
0.0000000E+0,6.2626000E-3,6.2960850E-2,2.4801903E-4,2.0000000E+0,2.0000000E+0,5.0000300E+1,1.9800000E-2
0.0000000E+0,6.2094000E-3,6.2960850E-2,2.4801903E-4,2.0000000E+0,2.0000000E+0,5.0000300E+1,1.9800000E-2
0.0000000E+0,6.1548000E-3,6.2960850E-2,2.4801903E-4,2.0000000E+0,2.0000000E+0,5.0000200E+1,1.9800000E-2
0.0000000E+0,6.1090000E-3,6.2960850E-2,2.4801903E-4,2.0000000E+0,2.0000000E+0,5.0000000E+1,1.9800000E-2
0.0000000E+0,6.0576000E-3,6.2960850E-2,2.4801903E-4,2.0000000E+0,2.0000000E+0,4.9999900E+1,1.9800000E-2
0.0000000E+0,6.0146000E-3,6.2960850E-2,2.5089095E-4,2.0000000E+0,2.0000000E+0,5.0000100E+1,1.9800000E-2
0.0000000E+0,5.9488000E-3,6.2960850E-2,2.4801903E-4,2.0000000E+0,2.0000000E+0,5.0000100E+1,1.9800000E-2
0.0000000E+0,5.9055000E-3,6.2960850E-2,2.4801903E-4,2.0000000E+0,2.0000000E+0,4.9999700E+1,1.9800000E-2
0.0000000E+0,5.8544000E-3,6.2960850E-2,2.4801903E-4,2.0000000E+0,2.0000000E+0,4.9999800E+1,1.9800000E-2
0.0000000E+0,5.8051000E-3,6.2960850E-2,2.4801903E-4,2.0000000E+0,2.0000000E+0,5.0000100E+1,1.9800000E-2
0.0000000E+0,5.7533000E-3,6.2960850E-2,2.4801903E-4,2.0000000E+0,2.0000000E+0,5.0000200E+1,1.9800000E-2
0.0000000E+0,5.7050000E-3,6.2960850E-2,2.4801903E-4,2.0000000E+0,2.0000000E+0,5.0000500E+1,1.9800000E-2
0.0000000E+0,5.6602000E-3,6.2960850E-2,2.4801903E-4,2.0000000E+0,2.0000000E+0,5.0000000E+1,1.9800000E-2
0.0000000E+0,5.6112000E-3,6.2960850E-2,2.5089095E-4,2.0000000E+0,2.0000000E+0,5.0000400E+1,1.9800000E-2
0.0000000E+0,5.5549000E-3,6.2960850E-2,2.5089095E-4,2.0000000E+0,2.0000000E+0,5.0000000E+1,1.9800000E-2
0.0000000E+0,5.5037000E-3,6.2960850E-2,2.4801903E-4,2.0000000E+0,2.0000000E+0,4.9999600E+1,1.9800000E-2
0.0000000E+0,5.4581000E-3,6.2960850E-2,2.5089095E-4,2.0000000E+0,2.0000000E+0,4.9999600E+1,1.9800000E-2
0.0000000E+0,5.4147000E-3,6.2960850E-2,2.4801903E-4,2.0000000E+0,2.0000000E+0,5.0000100E+1,1.9800000E-2
0.0000000E+0,5.3551000E-3,6.2960850E-2,2.4801903E-4,2.0000000E+0,2.0000000E+0,5.0000000E+1,1.9800000E-2
0.0000000E+0,5.3050000E-3,6.2960850E-2,2.4801903E-4,2.0000000E+0,2.0000000E+0,4.9999900E+1,1.9800000E-2
0.0000000E+0,5.2546000E-3,6.2960850E-2,2.4801903E-4,2.0000000E+0,2.0000000E+0,5.0000600E+1,1.9800000E-2
0.0000000E+0,5.2095000E-3,6.2960850E-2,2.4801903E-4,2.0000000E+0,2.0000000E+0,5.0000400E+1,1.9800000E-2
0.0000000E+0,5.1576000E-3,6.2960850E-2,2.4801903E-4,2.0000000E+0,2.0000000E+0,5.0000000E+1,1.9800000E-2
0.0000000E+0,5.1031000E-3,6.2960850E-2,2.4801903E-4,2.0000000E+0,2.0000000E+0,5.0000400E+1,1.9800000E-2
0.0000000E+0,5.0554000E-3,6.2960850E-2,2.4801903E-4,2.0000000E+0,2.0000000E+0,5.0000000E+1,1.9800000E-2
0.0000000E+0,4.9974000E-3,6.2960850E-2,2.4801903E-4,2.0000000E+0,2.0000000E+0,5.0000500E+1,1.9800000E-2
0.0000000E+0,4.9531000E-3,6.2960850E-2,2.4801903E-4,2.0000000E+0,2.0000000E+0,5.0000300E+1,1.9800000E-2
0.0000000E+0,4.9069000E-3,6.2960850E-2,2.4801903E-4,2.0000000E+0,2.0000000E+0,5.0000300E+1,1.9800000E-2
0.0000000E+0,4.8567000E-3,6.2960850E-2,2.4801903E-4,2.0000000E+0,2.0000000E+0,4.9999700E+1,1.9800000E-2
0.0000000E+0,4.8094000E-3,6.2960850E-2,2.4801903E-4,2.0000000E+0,2.0000000E+0,4.9999900E+1,1.9800000E-2
0.0000000E+0,4.7593000E-3,6.2960850E-2,2.4801903E-4,2.0000000E+0,2.0000000E+0,4.9999900E+1,1.9800000E-2
0.0000000E+0,4.7066000E-3,6.2960850E-2,2.4801903E-4,2.0000000E+0,2.0000000E+0,4.9999900E+1,1.9800000E-2
0.0000000E+0,4.6541000E-3,6.2960850E-2,2.4801903E-4,2.0000000E+0,2.0000000E+0,5.0000100E+1,1.9800000E-2
0.0000000E+0,4.6038000E-3,6.2960850E-2,2.4801903E-4,2.0000000E+0,2.0000000E+0,4.9999900E+1,1.9800000E-2
0.0000000E+0,4.5612000E-3,6.2960850E-2,2.4801903E-4,2.0000000E+0,2.0000000E+0,5.0000400E+1,1.9800000E-2
0.0000000E+0,4.5096000E-3,6.2960850E-2,2.4801903E-4,2.0000000E+0,2.0000000E+0,5.0000300E+1,1.9800000E-2
0.0000000E+0,4.4631000E-3,6.2960850E-2,2.4801903E-4,2.0000000E+0,2.0000000E+0,4.9999700E+1,1.9800000E-2
0.0000000E+0,4.4074000E-3,6.2960850E-2,2.4801903E-4,2.0000000E+0,2.0000000E+0,5.0000100E+1,1.9800000E-2
0.0000000E+0,4.3598000E-3,6.2960850E-2,2.4801903E-4,2.0000000E+0,2.0000000E+0,5.0000000E+1,1.9800000E-2
0.0000000E+0,4.3102000E-3,6.2960850E-2,2.4801903E-4,2.0000000E+0,2.0000000E+0,5.0000400E+1,1.9800000E-2
0.0000000E+0,4.2576000E-3,6.2960850E-2,2.4801903E-4,2.0000000E+0,2.0000000E+0,5.0000000E+1,1.9800000E-2
0.0000000E+0,4.2086000E-3,6.2960850E-2,2.4801903E-4,2.0000000E+0,2.0000000E+0,5.0000100E+1,1.9800000E-2
0.0000000E+0,4.1586000E-3,6.2960850E-2,2.4801903E-4,2.0000000E+0,2.0000000E+0,5.0000200E+1,1.9800000E-2
0.0000000E+0,4.1027000E-3,6.2960850E-2,2.4801903E-4,2.0000000E+0,2.0000000E+0,5.0000500E+1,1.9800000E-2
0.0000000E+0,4.0591000E-3,6.2960850E-2,2.4801903E-4,2.0000000E+0,2.0000000E+0,5.0000200E+1,1.9800000E-2
0.0000000E+0,4.0105000E-3,6.2960850E-2,2.4801903E-4,2.0000000E+0,2.0000000E+0,5.0000000E+1,1.9800000E-2
0.0000000E+0,3.9544000E-3,6.2960850E-2,2.4801903E-4,2.0000000E+0,2.0000000E+0,5.0000100E+1,1.9800000E-2
0.0000000E+0,3.9095000E-3,6.2960850E-2,2.4801903E-4,2.0000000E+0,2.0000000E+0,5.0000100E+1,1.9800000E-2
0.0000000E+0,3.8505000E-3,6.2960850E-2,2.4801903E-4,2.0000000E+0,2.0000000E+0,5.0000500E+1,1.9800000E-2
0.0000000E+0,3.8071000E-3,6.2960850E-2,2.4801903E-4,2.0000000E+0,2.0000000E+0,5.0000500E+1,1.9800000E-2
0.0000000E+0,3.7594000E-3,6.2960850E-2,2.4801903E-4,2.0000000E+0,2.0000000E+0,5.0000500E+1,1.9800000E-2
0.0000000E+0,3.7032000E-3,6.2960850E-2,2.4801903E-4,2.0000000E+0,2.0000000E+0,5.0000400E+1,1.9800000E-2
0.0000000E+0,3.6584000E-3,6.2960850E-2,2.4801903E-4,2.0000000E+0,2.0000000E+0,5.0000200E+1,1.9800000E-2
0.0000000E+0,3.6068000E-3,6.2960850E-2,2.4801903E-4,2.0000000E+0,2.0000000E+0,5.0000200E+1,1.9800000E-2
0.0000000E+0,3.5567000E-3,6.2960850E-2,2.4801903E-4,2.0000000E+0,2.0000000E+0,5.0000300E+1,1.9800000E-2
0.0000000E+0,3.5072000E-3,6.2960850E-2,2.4801903E-4,2.0000000E+0,2.0000000E+0,5.0000800E+1,1.9800000E-2
0.0000000E+0,3.4540000E-3,6.2960850E-2,2.4801903E-4,2.0000000E+0,2.0000000E+0,5.0000600E+1,1.9800000E-2
0.0000000E+0,3.4091000E-3,6.2960850E-2,2.4801903E-4,2.0000000E+0,2.0000000E+0,5.0000400E+1,1.9800000E-2
0.0000000E+0,3.3585000E-3,6.2960850E-2,2.4801903E-4,2.0000000E+0,2.0000000E+0,5.0000100E+1,1.9800000E-2
0.0000000E+0,3.3023000E-3,6.2960850E-2,2.4801903E-4,2.0000000E+0,2.0000000E+0,5.0000400E+1,1.9800000E-2
0.0000000E+0,3.2606000E-3,6.2960850E-2,2.4801903E-4,2.0000000E+0,2.0000000E+0,5.0000600E+1,1.9800000E-2
0.0000000E+0,3.2076000E-3,6.2960850E-2,2.4801903E-4,2.0000000E+0,2.0000000E+0,5.0000000E+1,1.9800000E-2
0.0000000E+0,3.1544000E-3,6.2960850E-2,2.4801903E-4,2.0000000E+0,2.0000000E+0,5.0000500E+1,1.9800000E-2
0.0000000E+0,3.1084000E-3,6.2960850E-2,2.4801903E-4,2.0000000E+0,2.0000000E+0,5.0000100E+1,1.9800000E-2
0.0000000E+0,3.0580000E-3,6.2960850E-2,2.4801903E-4,2.0000000E+0,2.0000000E+0,5.0000200E+1,1.9800000E-2
0.0000000E+0,3.0090000E-3,6.2960850E-2,2.4801903E-4,2.0000000E+0,2.0000000E+0,5.0000000E+1,1.9800000E-2
0.0000000E+0,2.9567000E-3,6.2960850E-2,2.4801903E-4,2.0000000E+0,2.0000000E+0,4.9999800E+1,1.9800000E-2
0.0000000E+0,2.9084000E-3,6.2960850E-2,2.4801903E-4,2.0000000E+0,2.0000000E+0,5.0000100E+1,1.9800000E-2
0.0000000E+0,2.8603000E-3,6.2960850E-2,2.4801903E-4,2.0000000E+0,2.0000000E+0,5.0000500E+1,1.9800000E-2
0.0000000E+0,2.8061000E-3,6.2960850E-2,2.5089095E-4,2.0000000E+0,2.0000000E+0,5.0000200E+1,1.9800000E-2
0.0000000E+0,2.7575000E-3,6.2960850E-2,2.4801903E-4,2.0000000E+0,2.0000000E+0,5.0000100E+1,1.9800000E-2
0.0000000E+0,2.7075000E-3,6.2960850E-2,2.4801903E-4,2.0000000E+0,2.0000000E+0,5.0000100E+1,1.9800000E-2
0.0000000E+0,2.6587000E-3,6.2960850E-2,2.4801903E-4,2.0000000E+0,2.0000000E+0,5.0000100E+1,1.9800000E-2
0.0000000E+0,2.6066000E-3,6.2960850E-2,2.4801903E-4,2.0000000E+0,2.0000000E+0,5.0000200E+1,1.9800000E-2
0.0000000E+0,2.5585000E-3,6.2960850E-2,2.4801903E-4,2.0000000E+0,2.0000000E+0,5.0000200E+1,1.9800000E-2
0.0000000E+0,2.5060000E-3,6.2960850E-2,2.4801903E-4,2.0000000E+0,2.0000000E+0,5.0000100E+1,1.9800000E-2
0.0000000E+0,2.4566000E-3,6.2960850E-2,2.4801903E-4,2.0000000E+0,2.0000000E+0,5.0000400E+1,1.9800000E-2
0.0000000E+0,2.4105000E-3,6.2960850E-2,2.4801903E-4,2.0000000E+0,2.0000000E+0,5.0000400E+1,1.9800000E-2
0.0000000E+0,2.3568000E-3,6.2960850E-2,2.4801903E-4,2.0000000E+0,2.0000000E+0,5.0000400E+1,1.9800000E-2
0.0000000E+0,2.3090000E-3,6.2960850E-2,2.4801903E-4,2.0000000E+0,2.0000000E+0,5.0000900E+1,1.9800000E-2
0.0000000E+0,2.2538000E-3,6.2960850E-2,2.5089095E-4,2.0000000E+0,2.0000000E+0,5.0000800E+1,1.9800000E-2
0.0000000E+0,2.2068000E-3,6.2960850E-2,2.4801903E-4,2.0000000E+0,2.0000000E+0,5.0000400E+1,1.9800000E-2
0.0000000E+0,2.1552000E-3,6.2960850E-2,2.4801903E-4,2.0000000E+0,2.0000000E+0,5.0000000E+1,1.9800000E-2
0.0000000E+0,2.1086000E-3,6.2960850E-2,2.4801903E-4,2.0000000E+0,2.0000000E+0,5.0000200E+1,1.9800000E-2
0.0000000E+0,2.0563000E-3,6.2960850E-2,2.4801903E-4,2.0000000E+0,2.0000000E+0,5.0000600E+1,1.9800000E-2
0.0000000E+0,2.0047000E-3,6.2960850E-2,2.4801903E-4,2.0000000E+0,2.0000000E+0,5.0000700E+1,1.9800000E-2
0.0000000E+0,1.9557000E-3,6.2960850E-2,2.4801903E-4,2.0000000E+0,2.0000000E+0,5.0000500E+1,1.9800000E-2
0.0000000E+0,1.9070000E-3,6.2960850E-2,2.4801903E-4,2.0000000E+0,2.0000000E+0,5.0000300E+1,1.9800000E-2
0.0000000E+0,1.8567000E-3,6.2960850E-2,2.4801903E-4,2.0000000E+0,2.0000000E+0,5.0000300E+1,1.9800000E-2
0.0000000E+0,1.8101000E-3,6.2960850E-2,2.4801903E-4,2.0000000E+0,2.0000000E+0,5.0000500E+1,1.9800000E-2
0.0000000E+0,1.7578000E-3,6.2960850E-2,2.4801903E-4,2.0000000E+0,2.0000000E+0,5.0000700E+1,1.9800000E-2
0.0000000E+0,1.7080000E-3,6.2960850E-2,2.4801903E-4,2.0000000E+0,2.0000000E+0,5.0000300E+1,1.9800000E-2
0.0000000E+0,1.6535000E-3,6.2960850E-2,2.4801903E-4,2.0000000E+0,2.0000000E+0,5.0000400E+1,1.9800000E-2
0.0000000E+0,1.6071000E-3,6.2960850E-2,2.4801903E-4,2.0000000E+0,2.0000000E+0,5.0000500E+1,1.9800000E-2
0.0000000E+0,1.5535000E-3,6.2960850E-2,2.4801903E-4,2.0000000E+0,2.0000000E+0,5.0000100E+1,1.9800000E-2
0.0000000E+0,1.5103000E-3,6.2960850E-2,2.4801903E-4,2.0000000E+0,2.0000000E+0,5.0000300E+1,1.9800000E-2
0.0000000E+0,1.4551000E-3,6.2960850E-2,2.4801903E-4,2.0000000E+0,2.0000000E+0,4.9999900E+1,1.9800000E-2
0.0000000E+0,1.4086000E-3,6.2960850E-2,2.4801903E-4,2.0000000E+0,2.0000000E+0,5.0000200E+1,1.9800000E-2
0.0000000E+0,1.3529000E-3,6.2960850E-2,2.4801903E-4,2.0000000E+0,2.0000000E+0,5.0000300E+1,1.9800000E-2
0.0000000E+0,1.3106000E-3,6.2960850E-2,2.4801903E-4,2.0000000E+0,2.0000000E+0,4.9999900E+1,1.9800000E-2
0.0000000E+0,1.2537000E-3,6.2960850E-2,2.4801903E-4,2.0000000E+0,2.0000000E+0,5.0000000E+1,1.9800000E-2
0.0000000E+0,1.2080000E-3,6.2960850E-2,2.4801903E-4,2.0000000E+0,2.0000000E+0,4.9999700E+1,1.9800000E-2
0.0000000E+0,1.1582000E-3,6.2960850E-2,2.4801903E-4,2.0000000E+0,2.0000000E+0,5.0000200E+1,1.9800000E-2
0.0000000E+0,1.1065000E-3,6.2960850E-2,2.4801903E-4,2.0000000E+0,2.0000000E+0,5.0000100E+1,1.9800000E-2
0.0000000E+0,1.0529000E-3,6.2960850E-2,2.4801903E-4,2.0000000E+0,2.0000000E+0,4.9999700E+1,1.9800000E-2
0.0000000E+0,1.0103000E-3,6.2960850E-2,2.4801903E-4,2.0000000E+0,2.0000000E+0,4.9999900E+1,1.9800000E-2
0.0000000E+0,9.5710000E-4,6.2960850E-2,2.4801903E-4,2.0000000E+0,2.0000000E+0,5.0000100E+1,1.9800000E-2
0.0000000E+0,9.0710000E-4,6.2960850E-2,2.4801903E-4,2.0000000E+0,2.0000000E+0,5.0000000E+1,1.9800000E-2
0.0000000E+0,8.5670000E-4,6.2960850E-2,2.4801903E-4,2.0000000E+0,2.0000000E+0,5.0000000E+1,1.9800000E-2
0.0000000E+0,8.0870000E-4,6.2960850E-2,2.5089095E-4,2.0000000E+0,2.0000000E+0,4.9999900E+1,1.9800000E-2
0.0000000E+0,7.5880000E-4,6.2960850E-2,2.4801903E-4,2.0000000E+0,2.0000000E+0,4.9999900E+1,1.9800000E-2
0.0000000E+0,7.0700000E-4,6.2960850E-2,2.4801903E-4,2.0000000E+0,2.0000000E+0,5.0000000E+1,1.9800000E-2
0.0000000E+0,6.5930000E-4,6.2960850E-2,2.4801903E-4,2.0000000E+0,2.0000000E+0,4.9999800E+1,1.9800000E-2
0.0000000E+0,6.0630000E-4,6.2960850E-2,2.4801903E-4,2.0000000E+0,2.0000000E+0,5.0000200E+1,1.9800000E-2
0.0000000E+0,5.5910000E-4,6.2960850E-2,2.4801903E-4,2.0000000E+0,2.0000000E+0,5.0000200E+1,1.9800000E-2
0.0000000E+0,5.0660000E-4,6.2960850E-2,2.4801903E-4,2.0000000E+0,2.0000000E+0,5.0000200E+1,1.9800000E-2
0.0000000E+0,4.6010000E-4,6.2960850E-2,2.4801903E-4,2.0000000E+0,2.0000000E+0,5.0000000E+1,1.9800000E-2
0.0000000E+0,4.0400000E-4,6.2960850E-2,2.4801903E-4,2.0000000E+0,2.0000000E+0,5.0000000E+1,1.9800000E-2
0.0000000E+0,3.6030000E-4,6.2960850E-2,2.4801903E-4,2.0000000E+0,2.0000000E+0,5.0000100E+1,1.9800000E-2
0.0000000E+0,3.0720000E-4,6.2960850E-2,2.4801903E-4,2.0000000E+0,2.0000000E+0,4.9999700E+1,1.9800000E-2
0.0000000E+0,2.5170000E-4,6.2960850E-2,2.4801903E-4,2.0000000E+0,2.0000000E+0,4.9999500E+1,1.9800000E-2
0.0000000E+0,2.0720000E-4,6.2960850E-2,2.4801903E-4,2.0000000E+0,2.0000000E+0,4.9999600E+1,1.9800000E-2
0.0000000E+0,1.5560000E-4,6.2960850E-2,2.4801903E-4,2.0000000E+0,2.0000000E+0,4.9999900E+1,1.9800000E-2
0.0000000E+0,1.0750000E-4,6.2960850E-2,2.4801903E-4,2.0000000E+0,2.0000000E+0,5.0000100E+1,1.9800000E-2
0.0000000E+0,6.1800000E-5,6.2960850E-2,2.4801903E-4,2.0000000E+0,2.0000000E+0,4.9999800E+1,1.9800000E-2
0.0000000E+0,7.1000000E-6,6.2960850E-2,2.4801903E-4,2.0000000E+0,2.0000000E+0,4.9999900E+1,1.9800000E-2
0.0000000E+0,-4.1200000E-5,6.2960850E-2,2.4801903E-4,2.0000000E+0,2.0000000E+0,4.9999900E+1,1.9800000E-2
0.0000000E+0,-9.2400000E-5,6.2960850E-2,2.4801903E-4,2.0000000E+0,2.0000000E+0,4.9999900E+1,1.9800000E-2
0.0000000E+0,-1.4690000E-4,6.2960850E-2,2.4801903E-4,2.0000000E+0,2.0000000E+0,4.9999500E+1,1.9800000E-2
0.0000000E+0,-1.9530000E-4,6.2960850E-2,2.4801903E-4,2.0000000E+0,2.0000000E+0,4.9999700E+1,1.9800000E-2
0.0000000E+0,-2.4130000E-4,6.2960850E-2,2.4801903E-4,2.0000000E+0,2.0000000E+0,4.9999600E+1,1.9800000E-2
0.0000000E+0,-2.9070000E-4,6.2960850E-2,2.4801903E-4,2.0000000E+0,2.0000000E+0,4.9999600E+1,1.9800000E-2
0.0000000E+0,-3.4680000E-4,6.2960850E-2,2.4801903E-4,2.0000000E+0,2.0000000E+0,4.9999800E+1,1.9800000E-2
0.0000000E+0,-3.9250000E-4,6.2960850E-2,2.4801903E-4,2.0000000E+0,2.0000000E+0,4.9999600E+1,1.9800000E-2
0.0000000E+0,-4.4260000E-4,6.2960850E-2,2.4801903E-4,2.0000000E+0,2.0000000E+0,4.9999400E+1,1.9800000E-2
0.0000000E+0,-4.8650000E-4,6.2960850E-2,2.4801903E-4,2.0000000E+0,2.0000000E+0,5.0000000E+1,1.9800000E-2
0.0000000E+0,-5.4190000E-4,6.2960850E-2,2.4801903E-4,2.0000000E+0,2.0000000E+0,4.9999700E+1,1.9800000E-2
0.0000000E+0,-5.9420000E-4,6.2960850E-2,2.4801903E-4,2.0000000E+0,2.0000000E+0,5.0000000E+1,1.9800000E-2
0.0000000E+0,-6.4040000E-4,6.2960850E-2,2.4801903E-4,2.0000000E+0,2.0000000E+0,5.0000000E+1,1.9800000E-2
0.0000000E+0,-6.9720000E-4,6.2960850E-2,2.4801903E-4,2.0000000E+0,2.0000000E+0,4.9999800E+1,1.9800000E-2
0.0000000E+0,-7.4260000E-4,6.2960850E-2,2.4801903E-4,2.0000000E+0,2.0000000E+0,4.9999900E+1,1.9800000E-2
0.0000000E+0,-7.9110000E-4,6.2960850E-2,2.4801903E-4,2.0000000E+0,2.0000000E+0,4.9999600E+1,1.9800000E-2
0.0000000E+0,-8.4100000E-4,6.2960850E-2,2.4801903E-4,2.0000000E+0,2.0000000E+0,4.9999800E+1,1.9800000E-2
0.0000000E+0,-8.9380000E-4,6.2960850E-2,2.4801903E-4,2.0000000E+0,2.0000000E+0,4.9999800E+1,1.9800000E-2
0.0000000E+0,-9.4450000E-4,6.2960850E-2,2.4801903E-4,2.0000000E+0,2.0000000E+0,5.0000200E+1,1.9800000E-2
0.0000000E+0,-9.8710000E-4,6.2960850E-2,2.4801903E-4,2.0000000E+0,2.0000000E+0,4.9999800E+1,1.9800000E-2
0.0000000E+0,-1.0453000E-3,6.2960850E-2,2.5089095E-4,2.0000000E+0,2.0000000E+0,4.9999800E+1,1.9800000E-2
0.0000000E+0,-1.0895000E-3,6.2960850E-2,2.4801903E-4,2.0000000E+0,2.0000000E+0,5.0000200E+1,1.9800000E-2
0.0000000E+0,-1.1378000E-3,6.2960850E-2,2.4801903E-4,2.0000000E+0,2.0000000E+0,4.9999900E+1,1.9800000E-2
0.0000000E+0,-1.1896000E-3,6.2960850E-2,2.4801903E-4,2.0000000E+0,2.0000000E+0,4.9999700E+1,1.9800000E-2
0.0000000E+0,-1.2355000E-3,6.2960850E-2,2.4801903E-4,2.0000000E+0,2.0000000E+0,5.0000000E+1,1.9800000E-2
0.0000000E+0,-1.2905000E-3,6.2960850E-2,2.4801903E-4,2.0000000E+0,2.0000000E+0,4.9999900E+1,1.9800000E-2
0.0000000E+0,-1.3434000E-3,6.2960850E-2,2.4801903E-4,2.0000000E+0,2.0000000E+0,4.9999800E+1,1.9800000E-2
0.0000000E+0,-1.3968000E-3,6.2960850E-2,2.4801903E-4,2.0000000E+0,2.0000000E+0,5.0000100E+1,1.9800000E-2
0.0000000E+0,-1.4432000E-3,6.2960850E-2,2.4801903E-4,2.0000000E+0,2.0000000E+0,5.0000300E+1,1.9800000E-2
0.0000000E+0,-1.4910000E-3,6.2960850E-2,2.4801903E-4,2.0000000E+0,2.0000000E+0,5.0000100E+1,1.9800000E-2
0.0000000E+0,-1.5464000E-3,6.2960850E-2,2.4801903E-4,2.0000000E+0,2.0000000E+0,4.9999900E+1,1.9800000E-2
0.0000000E+0,-1.5967000E-3,6.2960850E-2,2.4801903E-4,2.0000000E+0,2.0000000E+0,4.9999900E+1,1.9800000E-2
0.0000000E+0,-1.6406000E-3,6.2960850E-2,2.4801903E-4,2.0000000E+0,2.0000000E+0,4.9999700E+1,1.9800000E-2
0.0000000E+0,-1.6851000E-3,6.2960850E-2,2.4801903E-4,2.0000000E+0,2.0000000E+0,4.9999500E+1,1.9800000E-2
0.0000000E+0,-1.7363000E-3,6.2960850E-2,2.4801903E-4,2.0000000E+0,2.0000000E+0,4.9999700E+1,1.9800000E-2
0.0000000E+0,-1.8026000E-3,6.2960850E-2,2.4801903E-4,2.0000000E+0,2.0000000E+0,4.9999900E+1,1.9800000E-2
0.0000000E+0,-1.8427000E-3,6.2960850E-2,2.4801903E-4,2.0000000E+0,2.0000000E+0,4.9999800E+1,1.9800000E-2
0.0000000E+0,-1.8835000E-3,6.2960850E-2,2.4801903E-4,2.0000000E+0,2.0000000E+0,4.9999800E+1,1.9800000E-2
0.0000000E+0,-1.9398000E-3,6.2960850E-2,2.5089095E-4,2.0000000E+0,2.0000000E+0,4.9999400E+1,1.9800000E-2
0.0000000E+0,-1.9914000E-3,6.2960850E-2,2.4801903E-4,2.0000000E+0,2.0000000E+0,4.9999400E+1,1.9800000E-2
0.0000000E+0,-2.0457000E-3,6.2960850E-2,2.4801903E-4,2.0000000E+0,2.0000000E+0,4.9999700E+1,1.9800000E-2
0.0000000E+0,-2.0978000E-3,6.2960850E-2,2.4801903E-4,2.0000000E+0,2.0000000E+0,4.9999800E+1,1.9800000E-2
0.0000000E+0,-2.1432000E-3,6.2960850E-2,2.4801903E-4,2.0000000E+0,2.0000000E+0,4.9999900E+1,1.9800000E-2
0.0000000E+0,-2.1935000E-3,6.2960850E-2,2.4801903E-4,2.0000000E+0,2.0000000E+0,5.0000100E+1,1.9800000E-2
0.0000000E+0,-2.2425000E-3,6.2960850E-2,2.4801903E-4,2.0000000E+0,2.0000000E+0,4.9999700E+1,1.9800000E-2
0.0000000E+0,-2.2924000E-3,6.2960850E-2,2.4801903E-4,2.0000000E+0,2.0000000E+0,4.9999900E+1,1.9800000E-2
0.0000000E+0,-2.3440000E-3,6.2960850E-2,2.4801903E-4,2.0000000E+0,2.0000000E+0,4.9999600E+1,1.9800000E-2
0.0000000E+0,-2.3936000E-3,6.2960850E-2,2.4801903E-4,2.0000000E+0,2.0000000E+0,4.9999700E+1,1.9800000E-2
0.0000000E+0,-2.4422000E-3,6.2960850E-2,2.4801903E-4,2.0000000E+0,2.0000000E+0,4.9999900E+1,1.9800000E-2
0.0000000E+0,-2.4892000E-3,6.2960850E-2,2.4801903E-4,2.0000000E+0,2.0000000E+0,4.9999700E+1,1.9800000E-2
0.0000000E+0,-2.5406000E-3,6.2960850E-2,2.4801903E-4,2.0000000E+0,2.0000000E+0,4.9999900E+1,1.9800000E-2
0.0000000E+0,-2.5960000E-3,6.2960850E-2,2.4801903E-4,2.0000000E+0,2.0000000E+0,4.9999900E+1,1.9800000E-2
0.0000000E+0,-2.6467000E-3,6.2960850E-2,2.4801903E-4,2.0000000E+0,2.0000000E+0,5.0000000E+1,1.9800000E-2
0.0000000E+0,-2.6904000E-3,6.2960850E-2,2.4801903E-4,2.0000000E+0,2.0000000E+0,4.9999800E+1,1.9800000E-2
0.0000000E+0,-2.7382000E-3,6.2960850E-2,2.4801903E-4,2.0000000E+0,2.0000000E+0,4.9999900E+1,1.9800000E-2
0.0000000E+0,-2.7939000E-3,6.2960850E-2,2.4801903E-4,2.0000000E+0,2.0000000E+0,4.9999700E+1,1.9800000E-2
0.0000000E+0,-2.8448000E-3,6.2960850E-2,2.4801903E-4,2.0000000E+0,2.0000000E+0,5.0000200E+1,1.9800000E-2
0.0000000E+0,-2.8954000E-3,6.2960850E-2,2.4801903E-4,2.0000000E+0,2.0000000E+0,4.9999600E+1,1.9800000E-2
0.0000000E+0,-2.9464000E-3,6.2960850E-2,2.4801903E-4,2.0000000E+0,2.0000000E+0,4.9999600E+1,1.9800000E-2
0.0000000E+0,-2.9918000E-3,6.2960850E-2,2.5089095E-4,2.0000000E+0,2.0000000E+0,5.0000000E+1,1.9800000E-2
0.0000000E+0,-3.0439000E-3,6.2960850E-2,2.4801903E-4,2.0000000E+0,2.0000000E+0,4.9999900E+1,1.9800000E-2
0.0000000E+0,-3.0911000E-3,6.2960850E-2,2.4801903E-4,2.0000000E+0,2.0000000E+0,4.9999700E+1,1.9800000E-2
0.0000000E+0,-3.1447000E-3,6.2960850E-2,2.4801903E-4,2.0000000E+0,2.0000000E+0,4.9999600E+1,1.9800000E-2
0.0000000E+0,-3.1930000E-3,6.2960850E-2,2.4801903E-4,2.0000000E+0,2.0000000E+0,4.9999800E+1,1.9800000E-2
0.0000000E+0,-3.2431000E-3,6.2960850E-2,2.4801903E-4,2.0000000E+0,2.0000000E+0,4.9999700E+1,1.9800000E-2
0.0000000E+0,-3.2909000E-3,6.2960850E-2,2.4801903E-4,2.0000000E+0,2.0000000E+0,4.9999700E+1,1.9800000E-2
0.0000000E+0,-3.3453000E-3,6.2960850E-2,2.4801903E-4,2.0000000E+0,2.0000000E+0,4.9999500E+1,1.9800000E-2
0.0000000E+0,-3.3913000E-3,6.2960850E-2,2.4801903E-4,2.0000000E+0,2.0000000E+0,4.9999600E+1,1.9800000E-2
0.0000000E+0,-3.4403000E-3,6.2960850E-2,2.4801903E-4,2.0000000E+0,2.0000000E+0,4.9999400E+1,1.9800000E-2
0.0000000E+0,-3.4895000E-3,6.2960850E-2,2.4801903E-4,2.0000000E+0,2.0000000E+0,4.9999400E+1,1.9800000E-2
0.0000000E+0,-3.5425000E-3,6.2960850E-2,2.4801903E-4,2.0000000E+0,2.0000000E+0,4.9999700E+1,1.9800000E-2
0.0000000E+0,-3.5914000E-3,6.2960850E-2,2.4801903E-4,2.0000000E+0,2.0000000E+0,4.9999800E+1,1.9800000E-2
0.0000000E+0,-3.6395000E-3,6.2960850E-2,2.4801903E-4,2.0000000E+0,2.0000000E+0,4.9999500E+1,1.9800000E-2
0.0000000E+0,-3.6943000E-3,6.2960850E-2,2.4801903E-4,2.0000000E+0,2.0000000E+0,5.0000000E+1,1.9800000E-2
0.0000000E+0,-3.7452000E-3,6.2960850E-2,2.4801903E-4,2.0000000E+0,2.0000000E+0,4.9999300E+1,1.9800000E-2
0.0000000E+0,-3.7982000E-3,6.2960850E-2,2.4801903E-4,2.0000000E+0,2.0000000E+0,4.9999500E+1,1.9800000E-2
0.0000000E+0,-3.8406000E-3,6.2960850E-2,2.4801903E-4,2.0000000E+0,2.0000000E+0,4.9999700E+1,1.9800000E-2
0.0000000E+0,-3.8995000E-3,6.2960850E-2,2.4801903E-4,2.0000000E+0,2.0000000E+0,4.9999500E+1,1.9800000E-2
0.0000000E+0,-3.9438000E-3,6.2960850E-2,2.4801903E-4,2.0000000E+0,2.0000000E+0,4.9999700E+1,1.9800000E-2
0.0000000E+0,-3.9950000E-3,6.2960850E-2,2.4801903E-4,2.0000000E+0,2.0000000E+0,4.9999600E+1,1.9800000E-2
0.0000000E+0,-4.0385000E-3,6.2960850E-2,2.4801903E-4,2.0000000E+0,2.0000000E+0,4.9999600E+1,1.9800000E-2
0.0000000E+0,-4.0938000E-3,6.2960850E-2,2.4801903E-4,2.0000000E+0,2.0000000E+0,4.9999800E+1,1.9800000E-2
0.0000000E+0,-4.1441000E-3,6.2960850E-2,2.4801903E-4,2.0000000E+0,2.0000000E+0,4.9999900E+1,1.9800000E-2
0.0000000E+0,-4.1905000E-3,6.2960850E-2,2.4801903E-4,2.0000000E+0,2.0000000E+0,4.9999800E+1,1.9800000E-2
0.0000000E+0,-4.2428000E-3,6.2960850E-2,2.4801903E-4,2.0000000E+0,2.0000000E+0,4.9999800E+1,1.9800000E-2
0.0000000E+0,-4.2917000E-3,6.2960850E-2,2.4801903E-4,2.0000000E+0,2.0000000E+0,4.9999600E+1,1.9800000E-2
0.0000000E+0,-4.3389000E-3,6.2960850E-2,2.4801903E-4,2.0000000E+0,2.0000000E+0,4.9999800E+1,1.9800000E-2
0.0000000E+0,-4.3928000E-3,6.2960850E-2,2.4801903E-4,2.0000000E+0,2.0000000E+0,5.0000000E+1,1.9800000E-2
0.0000000E+0,-4.4486000E-3,6.2960850E-2,2.5089095E-4,2.0000000E+0,2.0000000E+0,5.0000100E+1,1.9800000E-2
0.0000000E+0,-4.4981000E-3,6.2960850E-2,2.4801903E-4,2.0000000E+0,2.0000000E+0,4.9999700E+1,1.9800000E-2
0.0000000E+0,-4.5408000E-3,6.2960850E-2,2.4801903E-4,2.0000000E+0,2.0000000E+0,4.9999700E+1,1.9800000E-2
0.0000000E+0,-4.5931000E-3,6.2960850E-2,2.4801903E-4,2.0000000E+0,2.0000000E+0,5.0000000E+1,1.9800000E-2
0.0000000E+0,-4.6426000E-3,6.2960850E-2,2.4801903E-4,2.0000000E+0,2.0000000E+0,4.9999400E+1,1.9800000E-2
0.0000000E+0,-4.6904000E-3,6.2960850E-2,2.4801903E-4,2.0000000E+0,2.0000000E+0,5.0000000E+1,1.9800000E-2
0.0000000E+0,-4.7478000E-3,6.2960850E-2,2.4801903E-4,2.0000000E+0,2.0000000E+0,5.0000000E+1,1.9800000E-2
0.0000000E+0,-4.7879000E-3,6.2960850E-2,2.4801903E-4,2.0000000E+0,2.0000000E+0,5.0000000E+1,1.9800000E-2
0.0000000E+0,-4.8451000E-3,6.2960850E-2,2.4801903E-4,2.0000000E+0,2.0000000E+0,5.0000000E+1,1.9800000E-2
0.0000000E+0,-4.8937000E-3,6.2960850E-2,2.4801903E-4,2.0000000E+0,2.0000000E+0,5.0000200E+1,1.9800000E-2
0.0000000E+0,-4.9486000E-3,6.2960850E-2,2.4801903E-4,2.0000000E+0,2.0000000E+0,5.0000000E+1,1.9800000E-2
0.0000000E+0,-4.9892000E-3,6.2960850E-2,2.4801903E-4,2.0000000E+0,2.0000000E+0,4.9999900E+1,1.9800000E-2
0.0000000E+0,-5.0461000E-3,6.2960850E-2,2.4801903E-4,2.0000000E+0,2.0000000E+0,4.9999900E+1,1.9800000E-2
0.0000000E+0,-5.0885000E-3,6.2960850E-2,2.4801903E-4,2.0000000E+0,2.0000000E+0,5.0000100E+1,1.9800000E-2
0.0000000E+0,-5.1408000E-3,6.2960850E-2,2.4801903E-4,2.0000000E+0,2.0000000E+0,5.0000100E+1,1.9800000E-2
0.0000000E+0,-5.1922000E-3,6.2960850E-2,2.4801903E-4,2.0000000E+0,2.0000000E+0,5.0000100E+1,1.9800000E-2
0.0000000E+0,-5.2427000E-3,6.2960850E-2,2.5089095E-4,2.0000000E+0,2.0000000E+0,5.0000000E+1,1.9800000E-2
0.0000000E+0,-5.2853000E-3,6.2960850E-2,2.4801903E-4,2.0000000E+0,2.0000000E+0,5.0000200E+1,1.9800000E-2
0.0000000E+0,-5.3468000E-3,6.2960850E-2,2.4801903E-4,2.0000000E+0,2.0000000E+0,5.0000100E+1,1.9800000E-2
0.0000000E+0,-5.3945000E-3,6.2960850E-2,2.4801903E-4,2.0000000E+0,2.0000000E+0,5.0000400E+1,1.9800000E-2
0.0000000E+0,-5.4417000E-3,6.2960850E-2,2.4801903E-4,2.0000000E+0,2.0000000E+0,5.0000300E+1,1.9800000E-2
0.0000000E+0,-5.4887000E-3,6.2960850E-2,2.4801903E-4,2.0000000E+0,2.0000000E+0,5.0000000E+1,1.9800000E-2
0.0000000E+0,-5.5458000E-3,6.2960850E-2,2.4801903E-4,2.0000000E+0,2.0000000E+0,5.0000400E+1,1.9800000E-2
0.0000000E+0,-5.5889000E-3,6.2960850E-2,2.4801903E-4,2.0000000E+0,2.0000000E+0,5.0000500E+1,1.9800000E-2
0.0000000E+0,-5.6372000E-3,6.2960850E-2,2.4801903E-4,2.0000000E+0,2.0000000E+0,5.0000200E+1,1.9800000E-2
0.0000000E+0,-5.6877000E-3,6.2960850E-2,2.4801903E-4,2.0000000E+0,2.0000000E+0,5.0000600E+1,1.9800000E-2
0.0000000E+0,-5.7396000E-3,6.2960850E-2,2.4801903E-4,2.0000000E+0,2.0000000E+0,5.0000000E+1,1.9800000E-2
0.0000000E+0,-5.7952000E-3,6.2960850E-2,2.4801903E-4,2.0000000E+0,2.0000000E+0,5.0000300E+1,1.9800000E-2
0.0000000E+0,-5.8468000E-3,6.2960850E-2,2.4801903E-4,2.0000000E+0,2.0000000E+0,5.0000400E+1,1.9800000E-2
0.0000000E+0,-5.8911000E-3,6.2960850E-2,2.4801903E-4,2.0000000E+0,2.0000000E+0,5.0000400E+1,1.9800000E-2
0.0000000E+0,-5.9426000E-3,6.2960850E-2,2.4801903E-4,2.0000000E+0,2.0000000E+0,5.0000100E+1,1.9800000E-2
0.0000000E+0,-5.9928000E-3,6.2960850E-2,2.4801903E-4,2.0000000E+0,2.0000000E+0,5.0000200E+1,1.9800000E-2
0.0000000E+0,-6.0480000E-3,6.2960850E-2,2.4801903E-4,2.0000000E+0,2.0000000E+0,5.0000500E+1,1.9800000E-2
0.0000000E+0,-6.0948000E-3,6.2960850E-2,2.4801903E-4,2.0000000E+0,2.0000000E+0,4.9999900E+1,1.9800000E-2
0.0000000E+0,-6.1362000E-3,6.2960850E-2,2.4801903E-4,2.0000000E+0,2.0000000E+0,5.0000100E+1,1.9800000E-2
0.0000000E+0,-6.1923000E-3,6.2960850E-2,2.4801903E-4,2.0000000E+0,2.0000000E+0,5.0000200E+1,1.9800000E-2
0.0000000E+0,-6.2389000E-3,6.2960850E-2,2.4801903E-4,2.0000000E+0,2.0000000E+0,5.0000000E+1,1.9800000E-2
0.0000000E+0,-6.2882000E-3,6.2960850E-2,2.4801903E-4,2.0000000E+0,2.0000000E+0,5.0000100E+1,1.9800000E-2
0.0000000E+0,-6.3383000E-3,6.2960850E-2,2.4801903E-4,2.0000000E+0,2.0000000E+0,5.0000500E+1,1.9800000E-2
0.0000000E+0,-6.3951000E-3,6.2960850E-2,2.4801903E-4,2.0000000E+0,2.0000000E+0,5.0000400E+1,1.9800000E-2
0.0000000E+0,-6.4549000E-3,6.2960850E-2,2.4801903E-4,2.0000000E+0,2.0000000E+0,4.9999800E+1,1.9800000E-2
0.0000000E+0,-6.4881000E-3,6.2960850E-2,2.4801903E-4,2.0000000E+0,2.0000000E+0,5.0000200E+1,1.9800000E-2
0.0000000E+0,-6.5465000E-3,6.2960850E-2,2.4801903E-4,2.0000000E+0,2.0000000E+0,5.0000400E+1,1.9800000E-2
0.0000000E+0,-6.5923000E-3,6.2960850E-2,2.4801903E-4,2.0000000E+0,2.0000000E+0,5.0000200E+1,1.9800000E-2
0.0000000E+0,-6.6371000E-3,6.2960850E-2,2.4801903E-4,2.0000000E+0,2.0000000E+0,5.0000500E+1,1.9800000E-2
0.0000000E+0,-6.6969000E-3,6.2960850E-2,2.4801903E-4,2.0000000E+0,2.0000000E+0,5.0000200E+1,1.9800000E-2
0.0000000E+0,-6.7412000E-3,6.2960850E-2,2.4801903E-4,2.0000000E+0,2.0000000E+0,5.0000500E+1,1.9800000E-2
0.0000000E+0,-6.7931000E-3,6.2960850E-2,2.4801903E-4,2.0000000E+0,2.0000000E+0,5.0000200E+1,1.9800000E-2
0.0000000E+0,-6.8407000E-3,6.2960850E-2,2.4801903E-4,2.0000000E+0,2.0000000E+0,5.0000400E+1,1.9800000E-2
0.0000000E+0,-6.8851000E-3,6.2960850E-2,2.4801903E-4,2.0000000E+0,2.0000000E+0,5.0000300E+1,1.9800000E-2
0.0000000E+0,-6.9343000E-3,6.2960850E-2,2.4801903E-4,2.0000000E+0,2.0000000E+0,5.0000100E+1,1.9800000E-2
0.0000000E+0,-6.9916000E-3,6.2960850E-2,2.4801903E-4,2.0000000E+0,2.0000000E+0,4.9999900E+1,1.9800000E-2
0.0000000E+0,-7.0402000E-3,6.2960850E-2,2.4801903E-4,2.0000000E+0,2.0000000E+0,4.9999900E+1,1.9800000E-2
0.0000000E+0,-7.0909000E-3,6.2960850E-2,2.4801903E-4,2.0000000E+0,2.0000000E+0,5.0000300E+1,1.9800000E-2
0.0000000E+0,-7.1454000E-3,6.2960850E-2,2.4801903E-4,2.0000000E+0,2.0000000E+0,5.0000400E+1,1.9800000E-2
0.0000000E+0,-7.1856000E-3,6.2960850E-2,2.4801903E-4,2.0000000E+0,2.0000000E+0,5.0000300E+1,1.9800000E-2
0.0000000E+0,-7.2366000E-3,6.2960850E-2,2.4801903E-4,2.0000000E+0,2.0000000E+0,5.0000500E+1,1.9800000E-2
0.0000000E+0,-7.2669000E-3,6.2960850E-2,2.4801903E-4,2.0000000E+0,2.0000000E+0,5.0000500E+1,1.9800000E-2
0.0000000E+0,-7.3547000E-3,6.2960850E-2,2.4801903E-4,2.0000000E+0,2.0000000E+0,5.0000100E+1,1.9800000E-2
0.0000000E+0,-7.3884000E-3,6.2960850E-2,2.4801903E-4,2.0000000E+0,2.0000000E+0,5.0000100E+1,1.9800000E-2
0.0000000E+0,-7.4417000E-3,6.2960850E-2,2.4801903E-4,2.0000000E+0,2.0000000E+0,4.9999900E+1,1.9800000E-2
0.0000000E+0,-7.4786000E-3,6.2960850E-2,2.4801903E-4,2.0000000E+0,2.0000000E+0,4.9999800E+1,1.9800000E-2
0.0000000E+0,-7.4981000E-3,6.2960850E-2,2.4801903E-4,2.0000000E+0,2.0000000E+0,5.0000300E+1,1.9800000E-2
0.0000000E+0,-7.5880000E-3,6.2960850E-2,2.4801903E-4,2.0000000E+0,2.0000000E+0,5.0000200E+1,1.9800000E-2
0.0000000E+0,-7.6625000E-3,6.2960850E-2,2.4801903E-4,2.0000000E+0,2.0000000E+0,4.9999900E+1,1.9800000E-2
0.0000000E+0,-7.7004000E-3,6.2960850E-2,2.4801903E-4,2.0000000E+0,2.0000000E+0,4.9999400E+1,1.9800000E-2
0.0000000E+0,-7.7412000E-3,6.2960850E-2,2.4801903E-4,2.0000000E+0,2.0000000E+0,5.0000000E+1,1.9800000E-2
0.0000000E+0,-7.7376000E-3,6.2960850E-2,2.4801903E-4,2.0000000E+0,2.0000000E+0,5.0000400E+1,1.9800000E-2
0.0000000E+0,-7.8221000E-3,6.2960850E-2,2.4801903E-4,2.0000000E+0,2.0000000E+0,5.0000100E+1,1.9800000E-2
0.0000000E+0,-7.8717000E-3,6.2960850E-2,2.4801903E-4,2.0000000E+0,2.0000000E+0,5.0000100E+1,1.9800000E-2
0.0000000E+0,-7.9185000E-3,6.2960850E-2,2.4801903E-4,2.0000000E+0,2.0000000E+0,5.0000100E+1,1.9800000E-2
0.0000000E+0,-7.9599000E-3,6.2960850E-2,2.4801903E-4,2.0000000E+0,2.0000000E+0,4.9999800E+1,1.9800000E-2
0.0000000E+0,-8.0140000E-3,6.2960850E-2,2.4801903E-4,2.0000000E+0,2.0000000E+0,4.9999800E+1,1.9800000E-2
0.0000000E+0,-8.0795000E-3,6.2960850E-2,2.4801903E-4,2.0000000E+0,2.0000000E+0,4.9999900E+1,1.9800000E-2
0.0000000E+0,-8.1412000E-3,6.2960850E-2,2.4801903E-4,2.0000000E+0,2.0000000E+0,4.9999900E+1,1.9800000E-2
0.0000000E+0,-8.1591000E-3,6.2960850E-2,2.4801903E-4,2.0000000E+0,2.0000000E+0,5.0000100E+1,1.9800000E-2
0.0000000E+0,-8.2336000E-3,6.2960850E-2,2.4801903E-4,2.0000000E+0,2.0000000E+0,5.0000300E+1,1.9800000E-2
0.0000000E+0,-8.2502000E-3,6.2960850E-2,2.4801903E-4,2.0000000E+0,2.0000000E+0,5.0000000E+1,1.9800000E-2
0.0000000E+0,-8.2936000E-3,6.2960850E-2,2.4801903E-4,2.0000000E+0,2.0000000E+0,4.9999800E+1,1.9800000E-2
0.0000000E+0,-8.3098000E-3,6.2960850E-2,2.4801903E-4,2.0000000E+0,2.0000000E+0,5.0000100E+1,1.9800000E-2
0.0000000E+0,-8.4056000E-3,6.2960850E-2,2.4801903E-4,2.0000000E+0,2.0000000E+0,4.9999900E+1,1.9800000E-2
0.0000000E+0,-8.4866000E-3,6.2960850E-2,2.4801903E-4,2.0000000E+0,2.0000000E+0,5.0000200E+1,1.9800000E-2
0.0000000E+0,-8.5953000E-3,6.2960850E-2,2.4801903E-4,2.0000000E+0,2.0000000E+0,5.0000200E+1,1.9800000E-2
0.0000000E+0,-8.5505000E-3,6.2960850E-2,2.4801903E-4,2.0000000E+0,2.0000000E+0,5.0000200E+1,1.9800000E-2
0.0000000E+0,-8.7178000E-3,6.2960850E-2,2.4801903E-4,2.0000000E+0,2.0000000E+0,5.0000200E+1,1.9800000E-2
0.0000000E+0,-8.7542000E-3,6.2960850E-2,2.4801903E-4,2.0000000E+0,2.0000000E+0,5.0000500E+1,1.9800000E-2
0.0000000E+0,-8.7734000E-3,6.2960850E-2,2.4801903E-4,2.0000000E+0,2.0000000E+0,5.0000400E+1,1.9800000E-2
0.0000000E+0,-8.8452000E-3,6.2960850E-2,2.5089095E-4,2.0000000E+0,2.0000000E+0,5.0000300E+1,1.9800000E-2
0.0000000E+0,-8.8929000E-3,6.2960850E-2,2.4801903E-4,2.0000000E+0,2.0000000E+0,5.0000600E+1,1.9800000E-2
0.0000000E+0,-8.8991000E-3,6.2960850E-2,2.4801903E-4,2.0000000E+0,2.0000000E+0,5.0000000E+1,1.9800000E-2
0.0000000E+0,-8.9654000E-3,6.2960850E-2,2.4801903E-4,2.0000000E+0,2.0000000E+0,5.0000200E+1,1.9800000E-2
0.0000000E+0,-8.9485000E-3,6.2960850E-2,2.4801903E-4,2.0000000E+0,2.0000000E+0,5.0000100E+1,1.9800000E-2
0.0000000E+0,-9.1098000E-3,6.2960850E-2,2.4801903E-4,2.0000000E+0,2.0000000E+0,5.0000300E+1,1.9800000E-2
0.0000000E+0,-9.0447000E-3,6.2960850E-2,2.5089095E-4,2.0000000E+0,2.0000000E+0,5.0000500E+1,1.9800000E-2
0.0000000E+0,-9.1076000E-3,6.2960850E-2,2.4801903E-4,2.0000000E+0,2.0000000E+0,5.0000200E+1,1.9800000E-2
0.0000000E+0,-9.1541000E-3,6.2960850E-2,2.4801903E-4,2.0000000E+0,2.0000000E+0,5.0000000E+1,1.9800000E-2
0.0000000E+0,-9.2149000E-3,6.2960850E-2,2.4801903E-4,2.0000000E+0,2.0000000E+0,5.0000400E+1,1.9800000E-2
0.0000000E+0,-9.3443000E-3,6.2960850E-2,2.4801903E-4,2.0000000E+0,2.0000000E+0,5.0000500E+1,1.9800000E-2
0.0000000E+0,-9.2282000E-3,6.2960850E-2,2.4801903E-4,2.0000000E+0,2.0000000E+0,5.0000100E+1,1.9800000E-2
0.0000000E+0,-9.4179000E-3,6.2960850E-2,2.4801903E-4,2.0000000E+0,2.0000000E+0,4.9999600E+1,1.9800000E-2
0.0000000E+0,-9.5218000E-3,6.2960850E-2,2.4801903E-4,2.0000000E+0,2.0000000E+0,4.9999900E+1,1.9800000E-2
0.0000000E+0,-9.5958000E-3,6.2960850E-2,2.4801903E-4,2.0000000E+0,2.0000000E+0,4.9999600E+1,1.9800000E-2
0.0000000E+0,-9.6497000E-3,6.2960850E-2,2.4801903E-4,2.0000000E+0,2.0000000E+0,5.0000300E+1,1.9800000E-2
0.0000000E+0,-9.6851000E-3,6.2960850E-2,2.4801903E-4,2.0000000E+0,2.0000000E+0,5.0000000E+1,1.9800000E-2
0.0000000E+0,-9.6608000E-3,6.2960850E-2,2.4801903E-4,2.0000000E+0,2.0000000E+0,5.0000500E+1,1.9800000E-2
0.0000000E+0,-9.7361000E-3,6.2960850E-2,2.4801903E-4,2.0000000E+0,2.0000000E+0,5.0000000E+1,1.9800000E-2
0.0000000E+0,-9.7780000E-3,6.2960850E-2,2.4801903E-4,2.0000000E+0,2.0000000E+0,5.0000100E+1,1.9800000E-2
0.0000000E+0,-9.8624000E-3,6.2960850E-2,2.4801903E-4,2.0000000E+0,2.0000000E+0,5.0000200E+1,1.9800000E-2
0.0000000E+0,-9.8598000E-3,6.2960850E-2,2.4801903E-4,2.0000000E+0,2.0000000E+0,5.0000400E+1,1.9800000E-2
0.0000000E+0,-9.7536000E-3,6.2960850E-2,2.4801903E-4,2.0000000E+0,2.0000000E+0,5.0000500E+1,1.9800000E-2
0.0000000E+0,-9.9774000E-3,6.2960850E-2,2.4801903E-4,2.0000000E+0,2.0000000E+0,5.0000100E+1,1.9800000E-2
