Idc,Bz,Vdc_adc,Prf,fg,FBP,V_bg,dBz,
nA,T,mV,mV,GHz,GHz,V,T/min,
0.0000000E+0,1.5001900E-2,6.2960850E-2,2.4801903E-4,2.0000000E+0,2.0000000E+0,4.9999800E+1,1.9800000E-2
0.0000000E+0,1.4953700E-2,6.2960850E-2,2.5089095E-4,2.0000000E+0,2.0000000E+0,4.9999900E+1,1.9800000E-2
0.0000000E+0,1.4907400E-2,6.2960850E-2,2.4801903E-4,2.0000000E+0,2.0000000E+0,4.9999500E+1,1.9800000E-2
0.0000000E+0,1.4854900E-2,6.2960850E-2,2.4801903E-4,2.0000000E+0,2.0000000E+0,4.9999400E+1,1.9800000E-2
0.0000000E+0,1.4809000E-2,6.2960850E-2,2.4801903E-4,2.0000000E+0,2.0000000E+0,5.0000000E+1,1.9800000E-2
0.0000000E+0,1.4758800E-2,6.2960850E-2,2.4801903E-4,2.0000000E+0,2.0000000E+0,5.0000100E+1,1.9800000E-2
0.0000000E+0,1.4711700E-2,6.2960850E-2,2.4801903E-4,2.0000000E+0,2.0000000E+0,5.0000200E+1,1.9800000E-2
0.0000000E+0,1.4654600E-2,6.2960850E-2,2.4801903E-4,2.0000000E+0,2.0000000E+0,4.9999900E+1,1.9800000E-2
0.0000000E+0,1.4610900E-2,6.2960850E-2,2.4801903E-4,2.0000000E+0,2.0000000E+0,4.9999500E+1,1.9800000E-2
0.0000000E+0,1.4563900E-2,6.2960850E-2,2.4801903E-4,2.0000000E+0,2.0000000E+0,4.9999900E+1,1.9800000E-2
0.0000000E+0,1.4505000E-2,6.2960850E-2,2.4801903E-4,2.0000000E+0,2.0000000E+0,5.0000000E+1,1.9800000E-2
0.0000000E+0,1.4455600E-2,6.2960850E-2,2.4801903E-4,2.0000000E+0,2.0000000E+0,5.0000100E+1,1.9800000E-2
0.0000000E+0,1.4406200E-2,6.2960850E-2,2.4801903E-4,2.0000000E+0,2.0000000E+0,5.0000000E+1,1.9800000E-2
0.0000000E+0,1.4355400E-2,6.2960850E-2,2.4801903E-4,2.0000000E+0,2.0000000E+0,5.0000300E+1,1.9800000E-2
0.0000000E+0,1.4306400E-2,6.2960850E-2,2.4801903E-4,2.0000000E+0,2.0000000E+0,5.0000100E+1,1.9800000E-2
0.0000000E+0,1.4255000E-2,6.2960850E-2,2.4801903E-4,2.0000000E+0,2.0000000E+0,4.9999700E+1,1.9800000E-2
0.0000000E+0,1.4208900E-2,6.2960850E-2,2.4801903E-4,2.0000000E+0,2.0000000E+0,5.0000000E+1,1.9800000E-2
0.0000000E+0,1.4160000E-2,6.2960850E-2,2.4801903E-4,2.0000000E+0,2.0000000E+0,4.9999700E+1,1.9800000E-2
0.0000000E+0,1.4106300E-2,6.2960850E-2,2.4801903E-4,2.0000000E+0,2.0000000E+0,5.0000000E+1,1.9800000E-2
0.0000000E+0,1.4055800E-2,6.2960850E-2,2.4801903E-4,2.0000000E+0,2.0000000E+0,5.0000200E+1,1.9800000E-2
0.0000000E+0,1.4010100E-2,6.2960850E-2,2.4801903E-4,2.0000000E+0,2.0000000E+0,4.9999600E+1,1.9800000E-2
0.0000000E+0,1.3958500E-2,6.2960850E-2,2.4801903E-4,2.0000000E+0,2.0000000E+0,4.9999700E+1,1.9800000E-2
0.0000000E+0,1.3906200E-2,6.2960850E-2,2.4801903E-4,2.0000000E+0,2.0000000E+0,4.9999900E+1,1.9800000E-2
0.0000000E+0,1.3854600E-2,6.2960850E-2,2.4801903E-4,2.0000000E+0,2.0000000E+0,5.0000000E+1,1.9800000E-2
0.0000000E+0,1.3809400E-2,6.2960850E-2,2.4801903E-4,2.0000000E+0,2.0000000E+0,5.0000300E+1,1.9800000E-2
0.0000000E+0,1.3756400E-2,6.2960850E-2,2.4801903E-4,2.0000000E+0,2.0000000E+0,5.0000300E+1,1.9800000E-2
0.0000000E+0,1.3709400E-2,6.2960850E-2,2.4801903E-4,2.0000000E+0,2.0000000E+0,4.9999900E+1,1.9800000E-2
0.0000000E+0,1.3653600E-2,6.2960850E-2,2.4801903E-4,2.0000000E+0,2.0000000E+0,5.0000000E+1,1.9800000E-2
0.0000000E+0,1.3600100E-2,6.2960850E-2,2.4801903E-4,2.0000000E+0,2.0000000E+0,4.9999800E+1,1.9800000E-2
0.0000000E+0,1.3557200E-2,6.2960850E-2,2.4801903E-4,2.0000000E+0,2.0000000E+0,5.0000100E+1,1.9800000E-2
0.0000000E+0,1.3507100E-2,6.2960850E-2,2.4801903E-4,2.0000000E+0,2.0000000E+0,4.9999900E+1,1.9800000E-2
0.0000000E+0,1.3459200E-2,6.2960850E-2,2.4801903E-4,2.0000000E+0,2.0000000E+0,5.0000200E+1,1.9800000E-2
0.0000000E+0,1.3405400E-2,6.2960850E-2,2.4801903E-4,2.0000000E+0,2.0000000E+0,5.0000200E+1,1.9800000E-2
0.0000000E+0,1.3356600E-2,6.2960850E-2,2.4801903E-4,2.0000000E+0,2.0000000E+0,5.0000200E+1,1.9800000E-2
0.0000000E+0,1.3306500E-2,6.2960850E-2,2.5089095E-4,2.0000000E+0,2.0000000E+0,5.0000200E+1,1.9800000E-2
0.0000000E+0,1.3259500E-2,6.2960850E-2,2.4801903E-4,2.0000000E+0,2.0000000E+0,5.0000000E+1,1.9800000E-2
0.0000000E+0,1.3207200E-2,6.2960850E-2,2.4801903E-4,2.0000000E+0,2.0000000E+0,5.0000500E+1,1.9800000E-2
0.0000000E+0,1.3159800E-2,6.2960850E-2,2.4801903E-4,2.0000000E+0,2.0000000E+0,5.0000600E+1,1.9800000E-2
0.0000000E+0,1.3106000E-2,6.2960850E-2,2.4801903E-4,2.0000000E+0,2.0000000E+0,5.0000400E+1,1.9800000E-2
0.0000000E+0,1.3058700E-2,6.2960850E-2,2.4801903E-4,2.0000000E+0,2.0000000E+0,4.9999600E+1,1.9800000E-2
0.0000000E+0,1.3009300E-2,6.2960850E-2,2.4801903E-4,2.0000000E+0,2.0000000E+0,5.0000100E+1,1.9800000E-2
0.0000000E+0,1.2957700E-2,6.2960850E-2,2.4801903E-4,2.0000000E+0,2.0000000E+0,4.9999900E+1,1.9800000E-2
0.0000000E+0,1.2906900E-2,6.2960850E-2,2.4801903E-4,2.0000000E+0,2.0000000E+0,4.9999900E+1,1.9800000E-2
0.0000000E+0,1.2854900E-2,6.2960850E-2,2.4801903E-4,2.0000000E+0,2.0000000E+0,4.9999900E+1,1.9800000E-2
0.0000000E+0,1.2802300E-2,6.2960850E-2,2.4801903E-4,2.0000000E+0,2.0000000E+0,4.9999700E+1,1.9800000E-2
0.0000000E+0,1.2760500E-2,6.2960850E-2,2.4801903E-4,2.0000000E+0,2.0000000E+0,5.0000000E+1,1.9800000E-2
0.0000000E+0,1.2702200E-2,6.2960850E-2,2.4801903E-4,2.0000000E+0,2.0000000E+0,5.0000000E+1,1.9800000E-2
0.0000000E+0,1.2661600E-2,6.2960850E-2,2.4801903E-4,2.0000000E+0,2.0000000E+0,5.0000000E+1,1.9800000E-2
0.0000000E+0,1.2607300E-2,6.2960850E-2,2.4801903E-4,2.0000000E+0,2.0000000E+0,4.9999800E+1,1.9800000E-2
0.0000000E+0,1.2552800E-2,6.2960850E-2,2.4801903E-4,2.0000000E+0,2.0000000E+0,4.9999800E+1,1.9800000E-2
0.0000000E+0,1.2504500E-2,6.2960850E-2,2.4801903E-4,2.0000000E+0,2.0000000E+0,4.9999600E+1,1.9800000E-2
0.0000000E+0,1.2462600E-2,6.2960850E-2,2.4801903E-4,2.0000000E+0,2.0000000E+0,5.0000300E+1,1.9800000E-2
0.0000000E+0,1.2405200E-2,6.2960850E-2,2.4801903E-4,2.0000000E+0,2.0000000E+0,5.0000000E+1,1.9800000E-2
0.0000000E+0,1.2356000E-2,6.2960850E-2,2.4801903E-4,2.0000000E+0,2.0000000E+0,5.0000100E+1,1.9800000E-2
0.0000000E+0,1.2304100E-2,6.2960850E-2,2.4801903E-4,2.0000000E+0,2.0000000E+0,5.0000300E+1,1.9800000E-2
0.0000000E+0,1.2253200E-2,6.2960850E-2,2.4801903E-4,2.0000000E+0,2.0000000E+0,5.0000000E+1,1.9800000E-2
0.0000000E+0,1.2208400E-2,6.2960850E-2,2.4801903E-4,2.0000000E+0,2.0000000E+0,5.0000000E+1,1.9800000E-2
0.0000000E+0,1.2147900E-2,6.2960850E-2,2.4801903E-4,2.0000000E+0,2.0000000E+0,4.9999900E+1,1.9800000E-2
0.0000000E+0,1.2102300E-2,6.2960850E-2,2.4801903E-4,2.0000000E+0,2.0000000E+0,5.0000000E+1,1.9800000E-2
0.0000000E+0,1.2057500E-2,6.2960850E-2,2.4801903E-4,2.0000000E+0,2.0000000E+0,4.9999700E+1,1.9800000E-2
0.0000000E+0,1.2007900E-2,6.2960850E-2,2.4801903E-4,2.0000000E+0,2.0000000E+0,4.9999700E+1,1.9800000E-2
0.0000000E+0,1.1951600E-2,6.2960850E-2,2.4801903E-4,2.0000000E+0,2.0000000E+0,5.0000200E+1,1.9800000E-2
0.0000000E+0,1.1904800E-2,6.2960850E-2,2.4801903E-4,2.0000000E+0,2.0000000E+0,5.0000700E+1,1.9800000E-2
0.0000000E+0,1.1860100E-2,6.2960850E-2,2.4801903E-4,2.0000000E+0,2.0000000E+0,5.0000400E+1,1.9800000E-2
0.0000000E+0,1.1806200E-2,6.2960850E-2,2.4801903E-4,2.0000000E+0,2.0000000E+0,5.0000300E+1,1.9800000E-2
0.0000000E+0,1.1762100E-2,6.2960850E-2,2.4801903E-4,2.0000000E+0,2.0000000E+0,4.9999900E+1,1.9800000E-2
0.0000000E+0,1.1706500E-2,6.2960850E-2,2.4801903E-4,2.0000000E+0,2.0000000E+0,4.9999900E+1,1.9800000E-2
0.0000000E+0,1.1659300E-2,6.2960850E-2,2.4801903E-4,2.0000000E+0,2.0000000E+0,5.0000200E+1,1.9800000E-2
0.0000000E+0,1.1607900E-2,6.2960850E-2,2.4801903E-4,2.0000000E+0,2.0000000E+0,5.0000200E+1,1.9800000E-2
0.0000000E+0,1.1560600E-2,6.2960850E-2,2.4801903E-4,2.0000000E+0,2.0000000E+0,5.0000400E+1,1.9800000E-2
0.0000000E+0,1.1505300E-2,6.2960850E-2,2.4801903E-4,2.0000000E+0,2.0000000E+0,5.0000200E+1,1.9800000E-2
0.0000000E+0,1.1453000E-2,6.2960850E-2,2.4801903E-4,2.0000000E+0,2.0000000E+0,5.0000800E+1,1.9800000E-2
0.0000000E+0,1.1404600E-2,6.2960850E-2,2.4801903E-4,2.0000000E+0,2.0000000E+0,5.0000500E+1,1.9800000E-2
0.0000000E+0,1.1356500E-2,6.2960850E-2,2.4801903E-4,2.0000000E+0,2.0000000E+0,5.0000200E+1,1.9800000E-2
0.0000000E+0,1.1304300E-2,6.2960850E-2,2.4801903E-4,2.0000000E+0,2.0000000E+0,5.0000300E+1,1.9800000E-2
0.0000000E+0,1.1259900E-2,6.2960850E-2,2.4801903E-4,2.0000000E+0,2.0000000E+0,5.0000000E+1,1.9800000E-2
0.0000000E+0,1.1205000E-2,6.2960850E-2,2.4801903E-4,2.0000000E+0,2.0000000E+0,5.0000000E+1,1.9800000E-2
0.0000000E+0,1.1154200E-2,6.2960850E-2,2.4801903E-4,2.0000000E+0,2.0000000E+0,5.0000100E+1,1.9800000E-2
0.0000000E+0,1.1105500E-2,6.2960850E-2,2.4801903E-4,2.0000000E+0,2.0000000E+0,5.0000000E+1,1.9800000E-2
0.0000000E+0,1.1057600E-2,6.2960850E-2,2.4801903E-4,2.0000000E+0,2.0000000E+0,5.0000000E+1,1.9800000E-2
0.0000000E+0,1.1006200E-2,6.2960850E-2,2.4801903E-4,2.0000000E+0,2.0000000E+0,5.0000100E+1,1.9800000E-2
0.0000000E+0,1.0958300E-2,6.2960850E-2,2.4801903E-4,2.0000000E+0,2.0000000E+0,5.0000300E+1,1.9800000E-2
0.0000000E+0,1.0903100E-2,6.2960850E-2,2.4801903E-4,2.0000000E+0,2.0000000E+0,5.0000200E+1,1.9800000E-2
0.0000000E+0,1.0856800E-2,6.2960850E-2,2.4801903E-4,2.0000000E+0,2.0000000E+0,5.0000300E+1,1.9800000E-2
0.0000000E+0,1.0808300E-2,6.2960850E-2,2.4801903E-4,2.0000000E+0,2.0000000E+0,5.0000100E+1,1.9800000E-2
0.0000000E+0,1.0758900E-2,6.2960850E-2,2.4801903E-4,2.0000000E+0,2.0000000E+0,5.0000300E+1,1.9800000E-2
0.0000000E+0,1.0708600E-2,6.2960850E-2,2.4801903E-4,2.0000000E+0,2.0000000E+0,5.0000200E+1,1.9800000E-2
0.0000000E+0,1.0657400E-2,6.2960850E-2,2.4801903E-4,2.0000000E+0,2.0000000E+0,5.0000300E+1,1.9800000E-2
0.0000000E+0,1.0609100E-2,6.2960850E-2,2.4801903E-4,2.0000000E+0,2.0000000E+0,5.0000300E+1,1.9800000E-2
0.0000000E+0,1.0556300E-2,6.2960850E-2,2.4801903E-4,2.0000000E+0,2.0000000E+0,5.0000500E+1,1.9800000E-2
0.0000000E+0,1.0506000E-2,6.2960850E-2,2.4801903E-4,2.0000000E+0,2.0000000E+0,5.0000600E+1,1.9800000E-2
0.0000000E+0,1.0453300E-2,6.2960850E-2,2.4801903E-4,2.0000000E+0,2.0000000E+0,5.0000500E+1,1.9800000E-2
0.0000000E+0,1.0407100E-2,6.2960850E-2,2.4801903E-4,2.0000000E+0,2.0000000E+0,5.0000300E+1,1.9800000E-2
0.0000000E+0,1.0361700E-2,6.2960850E-2,2.4801903E-4,2.0000000E+0,2.0000000E+0,5.0000400E+1,1.9800000E-2
0.0000000E+0,1.0305000E-2,6.2960850E-2,2.4801903E-4,2.0000000E+0,2.0000000E+0,5.0000200E+1,1.9800000E-2
0.0000000E+0,1.0246000E-2,6.2960850E-2,2.4801903E-4,2.0000000E+0,2.0000000E+0,5.0000600E+1,1.9800000E-2
0.0000000E+0,1.0207500E-2,6.2960850E-2,2.5089095E-4,2.0000000E+0,2.0000000E+0,5.0000300E+1,1.9800000E-2
0.0000000E+0,1.0156900E-2,6.2960850E-2,2.4801903E-4,2.0000000E+0,2.0000000E+0,5.0000500E+1,1.9800000E-2
0.0000000E+0,1.0112600E-2,6.2960850E-2,2.4801903E-4,2.0000000E+0,2.0000000E+0,5.0000500E+1,1.9800000E-2
0.0000000E+0,1.0053700E-2,6.2960850E-2,2.4801903E-4,2.0000000E+0,2.0000000E+0,5.0000400E+1,1.9800000E-2
0.0000000E+0,1.0010300E-2,6.2960850E-2,2.4801903E-4,2.0000000E+0,2.0000000E+0,5.0000400E+1,1.9800000E-2
0.0000000E+0,9.9559000E-3,6.2960850E-2,2.4801903E-4,2.0000000E+0,2.0000000E+0,5.0000600E+1,1.9800000E-2
0.0000000E+0,9.9098000E-3,6.2960850E-2,2.4801903E-4,2.0000000E+0,2.0000000E+0,5.0000200E+1,1.9800000E-2
0.0000000E+0,9.8536000E-3,6.2960850E-2,2.4801903E-4,2.0000000E+0,2.0000000E+0,5.0000700E+1,1.9800000E-2
0.0000000E+0,9.8044000E-3,6.2960850E-2,2.4801903E-4,2.0000000E+0,2.0000000E+0,5.0000300E+1,1.9800000E-2
0.0000000E+0,9.7558000E-3,6.2960850E-2,2.4801903E-4,2.0000000E+0,2.0000000E+0,5.0000500E+1,1.9800000E-2
0.0000000E+0,9.7051000E-3,6.2960850E-2,2.4801903E-4,2.0000000E+0,2.0000000E+0,5.0000400E+1,1.9800000E-2
0.0000000E+0,9.6534000E-3,6.2960850E-2,2.4801903E-4,2.0000000E+0,2.0000000E+0,5.0000100E+1,1.9800000E-2
0.0000000E+0,9.6062000E-3,6.2960850E-2,2.4801903E-4,2.0000000E+0,2.0000000E+0,5.0000200E+1,1.9800000E-2
0.0000000E+0,9.5579000E-3,6.2960850E-2,2.4801903E-4,2.0000000E+0,2.0000000E+0,5.0000400E+1,1.9800000E-2
0.0000000E+0,9.5070000E-3,6.2960850E-2,2.4801903E-4,2.0000000E+0,2.0000000E+0,5.0000300E+1,1.9800000E-2
0.0000000E+0,9.4564000E-3,6.2960850E-2,2.4801903E-4,2.0000000E+0,2.0000000E+0,5.0000300E+1,1.9800000E-2
0.0000000E+0,9.4022000E-3,6.2960850E-2,2.4801903E-4,2.0000000E+0,2.0000000E+0,5.0000300E+1,1.9800000E-2
0.0000000E+0,9.3587000E-3,6.2960850E-2,2.4801903E-4,2.0000000E+0,2.0000000E+0,5.0000700E+1,1.9800000E-2
0.0000000E+0,9.3071000E-3,6.2960850E-2,2.4801903E-4,2.0000000E+0,2.0000000E+0,5.0000300E+1,1.9800000E-2
0.0000000E+0,9.2548000E-3,6.2960850E-2,2.4801903E-4,2.0000000E+0,2.0000000E+0,5.0000600E+1,1.9800000E-2
0.0000000E+0,9.2054000E-3,6.2960850E-2,2.4801903E-4,2.0000000E+0,2.0000000E+0,5.0000300E+1,1.9800000E-2
0.0000000E+0,9.1597000E-3,6.2960850E-2,2.4801903E-4,2.0000000E+0,2.0000000E+0,5.0000500E+1,1.9800000E-2
0.0000000E+0,9.1050000E-3,6.2960850E-2,2.4801903E-4,2.0000000E+0,2.0000000E+0,5.0000500E+1,1.9800000E-2
0.0000000E+0,9.0569000E-3,6.2960850E-2,2.4801903E-4,2.0000000E+0,2.0000000E+0,5.0000600E+1,1.9800000E-2
0.0000000E+0,9.0054000E-3,6.2960850E-2,2.4801903E-4,2.0000000E+0,2.0000000E+0,5.0000400E+1,1.9800000E-2
0.0000000E+0,8.9543000E-3,6.2960850E-2,2.4801903E-4,2.0000000E+0,2.0000000E+0,5.0000400E+1,1.9800000E-2
0.0000000E+0,8.9071000E-3,6.2960850E-2,2.4801903E-4,2.0000000E+0,2.0000000E+0,5.0000300E+1,1.9800000E-2
0.0000000E+0,8.8543000E-3,6.2960850E-2,2.4801903E-4,2.0000000E+0,2.0000000E+0,5.0000500E+1,1.9800000E-2
0.0000000E+0,8.8044000E-3,6.2960850E-2,2.4801903E-4,2.0000000E+0,2.0000000E+0,5.0000000E+1,1.9800000E-2
0.0000000E+0,8.7524000E-3,6.2960850E-2,2.4801903E-4,2.0000000E+0,2.0000000E+0,5.0000300E+1,1.9800000E-2
0.0000000E+0,8.7070000E-3,6.2960850E-2,2.4801903E-4,2.0000000E+0,2.0000000E+0,5.0000500E+1,1.9800000E-2
0.0000000E+0,8.6593000E-3,6.2960850E-2,2.5089095E-4,2.0000000E+0,2.0000000E+0,5.0000400E+1,1.9800000E-2
0.0000000E+0,8.6110000E-3,6.2960850E-2,2.4801903E-4,2.0000000E+0,2.0000000E+0,5.0000400E+1,1.9800000E-2
0.0000000E+0,8.5525000E-3,6.2960850E-2,2.4801903E-4,2.0000000E+0,2.0000000E+0,5.0000400E+1,1.9800000E-2
0.0000000E+0,8.5071000E-3,6.2960850E-2,2.4801903E-4,2.0000000E+0,2.0000000E+0,5.0000300E+1,1.9800000E-2
0.0000000E+0,8.4632000E-3,6.2960850E-2,2.4801903E-4,2.0000000E+0,2.0000000E+0,5.0000400E+1,1.9800000E-2
0.0000000E+0,8.4080000E-3,6.2960850E-2,2.4801903E-4,2.0000000E+0,2.0000000E+0,5.0000100E+1,1.9800000E-2
0.0000000E+0,8.3539000E-3,6.2960850E-2,2.4801903E-4,2.0000000E+0,2.0000000E+0,5.0000000E+1,1.9800000E-2
0.0000000E+0,8.3103000E-3,6.2960850E-2,2.4801903E-4,2.0000000E+0,2.0000000E+0,5.0000300E+1,1.9800000E-2
0.0000000E+0,8.2544000E-3,6.2960850E-2,2.4801903E-4,2.0000000E+0,2.0000000E+0,5.0000500E+1,1.9800000E-2
0.0000000E+0,8.2092000E-3,6.2960850E-2,2.4801903E-4,2.0000000E+0,2.0000000E+0,5.0000100E+1,1.9800000E-2
0.0000000E+0,8.1595000E-3,6.2960850E-2,2.4801903E-4,2.0000000E+0,2.0000000E+0,5.0000200E+1,1.9800000E-2
0.0000000E+0,8.1073000E-3,6.2960850E-2,2.4801903E-4,2.0000000E+0,2.0000000E+0,5.0000400E+1,1.9800000E-2
0.0000000E+0,8.0527000E-3,6.2960850E-2,2.4801903E-4,2.0000000E+0,2.0000000E+0,5.0000200E+1,1.9800000E-2
0.0000000E+0,8.0066000E-3,6.2960850E-2,2.4801903E-4,2.0000000E+0,2.0000000E+0,5.0000400E+1,1.9800000E-2
0.0000000E+0,7.9559000E-3,6.2960850E-2,2.4801903E-4,2.0000000E+0,2.0000000E+0,5.0000400E+1,1.9800000E-2
0.0000000E+0,7.9062000E-3,6.2960850E-2,2.4801903E-4,2.0000000E+0,2.0000000E+0,5.0000500E+1,1.9800000E-2
0.0000000E+0,7.8559000E-3,6.2960850E-2,2.4801903E-4,2.0000000E+0,2.0000000E+0,5.0000100E+1,1.9800000E-2
0.0000000E+0,7.8006000E-3,6.2960850E-2,2.4801903E-4,2.0000000E+0,2.0000000E+0,5.0000200E+1,1.9800000E-2
0.0000000E+0,7.7536000E-3,6.2960850E-2,2.4801903E-4,2.0000000E+0,2.0000000E+0,5.0000300E+1,1.9800000E-2
0.0000000E+0,7.7017000E-3,6.2960850E-2,2.4801903E-4,2.0000000E+0,2.0000000E+0,5.0000200E+1,1.9800000E-2
0.0000000E+0,7.6558000E-3,6.2960850E-2,2.4801903E-4,2.0000000E+0,2.0000000E+0,5.0000000E+1,1.9800000E-2
0.0000000E+0,7.6057000E-3,6.2960850E-2,2.4801903E-4,2.0000000E+0,2.0000000E+0,5.0000700E+1,1.9800000E-2
0.0000000E+0,7.5548000E-3,6.2960850E-2,2.4801903E-4,2.0000000E+0,2.0000000E+0,5.0000500E+1,1.9800000E-2
0.0000000E+0,7.5085000E-3,6.2960850E-2,2.4801903E-4,2.0000000E+0,2.0000000E+0,5.0000200E+1,1.9800000E-2
0.0000000E+0,7.4553000E-3,6.2960850E-2,2.4801903E-4,2.0000000E+0,2.0000000E+0,5.0000500E+1,1.9800000E-2
0.0000000E+0,7.4058000E-3,6.2960850E-2,2.4801903E-4,2.0000000E+0,2.0000000E+0,5.0000500E+1,1.9800000E-2
0.0000000E+0,7.3553000E-3,6.2960850E-2,2.4801903E-4,2.0000000E+0,2.0000000E+0,5.0000500E+1,1.9800000E-2
0.0000000E+0,7.3061000E-3,6.2960850E-2,2.4801903E-4,2.0000000E+0,2.0000000E+0,5.0000600E+1,1.9800000E-2
0.0000000E+0,7.2591000E-3,6.2960850E-2,2.4801903E-4,2.0000000E+0,2.0000000E+0,5.0000200E+1,1.9800000E-2
0.0000000E+0,7.2113000E-3,6.2960850E-2,2.4801903E-4,2.0000000E+0,2.0000000E+0,5.0000400E+1,1.9800000E-2
0.0000000E+0,7.1565000E-3,6.2960850E-2,2.4801903E-4,2.0000000E+0,2.0000000E+0,5.0000200E+1,1.9800000E-2
0.0000000E+0,7.1011000E-3,6.2960850E-2,2.4801903E-4,2.0000000E+0,2.0000000E+0,5.0000500E+1,1.9800000E-2
0.0000000E+0,7.0581000E-3,6.2960850E-2,2.4801903E-4,2.0000000E+0,2.0000000E+0,5.0000500E+1,1.9800000E-2
0.0000000E+0,7.0032000E-3,6.2960850E-2,2.4801903E-4,2.0000000E+0,2.0000000E+0,5.0000200E+1,1.9800000E-2
0.0000000E+0,6.9560000E-3,6.2960850E-2,2.4801903E-4,2.0000000E+0,2.0000000E+0,5.0000400E+1,1.9800000E-2
0.0000000E+0,6.9108000E-3,6.2960850E-2,2.4801903E-4,2.0000000E+0,2.0000000E+0,5.0000300E+1,1.9800000E-2
0.0000000E+0,6.8545000E-3,6.2960850E-2,2.4801903E-4,2.0000000E+0,2.0000000E+0,5.0000600E+1,1.9800000E-2
0.0000000E+0,6.8060000E-3,6.2960850E-2,2.4801903E-4,2.0000000E+0,2.0000000E+0,5.0000600E+1,1.9800000E-2
0.0000000E+0,6.7541000E-3,6.2960850E-2,2.4801903E-4,2.0000000E+0,2.0000000E+0,5.0000200E+1,1.9800000E-2
0.0000000E+0,6.7051000E-3,6.2960850E-2,2.4801903E-4,2.0000000E+0,2.0000000E+0,5.0000800E+1,1.9800000E-2
0.0000000E+0,6.6541000E-3,6.2960850E-2,2.4801903E-4,2.0000000E+0,2.0000000E+0,5.0000500E+1,1.9800000E-2
0.0000000E+0,6.6067000E-3,6.2960850E-2,2.4801903E-4,2.0000000E+0,2.0000000E+0,5.0000500E+1,1.9800000E-2
0.0000000E+0,6.5575000E-3,6.2960850E-2,2.4801903E-4,2.0000000E+0,2.0000000E+0,5.0000400E+1,1.9800000E-2
0.0000000E+0,6.5059000E-3,6.2960850E-2,2.4801903E-4,2.0000000E+0,2.0000000E+0,5.0000100E+1,1.9800000E-2
0.0000000E+0,6.4562000E-3,6.2960850E-2,2.4801903E-4,2.0000000E+0,2.0000000E+0,5.0000000E+1,1.9800000E-2
0.0000000E+0,6.4062000E-3,6.2960850E-2,2.4801903E-4,2.0000000E+0,2.0000000E+0,5.0000000E+1,1.9800000E-2
0.0000000E+0,6.3578000E-3,6.2960850E-2,2.4801903E-4,2.0000000E+0,2.0000000E+0,5.0000100E+1,1.9800000E-2
0.0000000E+0,6.3042000E-3,6.2960850E-2,2.4801903E-4,2.0000000E+0,2.0000000E+0,5.0000200E+1,1.9800000E-2
0.0000000E+0,6.2550000E-3,6.2960850E-2,2.4801903E-4,2.0000000E+0,2.0000000E+0,4.9999900E+1,1.9800000E-2
0.0000000E+0,6.2038000E-3,6.2960850E-2,2.4801903E-4,2.0000000E+0,2.0000000E+0,5.0000100E+1,1.9800000E-2
0.0000000E+0,6.1553000E-3,6.2960850E-2,2.4801903E-4,2.0000000E+0,2.0000000E+0,4.9999800E+1,1.9800000E-2
0.0000000E+0,6.1059000E-3,6.2960850E-2,2.4801903E-4,2.0000000E+0,2.0000000E+0,5.0000100E+1,1.9800000E-2
0.0000000E+0,6.0527000E-3,6.2960850E-2,2.4801903E-4,2.0000000E+0,2.0000000E+0,4.9999900E+1,1.9800000E-2
0.0000000E+0,6.0084000E-3,6.2960850E-2,2.4801903E-4,2.0000000E+0,2.0000000E+0,5.0000000E+1,1.9800000E-2
0.0000000E+0,5.9527000E-3,6.2960850E-2,2.4801903E-4,2.0000000E+0,2.0000000E+0,5.0000400E+1,1.9800000E-2
0.0000000E+0,5.9077000E-3,6.2960850E-2,2.4801903E-4,2.0000000E+0,2.0000000E+0,5.0000200E+1,1.9800000E-2
0.0000000E+0,5.8563000E-3,6.2960850E-2,2.4801903E-4,2.0000000E+0,2.0000000E+0,5.0000200E+1,1.9800000E-2
0.0000000E+0,5.8027000E-3,6.2960850E-2,2.5089095E-4,2.0000000E+0,2.0000000E+0,4.9999900E+1,1.9800000E-2
0.0000000E+0,5.7580000E-3,6.2960850E-2,2.4801903E-4,2.0000000E+0,2.0000000E+0,5.0000100E+1,1.9800000E-2
0.0000000E+0,5.7063000E-3,6.2960850E-2,2.4801903E-4,2.0000000E+0,2.0000000E+0,5.0000300E+1,1.9800000E-2
0.0000000E+0,5.6531000E-3,6.2960850E-2,2.4801903E-4,2.0000000E+0,2.0000000E+0,5.0000400E+1,1.9800000E-2
0.0000000E+0,5.6079000E-3,6.2960850E-2,2.4801903E-4,2.0000000E+0,2.0000000E+0,5.0000100E+1,1.9800000E-2
0.0000000E+0,5.5634000E-3,6.2960850E-2,2.4801903E-4,2.0000000E+0,2.0000000E+0,5.0000200E+1,1.9800000E-2
0.0000000E+0,5.5073000E-3,6.2960850E-2,2.5089095E-4,2.0000000E+0,2.0000000E+0,5.0000400E+1,1.9800000E-2
0.0000000E+0,5.4579000E-3,6.2960850E-2,2.4801903E-4,2.0000000E+0,2.0000000E+0,5.0000500E+1,1.9800000E-2
0.0000000E+0,5.4073000E-3,6.2960850E-2,2.4801903E-4,2.0000000E+0,2.0000000E+0,5.0000400E+1,1.9800000E-2
0.0000000E+0,5.3562000E-3,6.2960850E-2,2.4801903E-4,2.0000000E+0,2.0000000E+0,5.0000200E+1,1.9800000E-2
0.0000000E+0,5.3054000E-3,6.2960850E-2,2.4801903E-4,2.0000000E+0,2.0000000E+0,5.0000300E+1,1.9800000E-2
0.0000000E+0,5.2607000E-3,6.2960850E-2,2.4801903E-4,2.0000000E+0,2.0000000E+0,5.0000100E+1,1.9800000E-2
0.0000000E+0,5.2114000E-3,6.2960850E-2,2.4801903E-4,2.0000000E+0,2.0000000E+0,5.0000100E+1,1.9800000E-2
0.0000000E+0,5.1582000E-3,6.2960850E-2,2.4801903E-4,2.0000000E+0,2.0000000E+0,4.9999900E+1,1.9800000E-2
0.0000000E+0,5.1082000E-3,6.2960850E-2,2.4801903E-4,2.0000000E+0,2.0000000E+0,5.0000000E+1,1.9800000E-2
0.0000000E+0,5.0537000E-3,6.2960850E-2,2.4801903E-4,2.0000000E+0,2.0000000E+0,5.0000300E+1,1.9800000E-2
0.0000000E+0,5.0078000E-3,6.2960850E-2,2.4801903E-4,2.0000000E+0,2.0000000E+0,5.0000300E+1,1.9800000E-2
0.0000000E+0,4.9575000E-3,6.2960850E-2,2.4801903E-4,2.0000000E+0,2.0000000E+0,4.9999800E+1,1.9800000E-2
0.0000000E+0,4.9069000E-3,6.2960850E-2,2.4801903E-4,2.0000000E+0,2.0000000E+0,4.9999900E+1,1.9800000E-2
0.0000000E+0,4.8529000E-3,6.2960850E-2,2.4801903E-4,2.0000000E+0,2.0000000E+0,5.0000200E+1,1.9800000E-2
0.0000000E+0,4.8075000E-3,6.2960850E-2,2.4801903E-4,2.0000000E+0,2.0000000E+0,5.0000100E+1,1.9800000E-2
0.0000000E+0,4.7565000E-3,6.2960850E-2,2.4801903E-4,2.0000000E+0,2.0000000E+0,4.9999900E+1,1.9800000E-2
0.0000000E+0,4.7048000E-3,6.2960850E-2,2.5089095E-4,2.0000000E+0,2.0000000E+0,4.9999700E+1,1.9800000E-2
0.0000000E+0,4.6599000E-3,6.2960850E-2,2.4801903E-4,2.0000000E+0,2.0000000E+0,4.9999600E+1,1.9800000E-2
0.0000000E+0,4.6082000E-3,6.2960850E-2,2.4801903E-4,2.0000000E+0,2.0000000E+0,4.9999900E+1,1.9800000E-2
0.0000000E+0,4.5552000E-3,6.2960850E-2,2.4801903E-4,2.0000000E+0,2.0000000E+0,4.9999800E+1,1.9800000E-2
0.0000000E+0,4.5052000E-3,6.2960850E-2,2.4801903E-4,2.0000000E+0,2.0000000E+0,4.9999900E+1,1.9800000E-2
0.0000000E+0,4.4609000E-3,6.2960850E-2,2.4801903E-4,2.0000000E+0,2.0000000E+0,5.0000300E+1,1.9800000E-2
0.0000000E+0,4.4081000E-3,6.2960850E-2,2.4801903E-4,2.0000000E+0,2.0000000E+0,5.0000100E+1,1.9800000E-2
0.0000000E+0,4.3565000E-3,6.2960850E-2,2.4801903E-4,2.0000000E+0,2.0000000E+0,4.9999800E+1,1.9800000E-2
0.0000000E+0,4.3071000E-3,6.2960850E-2,2.4801903E-4,2.0000000E+0,2.0000000E+0,5.0000000E+1,1.9800000E-2
0.0000000E+0,4.2543000E-3,6.2960850E-2,2.4801903E-4,2.0000000E+0,2.0000000E+0,4.9999800E+1,1.9800000E-2
0.0000000E+0,4.2115000E-3,6.2960850E-2,2.4801903E-4,2.0000000E+0,2.0000000E+0,4.9999600E+1,1.9800000E-2
0.0000000E+0,4.1586000E-3,6.2960850E-2,2.4801903E-4,2.0000000E+0,2.0000000E+0,4.9999500E+1,1.9800000E-2
0.0000000E+0,4.1051000E-3,6.2960850E-2,2.4801903E-4,2.0000000E+0,2.0000000E+0,4.9999600E+1,1.9800000E-2
0.0000000E+0,4.0615000E-3,6.2960850E-2,2.4801903E-4,2.0000000E+0,2.0000000E+0,4.9999700E+1,1.9800000E-2
0.0000000E+0,4.0087000E-3,6.2960850E-2,2.4801903E-4,2.0000000E+0,2.0000000E+0,4.9999900E+1,1.9800000E-2
0.0000000E+0,3.9562000E-3,6.2960850E-2,2.4801903E-4,2.0000000E+0,2.0000000E+0,5.0000200E+1,1.9800000E-2
0.0000000E+0,3.9068000E-3,6.2960850E-2,2.4801903E-4,2.0000000E+0,2.0000000E+0,5.0000000E+1,1.9800000E-2
0.0000000E+0,3.8554000E-3,6.2960850E-2,2.4801903E-4,2.0000000E+0,2.0000000E+0,5.0000200E+1,1.9800000E-2
0.0000000E+0,3.8113000E-3,6.2960850E-2,2.4801903E-4,2.0000000E+0,2.0000000E+0,5.0000200E+1,1.9800000E-2
0.0000000E+0,3.7623000E-3,6.2960850E-2,2.4801903E-4,2.0000000E+0,2.0000000E+0,5.0000300E+1,1.9800000E-2
0.0000000E+0,3.7056000E-3,6.2960850E-2,2.4801903E-4,2.0000000E+0,2.0000000E+0,5.0000100E+1,1.9800000E-2
0.0000000E+0,3.6551000E-3,6.2960850E-2,2.4801903E-4,2.0000000E+0,2.0000000E+0,5.0000200E+1,1.9800000E-2
0.0000000E+0,3.6107000E-3,6.2960850E-2,2.4801903E-4,2.0000000E+0,2.0000000E+0,5.0000100E+1,1.9800000E-2
0.0000000E+0,3.5533000E-3,6.2960850E-2,2.4801903E-4,2.0000000E+0,2.0000000E+0,5.0000000E+1,1.9800000E-2
0.0000000E+0,3.5090000E-3,6.2960850E-2,2.4801903E-4,2.0000000E+0,2.0000000E+0,5.0000000E+1,1.9800000E-2
0.0000000E+0,3.4498000E-3,6.2960850E-2,2.4801903E-4,2.0000000E+0,2.0000000E+0,4.9999900E+1,1.9800000E-2
0.0000000E+0,3.4088000E-3,6.2960850E-2,2.4801903E-4,2.0000000E+0,2.0000000E+0,5.0000000E+1,1.9800000E-2
0.0000000E+0,3.3557000E-3,6.2960850E-2,2.4801903E-4,2.0000000E+0,2.0000000E+0,4.9999900E+1,1.9800000E-2
0.0000000E+0,3.3047000E-3,6.2960850E-2,2.4801903E-4,2.0000000E+0,2.0000000E+0,5.0000100E+1,1.9800000E-2
0.0000000E+0,3.2619000E-3,6.2960850E-2,2.4801903E-4,2.0000000E+0,2.0000000E+0,4.9999800E+1,1.9800000E-2
0.0000000E+0,3.2090000E-3,6.2960850E-2,2.4801903E-4,2.0000000E+0,2.0000000E+0,5.0000000E+1,1.9800000E-2
0.0000000E+0,3.1582000E-3,6.2960850E-2,2.4801903E-4,2.0000000E+0,2.0000000E+0,5.0000000E+1,1.9800000E-2
0.0000000E+0,3.1054000E-3,6.2960850E-2,2.4801903E-4,2.0000000E+0,2.0000000E+0,5.0000000E+1,1.9800000E-2
0.0000000E+0,3.0560000E-3,6.2960850E-2,2.4801903E-4,2.0000000E+0,2.0000000E+0,5.0000400E+1,1.9800000E-2
0.0000000E+0,3.0068000E-3,6.2960850E-2,2.4801903E-4,2.0000000E+0,2.0000000E+0,5.0000000E+1,1.9800000E-2
0.0000000E+0,2.9561000E-3,6.2960850E-2,2.4801903E-4,2.0000000E+0,2.0000000E+0,4.9999900E+1,1.9800000E-2
0.0000000E+0,2.9098000E-3,6.2960850E-2,2.4801903E-4,2.0000000E+0,2.0000000E+0,5.0000000E+1,1.9800000E-2
0.0000000E+0,2.8570000E-3,6.2960850E-2,2.5089095E-4,2.0000000E+0,2.0000000E+0,5.0000100E+1,1.9800000E-2
0.0000000E+0,2.8109000E-3,6.2960850E-2,2.4801903E-4,2.0000000E+0,2.0000000E+0,5.0000000E+1,1.9800000E-2
0.0000000E+0,2.7562000E-3,6.2960850E-2,2.5089095E-4,2.0000000E+0,2.0000000E+0,5.0000300E+1,1.9800000E-2
0.0000000E+0,2.7012000E-3,6.2960850E-2,2.4801903E-4,2.0000000E+0,2.0000000E+0,5.0000300E+1,1.9800000E-2
0.0000000E+0,2.6552000E-3,6.2960850E-2,2.4801903E-4,2.0000000E+0,2.0000000E+0,5.0000200E+1,1.9800000E-2
0.0000000E+0,2.6060000E-3,6.2960850E-2,2.4801903E-4,2.0000000E+0,2.0000000E+0,5.0000200E+1,1.9800000E-2
0.0000000E+0,2.5610000E-3,6.2960850E-2,2.4801903E-4,2.0000000E+0,2.0000000E+0,5.0000200E+1,1.9800000E-2
0.0000000E+0,2.5045000E-3,6.2960850E-2,2.4801903E-4,2.0000000E+0,2.0000000E+0,5.0000300E+1,1.9800000E-2
0.0000000E+0,2.4595000E-3,6.2960850E-2,2.4801903E-4,2.0000000E+0,2.0000000E+0,4.9999900E+1,1.9800000E-2
0.0000000E+0,2.4058000E-3,6.2960850E-2,2.4801903E-4,2.0000000E+0,2.0000000E+0,4.9999600E+1,1.9800000E-2
0.0000000E+0,2.3524000E-3,6.2960850E-2,2.4801903E-4,2.0000000E+0,2.0000000E+0,4.9999700E+1,1.9800000E-2
0.0000000E+0,2.3046000E-3,6.2960850E-2,2.4801903E-4,2.0000000E+0,2.0000000E+0,5.0000300E+1,1.9800000E-2
0.0000000E+0,2.2607000E-3,6.2960850E-2,2.4801903E-4,2.0000000E+0,2.0000000E+0,5.0000200E+1,1.9800000E-2
0.0000000E+0,2.2092000E-3,6.2960850E-2,2.4801903E-4,2.0000000E+0,2.0000000E+0,5.0000000E+1,1.9800000E-2
0.0000000E+0,2.1547000E-3,6.2960850E-2,2.4801903E-4,2.0000000E+0,2.0000000E+0,5.0000200E+1,1.9800000E-2
0.0000000E+0,2.1093000E-3,6.2960850E-2,2.4801903E-4,2.0000000E+0,2.0000000E+0,4.9999900E+1,1.9800000E-2
0.0000000E+0,2.0574000E-3,6.2960850E-2,2.4801903E-4,2.0000000E+0,2.0000000E+0,5.0000100E+1,1.9800000E-2
0.0000000E+0,2.0062000E-3,6.2960850E-2,2.4801903E-4,2.0000000E+0,2.0000000E+0,5.0000300E+1,1.9800000E-2
0.0000000E+0,1.9524000E-3,6.2960850E-2,2.4801903E-4,2.0000000E+0,2.0000000E+0,5.0000000E+1,1.9800000E-2
0.0000000E+0,1.9098000E-3,6.2960850E-2,2.4801903E-4,2.0000000E+0,2.0000000E+0,5.0000000E+1,1.9800000E-2
0.0000000E+0,1.8593000E-3,6.2960850E-2,2.4801903E-4,2.0000000E+0,2.0000000E+0,5.0000400E+1,1.9800000E-2
0.0000000E+0,1.8084000E-3,6.2960850E-2,2.4801903E-4,2.0000000E+0,2.0000000E+0,4.9999700E+1,1.9800000E-2
0.0000000E+0,1.7536000E-3,6.2960850E-2,2.4801903E-4,2.0000000E+0,2.0000000E+0,4.9999800E+1,1.9800000E-2
0.0000000E+0,1.7084000E-3,6.2960850E-2,2.4801903E-4,2.0000000E+0,2.0000000E+0,5.0000000E+1,1.9800000E-2
0.0000000E+0,1.6612000E-3,6.2960850E-2,2.4801903E-4,2.0000000E+0,2.0000000E+0,4.9999700E+1,1.9800000E-2
0.0000000E+0,1.6060000E-3,6.2960850E-2,2.4801903E-4,2.0000000E+0,2.0000000E+0,4.9999900E+1,1.9800000E-2
0.0000000E+0,1.5602000E-3,6.2960850E-2,2.4801903E-4,2.0000000E+0,2.0000000E+0,4.9999800E+1,1.9800000E-2
0.0000000E+0,1.5056000E-3,6.2960850E-2,2.4801903E-4,2.0000000E+0,2.0000000E+0,5.0000000E+1,1.9800000E-2
0.0000000E+0,1.4600000E-3,6.2960850E-2,2.4801903E-4,2.0000000E+0,2.0000000E+0,4.9999700E+1,1.9800000E-2
0.0000000E+0,1.4079000E-3,6.2960850E-2,2.4801903E-4,2.0000000E+0,2.0000000E+0,4.9999700E+1,1.9800000E-2
0.0000000E+0,1.3576000E-3,6.2960850E-2,2.4801903E-4,2.0000000E+0,2.0000000E+0,5.0000000E+1,1.9800000E-2
0.0000000E+0,1.3062000E-3,6.2960850E-2,2.4801903E-4,2.0000000E+0,2.0000000E+0,4.9999700E+1,1.9800000E-2
0.0000000E+0,1.2587000E-3,6.2960850E-2,2.4801903E-4,2.0000000E+0,2.0000000E+0,4.9999800E+1,1.9800000E-2
0.0000000E+0,1.2011000E-3,6.2960850E-2,2.4801903E-4,2.0000000E+0,2.0000000E+0,5.0000000E+1,1.9800000E-2
0.0000000E+0,1.1575000E-3,6.2960850E-2,2.4801903E-4,2.0000000E+0,2.0000000E+0,4.9999800E+1,1.9800000E-2
0.0000000E+0,1.1023000E-3,6.2960850E-2,2.4801903E-4,2.0000000E+0,2.0000000E+0,4.9999600E+1,1.9800000E-2
0.0000000E+0,1.0553000E-3,6.2960850E-2,2.4801903E-4,2.0000000E+0,2.0000000E+0,5.0000000E+1,1.9800000E-2
0.0000000E+0,1.0099000E-3,6.2960850E-2,2.4801903E-4,2.0000000E+0,2.0000000E+0,4.9999600E+1,1.9800000E-2
0.0000000E+0,9.5720000E-4,6.2960850E-2,2.4801903E-4,2.0000000E+0,2.0000000E+0,4.9999800E+1,1.9800000E-2
0.0000000E+0,9.0660000E-4,6.2960850E-2,2.4801903E-4,2.0000000E+0,2.0000000E+0,5.0000000E+1,1.9800000E-2
0.0000000E+0,8.5230000E-4,6.2960850E-2,2.4801903E-4,2.0000000E+0,2.0000000E+0,4.9999600E+1,1.9800000E-2
0.0000000E+0,8.0640000E-4,6.2960850E-2,2.4801903E-4,2.0000000E+0,2.0000000E+0,4.9999700E+1,1.9800000E-2
0.0000000E+0,7.5520000E-4,6.2960850E-2,2.4801903E-4,2.0000000E+0,2.0000000E+0,5.0000000E+1,1.9800000E-2
0.0000000E+0,7.0380000E-4,6.2960850E-2,2.4801903E-4,2.0000000E+0,2.0000000E+0,5.0000100E+1,1.9800000E-2
0.0000000E+0,6.5260000E-4,6.2960850E-2,2.4801903E-4,2.0000000E+0,2.0000000E+0,5.0000300E+1,1.9800000E-2
0.0000000E+0,6.0900000E-4,6.2960850E-2,2.4801903E-4,2.0000000E+0,2.0000000E+0,5.0000000E+1,1.9800000E-2
0.0000000E+0,5.5360000E-4,6.2960850E-2,2.4801903E-4,2.0000000E+0,2.0000000E+0,5.0000200E+1,1.9800000E-2
0.0000000E+0,5.0600000E-4,6.2960850E-2,2.4801903E-4,2.0000000E+0,2.0000000E+0,5.0000100E+1,1.9800000E-2
0.0000000E+0,4.6410000E-4,6.2960850E-2,2.4801903E-4,2.0000000E+0,2.0000000E+0,4.9999900E+1,1.9800000E-2
0.0000000E+0,4.0860000E-4,6.2960850E-2,2.4801903E-4,2.0000000E+0,2.0000000E+0,5.0000300E+1,1.9800000E-2
0.0000000E+0,3.5810000E-4,6.2960850E-2,2.4801903E-4,2.0000000E+0,2.0000000E+0,5.0000000E+1,1.9800000E-2
0.0000000E+0,3.1200000E-4,6.2960850E-2,2.4801903E-4,2.0000000E+0,2.0000000E+0,5.0000000E+1,1.9800000E-2
0.0000000E+0,2.4780000E-4,6.2960850E-2,2.4801903E-4,2.0000000E+0,2.0000000E+0,5.0000400E+1,1.9800000E-2
0.0000000E+0,2.0870000E-4,6.2960850E-2,2.4801903E-4,2.0000000E+0,2.0000000E+0,5.0000300E+1,1.9800000E-2
0.0000000E+0,1.5560000E-4,6.2960850E-2,2.4801903E-4,2.0000000E+0,2.0000000E+0,5.0000400E+1,1.9800000E-2
0.0000000E+0,1.0220000E-4,6.2960850E-2,2.4801903E-4,2.0000000E+0,2.0000000E+0,5.0000300E+1,1.9800000E-2
0.0000000E+0,6.0000000E-5,6.2960850E-2,2.4801903E-4,2.0000000E+0,2.0000000E+0,4.9999900E+1,1.9800000E-2
0.0000000E+0,6.6000000E-6,6.2960850E-2,2.4801903E-4,2.0000000E+0,2.0000000E+0,5.0000000E+1,1.9800000E-2
0.0000000E+0,-4.2100000E-5,6.2960850E-2,2.4801903E-4,2.0000000E+0,2.0000000E+0,5.0000000E+1,1.9800000E-2
0.0000000E+0,-8.8000000E-5,6.2960850E-2,2.4801903E-4,2.0000000E+0,2.0000000E+0,5.0000000E+1,1.9800000E-2
0.0000000E+0,-1.4320000E-4,6.2960850E-2,2.4801903E-4,2.0000000E+0,2.0000000E+0,5.0000200E+1,1.9800000E-2
0.0000000E+0,-1.9190000E-4,6.2960850E-2,2.4801903E-4,2.0000000E+0,2.0000000E+0,5.0000400E+1,1.9800000E-2
0.0000000E+0,-2.4710000E-4,6.2960850E-2,2.5089095E-4,2.0000000E+0,2.0000000E+0,5.0000100E+1,1.9800000E-2
0.0000000E+0,-2.9340000E-4,6.2960850E-2,2.4801903E-4,2.0000000E+0,2.0000000E+0,5.0000100E+1,1.9800000E-2
0.0000000E+0,-3.4820000E-4,6.2960850E-2,2.4801903E-4,2.0000000E+0,2.0000000E+0,5.0000300E+1,1.9800000E-2
0.0000000E+0,-3.8670000E-4,6.2960850E-2,2.4801903E-4,2.0000000E+0,2.0000000E+0,5.0000200E+1,1.9800000E-2
0.0000000E+0,-4.4340000E-4,6.2960850E-2,2.4801903E-4,2.0000000E+0,2.0000000E+0,5.0000300E+1,1.9800000E-2
0.0000000E+0,-4.8620000E-4,6.2960850E-2,2.4801903E-4,2.0000000E+0,2.0000000E+0,5.0000200E+1,1.9800000E-2
0.0000000E+0,-5.4760000E-4,6.2960850E-2,2.4801903E-4,2.0000000E+0,2.0000000E+0,5.0000000E+1,1.9800000E-2
0.0000000E+0,-5.9190000E-4,6.2960850E-2,2.4801903E-4,2.0000000E+0,2.0000000E+0,5.0000500E+1,1.9800000E-2
0.0000000E+0,-6.4310000E-4,6.2960850E-2,2.4801903E-4,2.0000000E+0,2.0000000E+0,5.0000000E+1,1.9800000E-2
0.0000000E+0,-6.9610000E-4,6.2960850E-2,2.4801903E-4,2.0000000E+0,2.0000000E+0,5.0000200E+1,1.9800000E-2
0.0000000E+0,-7.4330000E-4,6.2960850E-2,2.4801903E-4,2.0000000E+0,2.0000000E+0,5.0000000E+1,1.9800000E-2
0.0000000E+0,-7.9360000E-4,6.2960850E-2,2.4801903E-4,2.0000000E+0,2.0000000E+0,5.0000400E+1,1.9800000E-2
0.0000000E+0,-8.4340000E-4,6.2960850E-2,2.4801903E-4,2.0000000E+0,2.0000000E+0,5.0000400E+1,1.9800000E-2
0.0000000E+0,-8.8840000E-4,6.2960850E-2,2.4801903E-4,2.0000000E+0,2.0000000E+0,5.0000500E+1,1.9800000E-2
0.0000000E+0,-9.3500000E-4,6.2960850E-2,2.4801903E-4,2.0000000E+0,2.0000000E+0,5.0000000E+1,1.9800000E-2
0.0000000E+0,-9.9080000E-4,6.2960850E-2,2.4801903E-4,2.0000000E+0,2.0000000E+0,5.0000200E+1,1.9800000E-2
0.0000000E+0,-1.0423000E-3,6.2960850E-2,2.4801903E-4,2.0000000E+0,2.0000000E+0,5.0000300E+1,1.9800000E-2
0.0000000E+0,-1.0965000E-3,6.2960850E-2,2.4801903E-4,2.0000000E+0,2.0000000E+0,5.0000200E+1,1.9800000E-2
0.0000000E+0,-1.1510000E-3,6.2960850E-2,2.4801903E-4,2.0000000E+0,2.0000000E+0,5.0000700E+1,1.9800000E-2
0.0000000E+0,-1.1845000E-3,6.2960850E-2,2.4801903E-4,2.0000000E+0,2.0000000E+0,5.0000300E+1,1.9800000E-2
0.0000000E+0,-1.2375000E-3,6.2960850E-2,2.4801903E-4,2.0000000E+0,2.0000000E+0,5.0000200E+1,1.9800000E-2
0.0000000E+0,-1.2916000E-3,6.2960850E-2,2.4801903E-4,2.0000000E+0,2.0000000E+0,5.0000000E+1,1.9800000E-2
0.0000000E+0,-1.3481000E-3,6.2960850E-2,2.4801903E-4,2.0000000E+0,2.0000000E+0,5.0000600E+1,1.9800000E-2
0.0000000E+0,-1.3957000E-3,6.2960850E-2,2.4801903E-4,2.0000000E+0,2.0000000E+0,5.0000500E+1,1.9800000E-2
0.0000000E+0,-1.4350000E-3,6.2960850E-2,2.4801903E-4,2.0000000E+0,2.0000000E+0,5.0000400E+1,1.9800000E-2
0.0000000E+0,-1.4997000E-3,6.2960850E-2,2.4801903E-4,2.0000000E+0,2.0000000E+0,5.0000200E+1,1.9800000E-2
0.0000000E+0,-1.5360000E-3,6.2960850E-2,2.4801903E-4,2.0000000E+0,2.0000000E+0,5.0000300E+1,1.9800000E-2
0.0000000E+0,-1.5901000E-3,6.2960850E-2,2.4801903E-4,2.0000000E+0,2.0000000E+0,5.0000600E+1,1.9800000E-2
0.0000000E+0,-1.6514000E-3,6.2960850E-2,2.4801903E-4,2.0000000E+0,2.0000000E+0,5.0000600E+1,1.9800000E-2
0.0000000E+0,-1.6874000E-3,6.2960850E-2,2.4801903E-4,2.0000000E+0,2.0000000E+0,5.0000300E+1,1.9800000E-2
0.0000000E+0,-1.7344000E-3,6.2960850E-2,2.4801903E-4,2.0000000E+0,2.0000000E+0,5.0000400E+1,1.9800000E-2
0.0000000E+0,-1.7962000E-3,6.2960850E-2,2.4801903E-4,2.0000000E+0,2.0000000E+0,5.0000300E+1,1.9800000E-2
0.0000000E+0,-1.8405000E-3,6.2960850E-2,2.4801903E-4,2.0000000E+0,2.0000000E+0,5.0000200E+1,1.9800000E-2
0.0000000E+0,-1.8884000E-3,6.2960850E-2,2.4801903E-4,2.0000000E+0,2.0000000E+0,5.0000100E+1,1.9800000E-2
0.0000000E+0,-1.9404000E-3,6.2960850E-2,2.4801903E-4,2.0000000E+0,2.0000000E+0,5.0000300E+1,1.9800000E-2
0.0000000E+0,-1.9908000E-3,6.2960850E-2,2.4801903E-4,2.0000000E+0,2.0000000E+0,5.0000400E+1,1.9800000E-2
0.0000000E+0,-2.0448000E-3,6.2960850E-2,2.4801903E-4,2.0000000E+0,2.0000000E+0,5.0000300E+1,1.9800000E-2
0.0000000E+0,-2.0962000E-3,6.2960850E-2,2.4801903E-4,2.0000000E+0,2.0000000E+0,5.0000000E+1,1.9800000E-2
0.0000000E+0,-2.1401000E-3,6.2960850E-2,2.4801903E-4,2.0000000E+0,2.0000000E+0,5.0000500E+1,1.9800000E-2
0.0000000E+0,-2.1928000E-3,6.2960850E-2,2.4801903E-4,2.0000000E+0,2.0000000E+0,5.0000500E+1,1.9800000E-2
0.0000000E+0,-2.2451000E-3,6.2960850E-2,2.4801903E-4,2.0000000E+0,2.0000000E+0,5.0000800E+1,1.9800000E-2
0.0000000E+0,-2.2933000E-3,6.2960850E-2,2.4801903E-4,2.0000000E+0,2.0000000E+0,5.0000400E+1,1.9800000E-2
0.0000000E+0,-2.3409000E-3,6.2960850E-2,2.4801903E-4,2.0000000E+0,2.0000000E+0,5.0000500E+1,1.9800000E-2
0.0000000E+0,-2.3912000E-3,6.2960850E-2,2.5089095E-4,2.0000000E+0,2.0000000E+0,5.0000500E+1,1.9800000E-2
0.0000000E+0,-2.4426000E-3,6.2960850E-2,2.4801903E-4,2.0000000E+0,2.0000000E+0,5.0000800E+1,1.9800000E-2
0.0000000E+0,-2.4909000E-3,6.2960850E-2,2.4801903E-4,2.0000000E+0,2.0000000E+0,5.0000100E+1,1.9800000E-2
0.0000000E+0,-2.5404000E-3,6.2960850E-2,2.4801903E-4,2.0000000E+0,2.0000000E+0,4.9999900E+1,1.9800000E-2
0.0000000E+0,-2.5898000E-3,6.2960850E-2,2.5089095E-4,2.0000000E+0,2.0000000E+0,5.0000200E+1,1.9800000E-2
0.0000000E+0,-2.6421000E-3,6.2960850E-2,2.4801903E-4,2.0000000E+0,2.0000000E+0,5.0000000E+1,1.9800000E-2
0.0000000E+0,-2.6879000E-3,6.2960850E-2,2.4801903E-4,2.0000000E+0,2.0000000E+0,4.9999800E+1,1.9800000E-2
0.0000000E+0,-2.7456000E-3,6.2960850E-2,2.4801903E-4,2.0000000E+0,2.0000000E+0,5.0000300E+1,1.9800000E-2
0.0000000E+0,-2.7872000E-3,6.2960850E-2,2.4801903E-4,2.0000000E+0,2.0000000E+0,5.0000100E+1,1.9800000E-2
0.0000000E+0,-2.8435000E-3,6.2960850E-2,2.4801903E-4,2.0000000E+0,2.0000000E+0,5.0000200E+1,1.9800000E-2
0.0000000E+0,-2.8923000E-3,6.2960850E-2,2.4801903E-4,2.0000000E+0,2.0000000E+0,5.0000200E+1,1.9800000E-2
0.0000000E+0,-2.9443000E-3,6.2960850E-2,2.4801903E-4,2.0000000E+0,2.0000000E+0,5.0000300E+1,1.9800000E-2
0.0000000E+0,-2.9916000E-3,6.2960850E-2,2.4801903E-4,2.0000000E+0,2.0000000E+0,5.0000200E+1,1.9800000E-2
0.0000000E+0,-3.0501000E-3,6.2960850E-2,2.4801903E-4,2.0000000E+0,2.0000000E+0,4.9999800E+1,1.9800000E-2
0.0000000E+0,-3.0951000E-3,6.2960850E-2,2.4801903E-4,2.0000000E+0,2.0000000E+0,5.0000000E+1,1.9800000E-2
0.0000000E+0,-3.1431000E-3,6.2960850E-2,2.4801903E-4,2.0000000E+0,2.0000000E+0,5.0000100E+1,1.9800000E-2
0.0000000E+0,-3.1910000E-3,6.2960850E-2,2.4801903E-4,2.0000000E+0,2.0000000E+0,4.9999900E+1,1.9800000E-2
0.0000000E+0,-3.2464000E-3,6.2960850E-2,2.4801903E-4,2.0000000E+0,2.0000000E+0,5.0000100E+1,1.9800000E-2
0.0000000E+0,-3.2898000E-3,6.2960850E-2,2.4801903E-4,2.0000000E+0,2.0000000E+0,4.9999900E+1,1.9800000E-2
0.0000000E+0,-3.3433000E-3,6.2960850E-2,2.4801903E-4,2.0000000E+0,2.0000000E+0,5.0000300E+1,1.9800000E-2
0.0000000E+0,-3.3911000E-3,6.2960850E-2,2.4801903E-4,2.0000000E+0,2.0000000E+0,5.0000000E+1,1.9800000E-2
0.0000000E+0,-3.4439000E-3,6.2960850E-2,2.4801903E-4,2.0000000E+0,2.0000000E+0,5.0000600E+1,1.9800000E-2
0.0000000E+0,-3.4899000E-3,6.2960850E-2,2.4801903E-4,2.0000000E+0,2.0000000E+0,5.0000300E+1,1.9800000E-2
0.0000000E+0,-3.5438000E-3,6.2960850E-2,2.4801903E-4,2.0000000E+0,2.0000000E+0,5.0000300E+1,1.9800000E-2
0.0000000E+0,-3.5950000E-3,6.2960850E-2,2.4801903E-4,2.0000000E+0,2.0000000E+0,5.0000300E+1,1.9800000E-2
0.0000000E+0,-3.6431000E-3,6.2960850E-2,2.4801903E-4,2.0000000E+0,2.0000000E+0,5.0000500E+1,1.9800000E-2
0.0000000E+0,-3.6958000E-3,6.2960850E-2,2.4801903E-4,2.0000000E+0,2.0000000E+0,5.0000600E+1,1.9800000E-2
0.0000000E+0,-3.7419000E-3,6.2960850E-2,2.4801903E-4,2.0000000E+0,2.0000000E+0,5.0000800E+1,1.9800000E-2
0.0000000E+0,-3.7916000E-3,6.2960850E-2,2.4801903E-4,2.0000000E+0,2.0000000E+0,5.0000300E+1,1.9800000E-2
0.0000000E+0,-3.8432000E-3,6.2960850E-2,2.4801903E-4,2.0000000E+0,2.0000000E+0,5.0000500E+1,1.9800000E-2
0.0000000E+0,-3.8911000E-3,6.2960850E-2,2.4801903E-4,2.0000000E+0,2.0000000E+0,5.0000400E+1,1.9800000E-2
0.0000000E+0,-3.9480000E-3,6.2960850E-2,2.4801903E-4,2.0000000E+0,2.0000000E+0,5.0000300E+1,1.9800000E-2
0.0000000E+0,-3.9899000E-3,6.2960850E-2,2.4801903E-4,2.0000000E+0,2.0000000E+0,5.0000400E+1,1.9800000E-2
0.0000000E+0,-4.0416000E-3,6.2960850E-2,2.4801903E-4,2.0000000E+0,2.0000000E+0,5.0000700E+1,1.9800000E-2
0.0000000E+0,-4.0950000E-3,6.2960850E-2,2.4801903E-4,2.0000000E+0,2.0000000E+0,5.0000500E+1,1.9800000E-2
0.0000000E+0,-4.1422000E-3,6.2960850E-2,2.4801903E-4,2.0000000E+0,2.0000000E+0,5.0000200E+1,1.9800000E-2
0.0000000E+0,-4.1907000E-3,6.2960850E-2,2.4801903E-4,2.0000000E+0,2.0000000E+0,5.0000700E+1,1.9800000E-2
0.0000000E+0,-4.2426000E-3,6.2960850E-2,2.4801903E-4,2.0000000E+0,2.0000000E+0,5.0000000E+1,1.9800000E-2
0.0000000E+0,-4.2935000E-3,6.2960850E-2,2.4801903E-4,2.0000000E+0,2.0000000E+0,5.0000200E+1,1.9800000E-2
0.0000000E+0,-4.3418000E-3,6.2960850E-2,2.4801903E-4,2.0000000E+0,2.0000000E+0,5.0000800E+1,1.9800000E-2
0.0000000E+0,-4.3932000E-3,6.2960850E-2,2.4801903E-4,2.0000000E+0,2.0000000E+0,5.0000400E+1,1.9800000E-2
0.0000000E+0,-4.4442000E-3,6.2960850E-2,2.4801903E-4,2.0000000E+0,2.0000000E+0,5.0000400E+1,1.9800000E-2
0.0000000E+0,-4.4958000E-3,6.2960850E-2,2.4801903E-4,2.0000000E+0,2.0000000E+0,5.0000300E+1,1.9800000E-2
0.0000000E+0,-4.5419000E-3,6.2960850E-2,2.4801903E-4,2.0000000E+0,2.0000000E+0,5.0000100E+1,1.9800000E-2
0.0000000E+0,-4.5883000E-3,6.2960850E-2,2.4801903E-4,2.0000000E+0,2.0000000E+0,5.0000100E+1,1.9800000E-2
0.0000000E+0,-4.6406000E-3,6.2960850E-2,2.5089095E-4,2.0000000E+0,2.0000000E+0,5.0000300E+1,1.9800000E-2
0.0000000E+0,-4.6926000E-3,6.2960850E-2,2.4801903E-4,2.0000000E+0,2.0000000E+0,5.0000200E+1,1.9800000E-2
0.0000000E+0,-4.7409000E-3,6.2960850E-2,2.4801903E-4,2.0000000E+0,2.0000000E+0,5.0000700E+1,1.9800000E-2
0.0000000E+0,-4.7911000E-3,6.2960850E-2,2.4801903E-4,2.0000000E+0,2.0000000E+0,5.0000000E+1,1.9800000E-2
0.0000000E+0,-4.8425000E-3,6.2960850E-2,2.4801903E-4,2.0000000E+0,2.0000000E+0,5.0000400E+1,1.9800000E-2
0.0000000E+0,-4.8961000E-3,6.2960850E-2,2.4801903E-4,2.0000000E+0,2.0000000E+0,5.0000200E+1,1.9800000E-2
0.0000000E+0,-4.9417000E-3,6.2960850E-2,2.4801903E-4,2.0000000E+0,2.0000000E+0,5.0000400E+1,1.9800000E-2
0.0000000E+0,-4.9903000E-3,6.2960850E-2,2.4801903E-4,2.0000000E+0,2.0000000E+0,4.9999900E+1,1.9800000E-2
0.0000000E+0,-5.0450000E-3,6.2960850E-2,2.4801903E-4,2.0000000E+0,2.0000000E+0,5.0000000E+1,1.9800000E-2
0.0000000E+0,-5.0966000E-3,6.2960850E-2,2.4801903E-4,2.0000000E+0,2.0000000E+0,5.0000300E+1,1.9800000E-2
0.0000000E+0,-5.1445000E-3,6.2960850E-2,2.4801903E-4,2.0000000E+0,2.0000000E+0,5.0000000E+1,1.9800000E-2
0.0000000E+0,-5.1942000E-3,6.2960850E-2,2.4801903E-4,2.0000000E+0,2.0000000E+0,5.0000100E+1,1.9800000E-2
0.0000000E+0,-5.2447000E-3,6.2960850E-2,2.4801903E-4,2.0000000E+0,2.0000000E+0,5.0000200E+1,1.9800000E-2
0.0000000E+0,-5.2961000E-3,6.2960850E-2,2.4801903E-4,2.0000000E+0,2.0000000E+0,5.0000100E+1,1.9800000E-2
0.0000000E+0,-5.3451000E-3,6.2960850E-2,2.4801903E-4,2.0000000E+0,2.0000000E+0,5.0000000E+1,1.9800000E-2
0.0000000E+0,-5.3950000E-3,6.2960850E-2,2.4801903E-4,2.0000000E+0,2.0000000E+0,5.0000200E+1,1.9800000E-2
0.0000000E+0,-5.4399000E-3,6.2960850E-2,2.4801903E-4,2.0000000E+0,2.0000000E+0,5.0000400E+1,1.9800000E-2
0.0000000E+0,-5.4953000E-3,6.2960850E-2,2.4801903E-4,2.0000000E+0,2.0000000E+0,5.0000000E+1,1.9800000E-2
0.0000000E+0,-5.5501000E-3,6.2960850E-2,2.4801903E-4,2.0000000E+0,2.0000000E+0,4.9999900E+1,1.9800000E-2
0.0000000E+0,-5.5931000E-3,6.2960850E-2,2.4801903E-4,2.0000000E+0,2.0000000E+0,4.9999700E+1,1.9800000E-2
0.0000000E+0,-5.6425000E-3,6.2960850E-2,2.4801903E-4,2.0000000E+0,2.0000000E+0,4.9999600E+1,1.9800000E-2
0.0000000E+0,-5.6930000E-3,6.2960850E-2,2.4801903E-4,2.0000000E+0,2.0000000E+0,4.9999900E+1,1.9800000E-2
0.0000000E+0,-5.7453000E-3,6.2960850E-2,2.4801903E-4,2.0000000E+0,2.0000000E+0,5.0000000E+1,1.9800000E-2
0.0000000E+0,-5.7950000E-3,6.2960850E-2,2.4801903E-4,2.0000000E+0,2.0000000E+0,5.0000100E+1,1.9800000E-2
0.0000000E+0,-5.8426000E-3,6.2960850E-2,2.4801903E-4,2.0000000E+0,2.0000000E+0,5.0000300E+1,1.9800000E-2
0.0000000E+0,-5.8922000E-3,6.2960850E-2,2.4801903E-4,2.0000000E+0,2.0000000E+0,5.0000000E+1,1.9800000E-2
0.0000000E+0,-5.9432000E-3,6.2960850E-2,2.4801903E-4,2.0000000E+0,2.0000000E+0,5.0000100E+1,1.9800000E-2
0.0000000E+0,-5.9984000E-3,6.2960850E-2,2.4801903E-4,2.0000000E+0,2.0000000E+0,5.0000100E+1,1.9800000E-2
0.0000000E+0,-6.0487000E-3,6.2960850E-2,2.4801903E-4,2.0000000E+0,2.0000000E+0,5.0000000E+1,1.9800000E-2
0.0000000E+0,-6.0946000E-3,6.2960850E-2,2.4801903E-4,2.0000000E+0,2.0000000E+0,4.9999700E+1,1.9800000E-2
0.0000000E+0,-6.1405000E-3,6.2960850E-2,2.4801903E-4,2.0000000E+0,2.0000000E+0,4.9999800E+1,1.9800000E-2
0.0000000E+0,-6.1989000E-3,6.2960850E-2,2.4801903E-4,2.0000000E+0,2.0000000E+0,4.9999700E+1,1.9800000E-2
0.0000000E+0,-6.2406000E-3,6.2960850E-2,2.4801903E-4,2.0000000E+0,2.0000000E+0,4.9999800E+1,1.9800000E-2
0.0000000E+0,-6.2934000E-3,6.2960850E-2,2.4801903E-4,2.0000000E+0,2.0000000E+0,5.0000000E+1,1.9800000E-2
0.0000000E+0,-6.3419000E-3,6.2960850E-2,2.4801903E-4,2.0000000E+0,2.0000000E+0,4.9999800E+1,1.9800000E-2
0.0000000E+0,-6.4033000E-3,6.2960850E-2,2.4801903E-4,2.0000000E+0,2.0000000E+0,4.9999700E+1,1.9800000E-2
0.0000000E+0,-6.4458000E-3,6.2960850E-2,2.4801903E-4,2.0000000E+0,2.0000000E+0,4.9999900E+1,1.9800000E-2
0.0000000E+0,-6.4944000E-3,6.2960850E-2,2.4801903E-4,2.0000000E+0,2.0000000E+0,5.0000100E+1,1.9800000E-2
0.0000000E+0,-6.5453000E-3,6.2960850E-2,2.5089095E-4,2.0000000E+0,2.0000000E+0,4.9999900E+1,1.9800000E-2
0.0000000E+0,-6.5968000E-3,6.2960850E-2,2.4801903E-4,2.0000000E+0,2.0000000E+0,5.0000200E+1,1.9800000E-2
0.0000000E+0,-6.6386000E-3,6.2960850E-2,2.4801903E-4,2.0000000E+0,2.0000000E+0,5.0000200E+1,1.9800000E-2
0.0000000E+0,-6.7040000E-3,6.2960850E-2,2.4801903E-4,2.0000000E+0,2.0000000E+0,5.0000200E+1,1.9800000E-2
0.0000000E+0,-6.7355000E-3,6.2960850E-2,2.4801903E-4,2.0000000E+0,2.0000000E+0,4.9999900E+1,1.9800000E-2
0.0000000E+0,-6.7927000E-3,6.2960850E-2,2.4801903E-4,2.0000000E+0,2.0000000E+0,5.0000000E+1,1.9800000E-2
0.0000000E+0,-6.8487000E-3,6.2960850E-2,2.4801903E-4,2.0000000E+0,2.0000000E+0,5.0000100E+1,1.9800000E-2
0.0000000E+0,-6.8930000E-3,6.2960850E-2,2.4801903E-4,2.0000000E+0,2.0000000E+0,4.9999600E+1,1.9800000E-2
0.0000000E+0,-6.9471000E-3,6.2960850E-2,2.4801903E-4,2.0000000E+0,2.0000000E+0,4.9999900E+1,1.9800000E-2
0.0000000E+0,-6.9979000E-3,6.2960850E-2,2.4801903E-4,2.0000000E+0,2.0000000E+0,5.0000300E+1,1.9800000E-2
0.0000000E+0,-7.0424000E-3,6.2960850E-2,2.4801903E-4,2.0000000E+0,2.0000000E+0,4.9999700E+1,1.9800000E-2
0.0000000E+0,-7.0714000E-3,6.2960850E-2,2.4801903E-4,2.0000000E+0,2.0000000E+0,4.9999600E+1,1.9800000E-2
0.0000000E+0,-7.1368000E-3,6.2960850E-2,2.4801903E-4,2.0000000E+0,2.0000000E+0,4.9999500E+1,1.9800000E-2
0.0000000E+0,-7.1962000E-3,6.2960850E-2,2.4801903E-4,2.0000000E+0,2.0000000E+0,4.9999600E+1,1.9800000E-2
0.0000000E+0,-7.2494000E-3,6.2960850E-2,2.4801903E-4,2.0000000E+0,2.0000000E+0,4.9999900E+1,1.9800000E-2
0.0000000E+0,-7.2838000E-3,6.2960850E-2,2.4801903E-4,2.0000000E+0,2.0000000E+0,5.0000100E+1,1.9800000E-2
0.0000000E+0,-7.3190000E-3,6.2960850E-2,2.4801903E-4,2.0000000E+0,2.0000000E+0,5.0000000E+1,1.9800000E-2
0.0000000E+0,-7.3863000E-3,6.2960850E-2,2.4801903E-4,2.0000000E+0,2.0000000E+0,4.9999900E+1,1.9800000E-2
0.0000000E+0,-7.4386000E-3,6.2960850E-2,2.4801903E-4,2.0000000E+0,2.0000000E+0,5.0000000E+1,1.9800000E-2
0.0000000E+0,-7.4754000E-3,6.2960850E-2,2.4801903E-4,2.0000000E+0,2.0000000E+0,4.9999900E+1,1.9800000E-2
0.0000000E+0,-7.5000000E-3,6.2960850E-2,2.4801903E-4,2.0000000E+0,2.0000000E+0,4.9999800E+1,1.9800000E-2
0.0000000E+0,-7.5627000E-3,6.2960850E-2,2.4801903E-4,2.0000000E+0,2.0000000E+0,5.0000100E+1,1.9800000E-2
0.0000000E+0,-7.6479000E-3,6.2960850E-2,2.4801903E-4,2.0000000E+0,2.0000000E+0,4.9999900E+1,1.9800000E-2
0.0000000E+0,-7.7247000E-3,6.2960850E-2,2.4801903E-4,2.0000000E+0,2.0000000E+0,4.9999900E+1,1.9800000E-2
0.0000000E+0,-7.7542000E-3,6.2960850E-2,2.4801903E-4,2.0000000E+0,2.0000000E+0,4.9999800E+1,1.9800000E-2
0.0000000E+0,-7.7491000E-3,6.2960850E-2,2.4801903E-4,2.0000000E+0,2.0000000E+0,4.9999600E+1,1.9800000E-2
0.0000000E+0,-7.8127000E-3,6.2960850E-2,2.4801903E-4,2.0000000E+0,2.0000000E+0,5.0000200E+1,1.9800000E-2
0.0000000E+0,-7.9118000E-3,6.2960850E-2,2.4801903E-4,2.0000000E+0,2.0000000E+0,5.0000000E+1,1.9800000E-2
0.0000000E+0,-7.9375000E-3,6.2960850E-2,2.4801903E-4,2.0000000E+0,2.0000000E+0,4.9999900E+1,1.9800000E-2
0.0000000E+0,-7.9834000E-3,6.2960850E-2,2.4801903E-4,2.0000000E+0,2.0000000E+0,4.9999900E+1,1.9800000E-2
0.0000000E+0,-8.0086000E-3,6.2960850E-2,2.4801903E-4,2.0000000E+0,2.0000000E+0,5.0000000E+1,1.9800000E-2
0.0000000E+0,-8.0855000E-3,6.2960850E-2,2.4801903E-4,2.0000000E+0,2.0000000E+0,5.0000200E+1,1.9800000E-2
0.0000000E+0,-8.1237000E-3,6.2960850E-2,2.4801903E-4,2.0000000E+0,2.0000000E+0,5.0000200E+1,1.9800000E-2
0.0000000E+0,-8.1438000E-3,6.2960850E-2,2.4801903E-4,2.0000000E+0,2.0000000E+0,4.9999900E+1,1.9800000E-2
0.0000000E+0,-8.2225000E-3,6.2960850E-2,2.4801903E-4,2.0000000E+0,2.0000000E+0,4.9999700E+1,1.9800000E-2
0.0000000E+0,-8.2635000E-3,6.2960850E-2,2.4801903E-4,2.0000000E+0,2.0000000E+0,5.0000100E+1,1.9800000E-2
0.0000000E+0,-8.3340000E-3,6.2960850E-2,2.4801903E-4,2.0000000E+0,2.0000000E+0,5.0000100E+1,1.9800000E-2
0.0000000E+0,-8.3586000E-3,6.2960850E-2,2.4801903E-4,2.0000000E+0,2.0000000E+0,5.0000000E+1,1.9800000E-2
0.0000000E+0,-8.3575000E-3,6.2960850E-2,2.4801903E-4,2.0000000E+0,2.0000000E+0,5.0000000E+1,1.9800000E-2
0.0000000E+0,-8.4807000E-3,6.2960850E-2,2.4801903E-4,2.0000000E+0,2.0000000E+0,4.9999800E+1,1.9800000E-2
0.0000000E+0,-8.5361000E-3,6.2960850E-2,2.4801903E-4,2.0000000E+0,2.0000000E+0,5.0000300E+1,1.9800000E-2
0.0000000E+0,-8.5328000E-3,6.2960850E-2,2.4801903E-4,2.0000000E+0,2.0000000E+0,4.9999700E+1,1.9800000E-2
0.0000000E+0,-8.5696000E-3,6.2960850E-2,2.4801903E-4,2.0000000E+0,2.0000000E+0,5.0000300E+1,1.9800000E-2
0.0000000E+0,-8.6730000E-3,6.2960850E-2,2.4801903E-4,2.0000000E+0,2.0000000E+0,5.0000200E+1,1.9800000E-2
0.0000000E+0,-8.7358000E-3,6.2960850E-2,2.4801903E-4,2.0000000E+0,2.0000000E+0,5.0000300E+1,1.9800000E-2
0.0000000E+0,-8.8714000E-3,6.2960850E-2,2.4801903E-4,2.0000000E+0,2.0000000E+0,5.0000300E+1,1.9800000E-2
0.0000000E+0,-8.9029000E-3,6.2960850E-2,2.4801903E-4,2.0000000E+0,2.0000000E+0,5.0000000E+1,1.9800000E-2
0.0000000E+0,-9.0757000E-3,6.2960850E-2,2.4801903E-4,2.0000000E+0,2.0000000E+0,5.0000100E+1,1.9800000E-2
0.0000000E+0,-9.0660000E-3,6.2960850E-2,2.4801903E-4,2.0000000E+0,2.0000000E+0,4.9999900E+1,1.9800000E-2
0.0000000E+0,-9.0724000E-3,6.2960850E-2,2.4801903E-4,2.0000000E+0,2.0000000E+0,5.0000200E+1,1.9800000E-2
0.0000000E+0,-9.1333000E-3,6.2960850E-2,2.4801903E-4,2.0000000E+0,2.0000000E+0,4.9999500E+1,1.9800000E-2
0.0000000E+0,-9.1827000E-3,6.2960850E-2,2.4801903E-4,2.0000000E+0,2.0000000E+0,4.9999800E+1,1.9800000E-2
0.0000000E+0,-9.2377000E-3,6.2960850E-2,2.4801903E-4,2.0000000E+0,2.0000000E+0,5.0000200E+1,1.9800000E-2
0.0000000E+0,-9.3317000E-3,6.2960850E-2,2.4801903E-4,2.0000000E+0,2.0000000E+0,5.0000000E+1,1.9800000E-2
0.0000000E+0,-9.3434000E-3,6.2960850E-2,2.4801903E-4,2.0000000E+0,2.0000000E+0,4.9999600E+1,1.9800000E-2
0.0000000E+0,-9.4888000E-3,6.2960850E-2,2.4801903E-4,2.0000000E+0,2.0000000E+0,4.9999900E+1,1.9800000E-2
0.0000000E+0,-9.5302000E-3,6.2960850E-2,2.4801903E-4,2.0000000E+0,2.0000000E+0,5.0000200E+1,1.9800000E-2
0.0000000E+0,-9.4225000E-3,6.2960850E-2,2.4801903E-4,2.0000000E+0,2.0000000E+0,4.9999900E+1,1.9800000E-2
0.0000000E+0,-9.5333000E-3,6.2960850E-2,2.4801903E-4,2.0000000E+0,2.0000000E+0,5.0000000E+1,1.9800000E-2
0.0000000E+0,-9.6249000E-3,6.2960850E-2,2.4801903E-4,2.0000000E+0,2.0000000E+0,4.9999900E+1,1.9800000E-2
0.0000000E+0,-9.5229000E-3,6.2960850E-2,2.4801903E-4,2.0000000E+0,2.0000000E+0,4.9999800E+1,1.9800000E-2
0.0000000E+0,-9.7979000E-3,6.2960850E-2,2.4801903E-4,2.0000000E+0,2.0000000E+0,4.9999600E+1,1.9800000E-2
0.0000000E+0,-9.5639000E-3,6.2960850E-2,2.4801903E-4,2.0000000E+0,2.0000000E+0,4.9999900E+1,1.9800000E-2
0.0000000E+0,-9.7765000E-3,6.2960850E-2,2.4801903E-4,2.0000000E+0,2.0000000E+0,5.0000000E+1,1.9800000E-2
0.0000000E+0,-1.0031100E-2,6.2960850E-2,2.4801903E-4,2.0000000E+0,2.0000000E+0,5.0000500E+1,1.9800000E-2
0.0000000E+0,-9.8846000E-3,6.2960850E-2,2.4801903E-4,2.0000000E+0,2.0000000E+0,4.9999900E+1,1.9800000E-2
0.0000000E+0,-9.9008000E-3,6.2960850E-2,2.4801903E-4,2.0000000E+0,2.0000000E+0,4.9999800E+1,1.9800000E-2
0.0000000E+0,-1.0133700E-2,6.2960850E-2,2.4801903E-4,2.0000000E+0,2.0000000E+0,4.9999900E+1,1.9800000E-2
0.0000000E+0,-1.0021600E-2,6.2960850E-2,2.4801903E-4,2.0000000E+0,2.0000000E+0,5.0000100E+1,1.9800000E-2
0.0000000E+0,-1.0161800E-2,6.2960850E-2,2.4801903E-4,2.0000000E+0,2.0000000E+0,4.9999600E+1,1.9800000E-2
0.0000000E+0,-1.0328300E-2,6.2960850E-2,2.4801903E-4,2.0000000E+0,2.0000000E+0,5.0000000E+1,1.9800000E-2
0.0000000E+0,-1.0324300E-2,6.2960850E-2,2.4801903E-4,2.0000000E+0,2.0000000E+0,5.0000100E+1,1.9800000E-2
0.0000000E+0,-1.0395400E-2,6.2960850E-2,2.4801903E-4,2.0000000E+0,2.0000000E+0,5.0000000E+1,1.9800000E-2
0.0000000E+0,-1.0460600E-2,6.2960850E-2,2.4801903E-4,2.0000000E+0,2.0000000E+0,5.0000200E+1,1.9800000E-2
0.0000000E+0,-1.0456400E-2,6.2960850E-2,2.4801903E-4,2.0000000E+0,2.0000000E+0,5.0000000E+1,1.9800000E-2
0.0000000E+0,-1.0562700E-2,6.2960850E-2,2.4801903E-4,2.0000000E+0,2.0000000E+0,5.0000100E+1,1.9800000E-2
0.0000000E+0,-1.0444200E-2,6.2960850E-2,2.4801903E-4,2.0000000E+0,2.0000000E+0,4.9999900E+1,1.9800000E-2
0.0000000E+0,-1.0627900E-2,6.2960850E-2,2.4801903E-4,2.0000000E+0,2.0000000E+0,4.9999900E+1,1.9800000E-2
0.0000000E+0,-1.0671100E-2,6.2960850E-2,2.4801903E-4,2.0000000E+0,2.0000000E+0,4.9999900E+1,1.9800000E-2
0.0000000E+0,-1.0949500E-2,6.2960850E-2,2.4801903E-4,2.0000000E+0,2.0000000E+0,4.9999600E+1,1.9800000E-2
0.0000000E+0,-1.0816700E-2,6.2960850E-2,2.4801903E-4,2.0000000E+0,2.0000000E+0,5.0000200E+1,1.9800000E-2
0.0000000E+0,-1.1049000E-2,6.2960850E-2,2.4801903E-4,2.0000000E+0,2.0000000E+0,4.9999800E+1,1.9800000E-2
0.0000000E+0,-1.0997300E-2,6.2960850E-2,2.4801903E-4,2.0000000E+0,2.0000000E+0,5.0000200E+1,1.9800000E-2
0.0000000E+0,-1.0994200E-2,6.2960850E-2,2.4801903E-4,2.0000000E+0,2.0000000E+0,4.9999900E+1,1.9800000E-2
0.0000000E+0,-1.1164900E-2,6.2960850E-2,2.4801903E-4,2.0000000E+0,2.0000000E+0,5.0000300E+1,1.9800000E-2
0.0000000E+0,-1.1229800E-2,6.2960850E-2,2.4801903E-4,2.0000000E+0,2.0000000E+0,5.0000200E+1,1.9800000E-2
0.0000000E+0,-1.1186600E-2,6.2960850E-2,2.5089095E-4,2.0000000E+0,2.0000000E+0,5.0000200E+1,1.9800000E-2
0.0000000E+0,-1.0951900E-2,6.2960850E-2,2.5089095E-4,2.0000000E+0,2.0000000E+0,5.0000200E+1,1.9800000E-2
0.0000000E+0,-1.1295400E-2,6.2960850E-2,2.4801903E-4,2.0000000E+0,2.0000000E+0,4.9999700E+1,1.9800000E-2
0.0000000E+0,-1.1391300E-2,6.2960850E-2,2.4801903E-4,2.0000000E+0,2.0000000E+0,4.9999900E+1,1.9800000E-2
0.0000000E+0,-1.1389800E-2,6.2960850E-2,2.4801903E-4,2.0000000E+0,2.0000000E+0,4.9999800E+1,1.9800000E-2
0.0000000E+0,-1.1480900E-2,6.2960850E-2,2.4801903E-4,2.0000000E+0,2.0000000E+0,5.0000100E+1,1.9800000E-2
0.0000000E+0,-1.1454300E-2,6.2960850E-2,2.4801903E-4,2.0000000E+0,2.0000000E+0,4.9999800E+1,1.9800000E-2
0.0000000E+0,-1.1695400E-2,6.2960850E-2,2.4801903E-4,2.0000000E+0,2.0000000E+0,4.9999400E+1,1.9800000E-2
0.0000000E+0,-1.1588300E-2,6.2960850E-2,2.4801903E-4,2.0000000E+0,2.0000000E+0,4.9999600E+1,1.9800000E-2
0.0000000E+0,-1.1734600E-2,6.2960850E-2,2.4801903E-4,2.0000000E+0,2.0000000E+0,4.9999600E+1,1.9800000E-2
0.0000000E+0,-1.1722000E-2,6.2960850E-2,2.4801903E-4,2.0000000E+0,2.0000000E+0,4.9999600E+1,1.9800000E-2
0.0000000E+0,-1.1822600E-2,6.2960850E-2,2.4801903E-4,2.0000000E+0,2.0000000E+0,4.9999900E+1,1.9800000E-2
0.0000000E+0,-1.1728900E-2,6.2960850E-2,2.4801903E-4,2.0000000E+0,2.0000000E+0,4.9999900E+1,1.9800000E-2
0.0000000E+0,-1.2046400E-2,6.2960850E-2,2.4801903E-4,2.0000000E+0,2.0000000E+0,5.0000200E+1,1.9800000E-2
0.0000000E+0,-1.1935800E-2,6.2960850E-2,2.4801903E-4,2.0000000E+0,2.0000000E+0,5.0000300E+1,1.9800000E-2
0.0000000E+0,-1.2115800E-2,6.2960850E-2,2.4801903E-4,2.0000000E+0,2.0000000E+0,5.0000000E+1,1.9800000E-2
0.0000000E+0,-1.2163400E-2,6.2960850E-2,2.4801903E-4,2.0000000E+0,2.0000000E+0,5.0000200E+1,1.9800000E-2
0.0000000E+0,-1.2226400E-2,6.2960850E-2,2.4801903E-4,2.0000000E+0,2.0000000E+0,5.0000200E+1,1.9800000E-2
0.0000000E+0,-1.2220000E-2,6.2960850E-2,2.4801903E-4,2.0000000E+0,2.0000000E+0,5.0000200E+1,1.9800000E-2
0.0000000E+0,-1.2311200E-2,6.2960850E-2,2.4801903E-4,2.0000000E+0,2.0000000E+0,5.0000100E+1,1.9800000E-2
0.0000000E+0,-1.2323400E-2,6.2960850E-2,2.4801903E-4,2.0000000E+0,2.0000000E+0,5.0000100E+1,1.9800000E-2
0.0000000E+0,-1.2361100E-2,6.2960850E-2,2.4801903E-4,2.0000000E+0,2.0000000E+0,4.9999800E+1,1.9800000E-2
0.0000000E+0,-1.2398800E-2,6.2960850E-2,2.4801903E-4,2.0000000E+0,2.0000000E+0,4.9999800E+1,1.9800000E-2
0.0000000E+0,-1.2568800E-2,6.2960850E-2,2.4801903E-4,2.0000000E+0,2.0000000E+0,4.9999600E+1,1.9800000E-2
0.0000000E+0,-1.2623700E-2,6.2960850E-2,2.4801903E-4,2.0000000E+0,2.0000000E+0,5.0000000E+1,1.9800000E-2
0.0000000E+0,-1.2634400E-2,6.2960850E-2,2.4801903E-4,2.0000000E+0,2.0000000E+0,5.0000100E+1,1.9800000E-2
0.0000000E+0,-1.2650600E-2,6.2960850E-2,2.4801903E-4,2.0000000E+0,2.0000000E+0,5.0000200E+1,1.9800000E-2
0.0000000E+0,-1.2760700E-2,6.2960850E-2,2.4801903E-4,2.0000000E+0,2.0000000E+0,5.0000400E+1,1.9800000E-2
0.0000000E+0,-1.2763600E-2,6.2960850E-2,2.5089095E-4,2.0000000E+0,2.0000000E+0,5.0000200E+1,1.9800000E-2
0.0000000E+0,-1.2843100E-2,6.2960850E-2,2.4801903E-4,2.0000000E+0,2.0000000E+0,5.0000200E+1,1.9800000E-2
0.0000000E+0,-1.2869100E-2,6.2960850E-2,2.4801903E-4,2.0000000E+0,2.0000000E+0,5.0000500E+1,1.9800000E-2
0.0000000E+0,-1.2921400E-2,6.2960850E-2,2.5089095E-4,2.0000000E+0,2.0000000E+0,5.0000100E+1,1.9800000E-2
0.0000000E+0,-1.2945900E-2,6.2960850E-2,2.4801903E-4,2.0000000E+0,2.0000000E+0,5.0000200E+1,1.9800000E-2
0.0000000E+0,-1.3026800E-2,6.2960850E-2,2.4801903E-4,2.0000000E+0,2.0000000E+0,5.0000300E+1,1.9800000E-2
0.0000000E+0,-1.3071100E-2,6.2960850E-2,2.4801903E-4,2.0000000E+0,2.0000000E+0,5.0000300E+1,1.9800000E-2
0.0000000E+0,-1.3119200E-2,6.2960850E-2,2.4801903E-4,2.0000000E+0,2.0000000E+0,5.0000500E+1,1.9800000E-2
0.0000000E+0,-1.3157400E-2,6.2960850E-2,2.4801903E-4,2.0000000E+0,2.0000000E+0,5.0000800E+1,1.9800000E-2
0.0000000E+0,-1.3226500E-2,6.2960850E-2,2.4801903E-4,2.0000000E+0,2.0000000E+0,5.0000200E+1,1.9800000E-2
0.0000000E+0,-1.3294800E-2,6.2960850E-2,2.4801903E-4,2.0000000E+0,2.0000000E+0,5.0000300E+1,1.9800000E-2
0.0000000E+0,-1.3329800E-2,6.2960850E-2,2.4801903E-4,2.0000000E+0,2.0000000E+0,5.0000200E+1,1.9800000E-2
0.0000000E+0,-1.3391800E-2,6.2960850E-2,2.4801903E-4,2.0000000E+0,2.0000000E+0,5.0000500E+1,1.9800000E-2
0.0000000E+0,-1.3434000E-2,6.2960850E-2,2.4801903E-4,2.0000000E+0,2.0000000E+0,5.0000200E+1,1.9800000E-2
0.0000000E+0,-1.3482200E-2,6.2960850E-2,2.4801903E-4,2.0000000E+0,2.0000000E+0,5.0000100E+1,1.9800000E-2
0.0000000E+0,-1.3536800E-2,6.2960850E-2,2.4801903E-4,2.0000000E+0,2.0000000E+0,5.0000200E+1,1.9800000E-2
0.0000000E+0,-1.3590200E-2,6.2960850E-2,2.4801903E-4,2.0000000E+0,2.0000000E+0,5.0000300E+1,1.9800000E-2
0.0000000E+0,-1.3644200E-2,6.2960850E-2,2.4801903E-4,2.0000000E+0,2.0000000E+0,5.0000200E+1,1.9800000E-2
0.0000000E+0,-1.3692300E-2,6.2960850E-2,2.4801903E-4,2.0000000E+0,2.0000000E+0,5.0000500E+1,1.9800000E-2
0.0000000E+0,-1.3746600E-2,6.2960850E-2,2.4801903E-4,2.0000000E+0,2.0000000E+0,5.0000500E+1,1.9800000E-2
0.0000000E+0,-1.3792300E-2,6.2960850E-2,2.4801903E-4,2.0000000E+0,2.0000000E+0,5.0000200E+1,1.9800000E-2
0.0000000E+0,-1.3840800E-2,6.2960850E-2,2.4801903E-4,2.0000000E+0,2.0000000E+0,5.0000700E+1,1.9800000E-2
0.0000000E+0,-1.3891400E-2,6.2960850E-2,2.4801903E-4,2.0000000E+0,2.0000000E+0,5.0000300E+1,1.9800000E-2
0.0000000E+0,-1.3943000E-2,6.2960850E-2,2.5089095E-4,2.0000000E+0,2.0000000E+0,5.0000500E+1,1.9800000E-2
0.0000000E+0,-1.3990200E-2,6.2960850E-2,2.4801903E-4,2.0000000E+0,2.0000000E+0,5.0000600E+1,1.9800000E-2
0.0000000E+0,-1.4041800E-2,6.2960850E-2,2.4801903E-4,2.0000000E+0,2.0000000E+0,5.0000500E+1,1.9800000E-2
0.0000000E+0,-1.4100300E-2,6.2960850E-2,2.5089095E-4,2.0000000E+0,2.0000000E+0,5.0000400E+1,1.9800000E-2
0.0000000E+0,-1.4138700E-2,6.2960850E-2,2.4801903E-4,2.0000000E+0,2.0000000E+0,5.0000700E+1,1.9800000E-2
0.0000000E+0,-1.4190500E-2,6.2960850E-2,2.4801903E-4,2.0000000E+0,2.0000000E+0,5.0000200E+1,1.9800000E-2
0.0000000E+0,-1.4245700E-2,6.2960850E-2,2.4801903E-4,2.0000000E+0,2.0000000E+0,5.0000500E+1,1.9800000E-2
0.0000000E+0,-1.4295100E-2,6.2960850E-2,2.4801903E-4,2.0000000E+0,2.0000000E+0,5.0000300E+1,1.9800000E-2
0.0000000E+0,-1.4340100E-2,6.2960850E-2,2.4801903E-4,2.0000000E+0,2.0000000E+0,5.0000400E+1,1.9800000E-2
0.0000000E+0,-1.4385100E-2,6.2960850E-2,2.4801903E-4,2.0000000E+0,2.0000000E+0,5.0000400E+1,1.9800000E-2
0.0000000E+0,-1.4439800E-2,6.2960850E-2,2.4801903E-4,2.0000000E+0,2.0000000E+0,5.0000200E+1,1.9800000E-2
0.0000000E+0,-1.4493900E-2,6.2960850E-2,2.4801903E-4,2.0000000E+0,2.0000000E+0,5.0000400E+1,1.9800000E-2
0.0000000E+0,-1.4539300E-2,6.2960850E-2,2.4801903E-4,2.0000000E+0,2.0000000E+0,5.0000300E+1,1.9800000E-2
0.0000000E+0,-1.4592300E-2,6.2960850E-2,2.4801903E-4,2.0000000E+0,2.0000000E+0,5.0000100E+1,1.9800000E-2
0.0000000E+0,-1.4641900E-2,6.2960850E-2,2.4801903E-4,2.0000000E+0,2.0000000E+0,5.0000400E+1,1.9800000E-2
0.0000000E+0,-1.4696200E-2,6.2960850E-2,2.4801903E-4,2.0000000E+0,2.0000000E+0,5.0000400E+1,1.9800000E-2
0.0000000E+0,-1.4743700E-2,6.2960850E-2,2.4801903E-4,2.0000000E+0,2.0000000E+0,5.0000300E+1,1.9800000E-2
0.0000000E+0,-1.4797300E-2,6.2960850E-2,2.4801903E-4,2.0000000E+0,2.0000000E+0,5.0000100E+1,1.9800000E-2
0.0000000E+0,-1.4847600E-2,6.2960850E-2,2.4801903E-4,2.0000000E+0,2.0000000E+0,5.0000000E+1,1.9800000E-2
0.0000000E+0,-1.4894600E-2,6.2960850E-2,2.4801903E-4,2.0000000E+0,2.0000000E+0,5.0000200E+1,1.9800000E-2
0.0000000E+0,-1.4943600E-2,6.2960850E-2,2.4801903E-4,2.0000000E+0,2.0000000E+0,5.0000100E+1,1.9800000E-2
0.0000000E+0,-1.4992800E-2,6.2960850E-2,2.4801903E-4,2.0000000E+0,2.0000000E+0,5.0000200E+1,1.9800000E-2
