Idc,Bz,Vdc_adc,Prf,fg,FBP,V_bg,dBz,
nA,T,mV,mV,GHz,GHz,V,T/min,
0.0000000E+0,-9.9881000E-3,6.2960850E-2,2.4801903E-4,2.0000000E+0,2.0000000E+0,4.9999600E+1,1.9800000E-2
0.0000000E+0,-9.9415000E-3,6.2960850E-2,2.4801903E-4,2.0000000E+0,2.0000000E+0,4.9999800E+1,1.9800000E-2
0.0000000E+0,-9.9577000E-3,6.2960850E-2,2.5089095E-4,2.0000000E+0,2.0000000E+0,5.0000000E+1,1.9800000E-2
0.0000000E+0,-9.8587000E-3,6.2960850E-2,2.4801903E-4,2.0000000E+0,2.0000000E+0,5.0000100E+1,1.9800000E-2
0.0000000E+0,-9.8083000E-3,6.2960850E-2,2.4801903E-4,2.0000000E+0,2.0000000E+0,5.0000000E+1,1.9800000E-2
0.0000000E+0,-9.5768000E-3,6.2960850E-2,2.4801903E-4,2.0000000E+0,2.0000000E+0,4.9999900E+1,1.9800000E-2
0.0000000E+0,-9.6794000E-3,6.2960850E-2,2.4801903E-4,2.0000000E+0,2.0000000E+0,4.9999800E+1,1.9800000E-2
0.0000000E+0,-9.5183000E-3,6.2960850E-2,2.4801903E-4,2.0000000E+0,2.0000000E+0,4.9999900E+1,1.9800000E-2
0.0000000E+0,-9.5218000E-3,6.2960850E-2,2.4801903E-4,2.0000000E+0,2.0000000E+0,5.0000000E+1,1.9800000E-2
0.0000000E+0,-9.4367000E-3,6.2960850E-2,2.4801903E-4,2.0000000E+0,2.0000000E+0,5.0000100E+1,1.9800000E-2
0.0000000E+0,-9.3394000E-3,6.2960850E-2,2.4801903E-4,2.0000000E+0,2.0000000E+0,4.9999900E+1,1.9800000E-2
0.0000000E+0,-9.3024000E-3,6.2960850E-2,2.4801903E-4,2.0000000E+0,2.0000000E+0,5.0000000E+1,1.9800000E-2
0.0000000E+0,-9.3875000E-3,6.2960850E-2,2.4801903E-4,2.0000000E+0,2.0000000E+0,4.9999900E+1,1.9800000E-2
0.0000000E+0,-9.2874000E-3,6.2960850E-2,2.4801903E-4,2.0000000E+0,2.0000000E+0,5.0000300E+1,1.9800000E-2
0.0000000E+0,-9.1522000E-3,6.2960850E-2,2.4801903E-4,2.0000000E+0,2.0000000E+0,5.0000000E+1,1.9800000E-2
0.0000000E+0,-9.1878000E-3,6.2960850E-2,2.4801903E-4,2.0000000E+0,2.0000000E+0,4.9999800E+1,1.9800000E-2
0.0000000E+0,-8.9780000E-3,6.2960850E-2,2.4801903E-4,2.0000000E+0,2.0000000E+0,4.9999900E+1,1.9800000E-2
0.0000000E+0,-8.9634000E-3,6.2960850E-2,2.4801903E-4,2.0000000E+0,2.0000000E+0,5.0000200E+1,1.9800000E-2
0.0000000E+0,-8.8601000E-3,6.2960850E-2,2.4801903E-4,2.0000000E+0,2.0000000E+0,5.0000200E+1,1.9800000E-2
0.0000000E+0,-8.8475000E-3,6.2960850E-2,2.4801903E-4,2.0000000E+0,2.0000000E+0,5.0000100E+1,1.9800000E-2
0.0000000E+0,-8.8116000E-3,6.2960850E-2,2.4801903E-4,2.0000000E+0,2.0000000E+0,5.0000000E+1,1.9800000E-2
0.0000000E+0,-8.8233000E-3,6.2960850E-2,2.4801903E-4,2.0000000E+0,2.0000000E+0,4.9999800E+1,1.9800000E-2
0.0000000E+0,-8.7131000E-3,6.2960850E-2,2.4801903E-4,2.0000000E+0,2.0000000E+0,4.9999800E+1,1.9800000E-2
0.0000000E+0,-8.5908000E-3,6.2960850E-2,2.4801903E-4,2.0000000E+0,2.0000000E+0,4.9999600E+1,1.9800000E-2
0.0000000E+0,-8.6159000E-3,6.2960850E-2,2.4801903E-4,2.0000000E+0,2.0000000E+0,4.9999800E+1,1.9800000E-2
0.0000000E+0,-8.5071000E-3,6.2960850E-2,2.4801903E-4,2.0000000E+0,2.0000000E+0,4.9999700E+1,1.9800000E-2
0.0000000E+0,-8.4290000E-3,6.2960850E-2,2.4801903E-4,2.0000000E+0,2.0000000E+0,4.9999900E+1,1.9800000E-2
0.0000000E+0,-8.4213000E-3,6.2960850E-2,2.4801903E-4,2.0000000E+0,2.0000000E+0,4.9999900E+1,1.9800000E-2
0.0000000E+0,-8.3528000E-3,6.2960850E-2,2.4801903E-4,2.0000000E+0,2.0000000E+0,5.0000100E+1,1.9800000E-2
0.0000000E+0,-8.4312000E-3,6.2960850E-2,2.4801903E-4,2.0000000E+0,2.0000000E+0,4.9999600E+1,1.9800000E-2
0.0000000E+0,-8.2903000E-3,6.2960850E-2,2.4801903E-4,2.0000000E+0,2.0000000E+0,4.9999600E+1,1.9800000E-2
0.0000000E+0,-8.2455000E-3,6.2960850E-2,2.4801903E-4,2.0000000E+0,2.0000000E+0,5.0000000E+1,1.9800000E-2
0.0000000E+0,-8.1441000E-3,6.2960850E-2,2.4801903E-4,2.0000000E+0,2.0000000E+0,4.9999700E+1,1.9800000E-2
0.0000000E+0,-8.1290000E-3,6.2960850E-2,2.4801903E-4,2.0000000E+0,2.0000000E+0,5.0000000E+1,1.9800000E-2
0.0000000E+0,-8.0880000E-3,6.2960850E-2,2.4801903E-4,2.0000000E+0,2.0000000E+0,4.9999800E+1,1.9800000E-2
0.0000000E+0,-8.0286000E-3,6.2960850E-2,2.4801903E-4,2.0000000E+0,2.0000000E+0,5.0000000E+1,1.9800000E-2
0.0000000E+0,-7.9521000E-3,6.2960850E-2,2.4801903E-4,2.0000000E+0,2.0000000E+0,4.9999900E+1,1.9800000E-2
0.0000000E+0,-7.9337000E-3,6.2960850E-2,2.4801903E-4,2.0000000E+0,2.0000000E+0,5.0000000E+1,1.9800000E-2
0.0000000E+0,-7.8710000E-3,6.2960850E-2,2.4801903E-4,2.0000000E+0,2.0000000E+0,5.0000000E+1,1.9800000E-2
0.0000000E+0,-7.8068000E-3,6.2960850E-2,2.4801903E-4,2.0000000E+0,2.0000000E+0,4.9999400E+1,1.9800000E-2
0.0000000E+0,-7.7604000E-3,6.2960850E-2,2.4801903E-4,2.0000000E+0,2.0000000E+0,4.9999500E+1,1.9800000E-2
0.0000000E+0,-7.6966000E-3,6.2960850E-2,2.4801903E-4,2.0000000E+0,2.0000000E+0,4.9999600E+1,1.9800000E-2
0.0000000E+0,-7.6496000E-3,6.2960850E-2,2.4801903E-4,2.0000000E+0,2.0000000E+0,4.9999700E+1,1.9800000E-2
0.0000000E+0,-7.6166000E-3,6.2960850E-2,2.4801903E-4,2.0000000E+0,2.0000000E+0,4.9999600E+1,1.9800000E-2
0.0000000E+0,-7.5555000E-3,6.2960850E-2,2.4801903E-4,2.0000000E+0,2.0000000E+0,4.9999700E+1,1.9800000E-2
0.0000000E+0,-7.5129000E-3,6.2960850E-2,2.4801903E-4,2.0000000E+0,2.0000000E+0,4.9999500E+1,1.9800000E-2
0.0000000E+0,-7.4854000E-3,6.2960850E-2,2.5089095E-4,2.0000000E+0,2.0000000E+0,4.9999500E+1,1.9800000E-2
0.0000000E+0,-7.4172000E-3,6.2960850E-2,2.4801903E-4,2.0000000E+0,2.0000000E+0,5.0000000E+1,1.9800000E-2
0.0000000E+0,-7.3549000E-3,6.2960850E-2,2.4801903E-4,2.0000000E+0,2.0000000E+0,4.9999600E+1,1.9800000E-2
0.0000000E+0,-7.3157000E-3,6.2960850E-2,2.4801903E-4,2.0000000E+0,2.0000000E+0,5.0000000E+1,1.9800000E-2
0.0000000E+0,-7.2596000E-3,6.2960850E-2,2.4801903E-4,2.0000000E+0,2.0000000E+0,4.9999500E+1,1.9800000E-2
0.0000000E+0,-7.2093000E-3,6.2960850E-2,2.4801903E-4,2.0000000E+0,2.0000000E+0,4.9999800E+1,1.9800000E-2
0.0000000E+0,-7.1585000E-3,6.2960850E-2,2.4801903E-4,2.0000000E+0,2.0000000E+0,5.0000100E+1,1.9800000E-2
0.0000000E+0,-7.1138000E-3,6.2960850E-2,2.4801903E-4,2.0000000E+0,2.0000000E+0,4.9999900E+1,1.9800000E-2
0.0000000E+0,-7.0588000E-3,6.2960850E-2,2.4801903E-4,2.0000000E+0,2.0000000E+0,4.9999800E+1,1.9800000E-2
0.0000000E+0,-7.0059000E-3,6.2960850E-2,2.4801903E-4,2.0000000E+0,2.0000000E+0,4.9999600E+1,1.9800000E-2
0.0000000E+0,-6.9555000E-3,6.2960850E-2,2.4801903E-4,2.0000000E+0,2.0000000E+0,5.0000000E+1,1.9800000E-2
0.0000000E+0,-6.9003000E-3,6.2960850E-2,2.4801903E-4,2.0000000E+0,2.0000000E+0,4.9999900E+1,1.9800000E-2
0.0000000E+0,-6.8589000E-3,6.2960850E-2,2.4801903E-4,2.0000000E+0,2.0000000E+0,5.0000200E+1,1.9800000E-2
0.0000000E+0,-6.8086000E-3,6.2960850E-2,2.4801903E-4,2.0000000E+0,2.0000000E+0,5.0000100E+1,1.9800000E-2
0.0000000E+0,-6.7563000E-3,6.2960850E-2,2.4801903E-4,2.0000000E+0,2.0000000E+0,5.0000000E+1,1.9800000E-2
0.0000000E+0,-6.7045000E-3,6.2960850E-2,2.4801903E-4,2.0000000E+0,2.0000000E+0,5.0000200E+1,1.9800000E-2
0.0000000E+0,-6.6643000E-3,6.2960850E-2,2.4801903E-4,2.0000000E+0,2.0000000E+0,5.0000200E+1,1.9800000E-2
0.0000000E+0,-6.6214000E-3,6.2960850E-2,2.4801903E-4,2.0000000E+0,2.0000000E+0,5.0000000E+1,1.9800000E-2
0.0000000E+0,-6.5558000E-3,6.2960850E-2,2.5089095E-4,2.0000000E+0,2.0000000E+0,5.0000200E+1,1.9800000E-2
0.0000000E+0,-6.5035000E-3,6.2960850E-2,2.4801903E-4,2.0000000E+0,2.0000000E+0,5.0000000E+1,1.9800000E-2
0.0000000E+0,-6.4565000E-3,6.2960850E-2,2.4801903E-4,2.0000000E+0,2.0000000E+0,5.0000200E+1,1.9800000E-2
0.0000000E+0,-6.4108000E-3,6.2960850E-2,2.4801903E-4,2.0000000E+0,2.0000000E+0,4.9999900E+1,1.9800000E-2
0.0000000E+0,-6.3629000E-3,6.2960850E-2,2.4801903E-4,2.0000000E+0,2.0000000E+0,4.9999800E+1,1.9800000E-2
0.0000000E+0,-6.3067000E-3,6.2960850E-2,2.4801903E-4,2.0000000E+0,2.0000000E+0,4.9999800E+1,1.9800000E-2
0.0000000E+0,-6.2597000E-3,6.2960850E-2,2.4801903E-4,2.0000000E+0,2.0000000E+0,4.9999900E+1,1.9800000E-2
0.0000000E+0,-6.2023000E-3,6.2960850E-2,2.4801903E-4,2.0000000E+0,2.0000000E+0,4.9999700E+1,1.9800000E-2
0.0000000E+0,-6.1610000E-3,6.2960850E-2,2.4801903E-4,2.0000000E+0,2.0000000E+0,4.9999900E+1,1.9800000E-2
0.0000000E+0,-6.1039000E-3,6.2960850E-2,2.4801903E-4,2.0000000E+0,2.0000000E+0,4.9999900E+1,1.9800000E-2
0.0000000E+0,-6.0536000E-3,6.2960850E-2,2.4801903E-4,2.0000000E+0,2.0000000E+0,4.9999900E+1,1.9800000E-2
0.0000000E+0,-6.0070000E-3,6.2960850E-2,2.4801903E-4,2.0000000E+0,2.0000000E+0,5.0000100E+1,1.9800000E-2
0.0000000E+0,-5.9581000E-3,6.2960850E-2,2.4801903E-4,2.0000000E+0,2.0000000E+0,5.0000200E+1,1.9800000E-2
0.0000000E+0,-5.9091000E-3,6.2960850E-2,2.4801903E-4,2.0000000E+0,2.0000000E+0,4.9999800E+1,1.9800000E-2
0.0000000E+0,-5.8575000E-3,6.2960850E-2,2.4801903E-4,2.0000000E+0,2.0000000E+0,4.9999600E+1,1.9800000E-2
0.0000000E+0,-5.8089000E-3,6.2960850E-2,2.4801903E-4,2.0000000E+0,2.0000000E+0,5.0000000E+1,1.9800000E-2
0.0000000E+0,-5.7571000E-3,6.2960850E-2,2.4801903E-4,2.0000000E+0,2.0000000E+0,4.9999800E+1,1.9800000E-2
0.0000000E+0,-5.7032000E-3,6.2960850E-2,2.4801903E-4,2.0000000E+0,2.0000000E+0,4.9999800E+1,1.9800000E-2
0.0000000E+0,-5.6582000E-3,6.2960850E-2,2.5089095E-4,2.0000000E+0,2.0000000E+0,4.9999600E+1,1.9800000E-2
0.0000000E+0,-5.6112000E-3,6.2960850E-2,2.4801903E-4,2.0000000E+0,2.0000000E+0,5.0000000E+1,1.9800000E-2
0.0000000E+0,-5.5536000E-3,6.2960850E-2,2.4801903E-4,2.0000000E+0,2.0000000E+0,5.0000000E+1,1.9800000E-2
0.0000000E+0,-5.5075000E-3,6.2960850E-2,2.4801903E-4,2.0000000E+0,2.0000000E+0,4.9999800E+1,1.9800000E-2
0.0000000E+0,-5.4557000E-3,6.2960850E-2,2.4801903E-4,2.0000000E+0,2.0000000E+0,4.9999900E+1,1.9800000E-2
0.0000000E+0,-5.4113000E-3,6.2960850E-2,2.4801903E-4,2.0000000E+0,2.0000000E+0,4.9999900E+1,1.9800000E-2
0.0000000E+0,-5.3608000E-3,6.2960850E-2,2.4801903E-4,2.0000000E+0,2.0000000E+0,4.9999900E+1,1.9800000E-2
0.0000000E+0,-5.3098000E-3,6.2960850E-2,2.4801903E-4,2.0000000E+0,2.0000000E+0,5.0000100E+1,1.9800000E-2
0.0000000E+0,-5.2602000E-3,6.2960850E-2,2.4801903E-4,2.0000000E+0,2.0000000E+0,5.0000300E+1,1.9800000E-2
0.0000000E+0,-5.2074000E-3,6.2960850E-2,2.4801903E-4,2.0000000E+0,2.0000000E+0,5.0000000E+1,1.9800000E-2
0.0000000E+0,-5.1571000E-3,6.2960850E-2,2.4801903E-4,2.0000000E+0,2.0000000E+0,4.9999800E+1,1.9800000E-2
0.0000000E+0,-5.1035000E-3,6.2960850E-2,2.4801903E-4,2.0000000E+0,2.0000000E+0,5.0000100E+1,1.9800000E-2
0.0000000E+0,-5.0552000E-3,6.2960850E-2,2.4801903E-4,2.0000000E+0,2.0000000E+0,5.0000100E+1,1.9800000E-2
0.0000000E+0,-5.0069000E-3,6.2960850E-2,2.4801903E-4,2.0000000E+0,2.0000000E+0,4.9999900E+1,1.9800000E-2
0.0000000E+0,-4.9555000E-3,6.2960850E-2,2.4801903E-4,2.0000000E+0,2.0000000E+0,4.9999900E+1,1.9800000E-2
0.0000000E+0,-4.9061000E-3,6.2960850E-2,2.4801903E-4,2.0000000E+0,2.0000000E+0,5.0000300E+1,1.9800000E-2
0.0000000E+0,-4.8591000E-3,6.2960850E-2,2.4801903E-4,2.0000000E+0,2.0000000E+0,5.0000000E+1,1.9800000E-2
0.0000000E+0,-4.8055000E-3,6.2960850E-2,2.4801903E-4,2.0000000E+0,2.0000000E+0,5.0000100E+1,1.9800000E-2
0.0000000E+0,-4.7622000E-3,6.2960850E-2,2.4801903E-4,2.0000000E+0,2.0000000E+0,4.9999800E+1,1.9800000E-2
0.0000000E+0,-4.7055000E-3,6.2960850E-2,2.4801903E-4,2.0000000E+0,2.0000000E+0,4.9999800E+1,1.9800000E-2
0.0000000E+0,-4.6559000E-3,6.2960850E-2,2.4801903E-4,2.0000000E+0,2.0000000E+0,5.0000000E+1,1.9800000E-2
0.0000000E+0,-4.6036000E-3,6.2960850E-2,2.4801903E-4,2.0000000E+0,2.0000000E+0,4.9999500E+1,1.9800000E-2
0.0000000E+0,-4.5542000E-3,6.2960850E-2,2.4801903E-4,2.0000000E+0,2.0000000E+0,4.9999800E+1,1.9800000E-2
0.0000000E+0,-4.5083000E-3,6.2960850E-2,2.4801903E-4,2.0000000E+0,2.0000000E+0,4.9999200E+1,1.9800000E-2
0.0000000E+0,-4.4553000E-3,6.2960850E-2,2.4801903E-4,2.0000000E+0,2.0000000E+0,4.9999900E+1,1.9800000E-2
0.0000000E+0,-4.4103000E-3,6.2960850E-2,2.4801903E-4,2.0000000E+0,2.0000000E+0,5.0000000E+1,1.9800000E-2
0.0000000E+0,-4.3624000E-3,6.2960850E-2,2.4801903E-4,2.0000000E+0,2.0000000E+0,4.9999900E+1,1.9800000E-2
0.0000000E+0,-4.3046000E-3,6.2960850E-2,2.4801903E-4,2.0000000E+0,2.0000000E+0,4.9999600E+1,1.9800000E-2
0.0000000E+0,-4.2576000E-3,6.2960850E-2,2.4801903E-4,2.0000000E+0,2.0000000E+0,4.9999700E+1,1.9800000E-2
0.0000000E+0,-4.2073000E-3,6.2960850E-2,2.4801903E-4,2.0000000E+0,2.0000000E+0,5.0000000E+1,1.9800000E-2
0.0000000E+0,-4.1575000E-3,6.2960850E-2,2.4801903E-4,2.0000000E+0,2.0000000E+0,5.0000000E+1,1.9800000E-2
0.0000000E+0,-4.1056000E-3,6.2960850E-2,2.4801903E-4,2.0000000E+0,2.0000000E+0,5.0000000E+1,1.9800000E-2
0.0000000E+0,-4.0569000E-3,6.2960850E-2,2.4801903E-4,2.0000000E+0,2.0000000E+0,5.0000000E+1,1.9800000E-2
0.0000000E+0,-4.0070000E-3,6.2960850E-2,2.4801903E-4,2.0000000E+0,2.0000000E+0,4.9999700E+1,1.9800000E-2
0.0000000E+0,-3.9527000E-3,6.2960850E-2,2.4801903E-4,2.0000000E+0,2.0000000E+0,4.9999800E+1,1.9800000E-2
0.0000000E+0,-3.9115000E-3,6.2960850E-2,2.4801903E-4,2.0000000E+0,2.0000000E+0,4.9999900E+1,1.9800000E-2
0.0000000E+0,-3.8578000E-3,6.2960850E-2,2.4801903E-4,2.0000000E+0,2.0000000E+0,5.0000000E+1,1.9800000E-2
0.0000000E+0,-3.8088000E-3,6.2960850E-2,2.4801903E-4,2.0000000E+0,2.0000000E+0,4.9999800E+1,1.9800000E-2
0.0000000E+0,-3.7581000E-3,6.2960850E-2,2.4801903E-4,2.0000000E+0,2.0000000E+0,4.9999900E+1,1.9800000E-2
0.0000000E+0,-3.7096000E-3,6.2960850E-2,2.4801903E-4,2.0000000E+0,2.0000000E+0,4.9999800E+1,1.9800000E-2
0.0000000E+0,-3.6548000E-3,6.2960850E-2,2.4801903E-4,2.0000000E+0,2.0000000E+0,4.9999700E+1,1.9800000E-2
0.0000000E+0,-3.6103000E-3,6.2960850E-2,2.4801903E-4,2.0000000E+0,2.0000000E+0,5.0000000E+1,1.9800000E-2
0.0000000E+0,-3.5589000E-3,6.2960850E-2,2.4801903E-4,2.0000000E+0,2.0000000E+0,4.9999700E+1,1.9800000E-2
0.0000000E+0,-3.5104000E-3,6.2960850E-2,2.4801903E-4,2.0000000E+0,2.0000000E+0,4.9999500E+1,1.9800000E-2
0.0000000E+0,-3.4563000E-3,6.2960850E-2,2.4801903E-4,2.0000000E+0,2.0000000E+0,5.0000000E+1,1.9800000E-2
0.0000000E+0,-3.4053000E-3,6.2960850E-2,2.4801903E-4,2.0000000E+0,2.0000000E+0,5.0000100E+1,1.9800000E-2
0.0000000E+0,-3.3568000E-3,6.2960850E-2,2.4801903E-4,2.0000000E+0,2.0000000E+0,4.9999900E+1,1.9800000E-2
0.0000000E+0,-3.3166000E-3,6.2960850E-2,2.4801903E-4,2.0000000E+0,2.0000000E+0,4.9999800E+1,1.9800000E-2
0.0000000E+0,-3.2590000E-3,6.2960850E-2,2.4801903E-4,2.0000000E+0,2.0000000E+0,4.9999700E+1,1.9800000E-2
0.0000000E+0,-3.2081000E-3,6.2960850E-2,2.4801903E-4,2.0000000E+0,2.0000000E+0,4.9999700E+1,1.9800000E-2
0.0000000E+0,-3.1604000E-3,6.2960850E-2,2.4801903E-4,2.0000000E+0,2.0000000E+0,5.0000000E+1,1.9800000E-2
0.0000000E+0,-3.1032000E-3,6.2960850E-2,2.4801903E-4,2.0000000E+0,2.0000000E+0,4.9999600E+1,1.9800000E-2
0.0000000E+0,-3.0538000E-3,6.2960850E-2,2.4801903E-4,2.0000000E+0,2.0000000E+0,5.0000000E+1,1.9800000E-2
0.0000000E+0,-3.0095000E-3,6.2960850E-2,2.4801903E-4,2.0000000E+0,2.0000000E+0,4.9999700E+1,1.9800000E-2
0.0000000E+0,-2.9568000E-3,6.2960850E-2,2.4801903E-4,2.0000000E+0,2.0000000E+0,4.9999600E+1,1.9800000E-2
0.0000000E+0,-2.9071000E-3,6.2960850E-2,2.4801903E-4,2.0000000E+0,2.0000000E+0,4.9999700E+1,1.9800000E-2
0.0000000E+0,-2.8568000E-3,6.2960850E-2,2.4801903E-4,2.0000000E+0,2.0000000E+0,4.9999900E+1,1.9800000E-2
0.0000000E+0,-2.8070000E-3,6.2960850E-2,2.4801903E-4,2.0000000E+0,2.0000000E+0,4.9999900E+1,1.9800000E-2
0.0000000E+0,-2.7591000E-3,6.2960850E-2,2.4801903E-4,2.0000000E+0,2.0000000E+0,5.0000200E+1,1.9800000E-2
0.0000000E+0,-2.7077000E-3,6.2960850E-2,2.4801903E-4,2.0000000E+0,2.0000000E+0,5.0000000E+1,1.9800000E-2
0.0000000E+0,-2.6571000E-3,6.2960850E-2,2.4801903E-4,2.0000000E+0,2.0000000E+0,5.0000000E+1,1.9800000E-2
0.0000000E+0,-2.6035000E-3,6.2960850E-2,2.4801903E-4,2.0000000E+0,2.0000000E+0,4.9999900E+1,1.9800000E-2
0.0000000E+0,-2.5537000E-3,6.2960850E-2,2.4801903E-4,2.0000000E+0,2.0000000E+0,4.9999900E+1,1.9800000E-2
0.0000000E+0,-2.5095000E-3,6.2960850E-2,2.4801903E-4,2.0000000E+0,2.0000000E+0,5.0000000E+1,1.9800000E-2
0.0000000E+0,-2.4546000E-3,6.2960850E-2,2.4801903E-4,2.0000000E+0,2.0000000E+0,5.0000300E+1,1.9800000E-2
0.0000000E+0,-2.4045000E-3,6.2960850E-2,2.4801903E-4,2.0000000E+0,2.0000000E+0,5.0000100E+1,1.9800000E-2
0.0000000E+0,-2.3640000E-3,6.2960850E-2,2.4801903E-4,2.0000000E+0,2.0000000E+0,4.9999900E+1,1.9800000E-2
0.0000000E+0,-2.3092000E-3,6.2960850E-2,2.4801903E-4,2.0000000E+0,2.0000000E+0,5.0000400E+1,1.9800000E-2
0.0000000E+0,-2.2529000E-3,6.2960850E-2,2.4801903E-4,2.0000000E+0,2.0000000E+0,5.0000000E+1,1.9800000E-2
0.0000000E+0,-2.2033000E-3,6.2960850E-2,2.4801903E-4,2.0000000E+0,2.0000000E+0,5.0000300E+1,1.9800000E-2
0.0000000E+0,-2.1632000E-3,6.2960850E-2,2.4801903E-4,2.0000000E+0,2.0000000E+0,5.0000600E+1,1.9800000E-2
0.0000000E+0,-2.1093000E-3,6.2960850E-2,2.4801903E-4,2.0000000E+0,2.0000000E+0,5.0000400E+1,1.9800000E-2
0.0000000E+0,-2.0475000E-3,6.2960850E-2,2.4801903E-4,2.0000000E+0,2.0000000E+0,5.0000600E+1,1.9800000E-2
0.0000000E+0,-2.0038000E-3,6.2960850E-2,2.4801903E-4,2.0000000E+0,2.0000000E+0,5.0000400E+1,1.9800000E-2
0.0000000E+0,-1.9535000E-3,6.2960850E-2,2.4801903E-4,2.0000000E+0,2.0000000E+0,5.0000400E+1,1.9800000E-2
0.0000000E+0,-1.9110000E-3,6.2960850E-2,2.4801903E-4,2.0000000E+0,2.0000000E+0,5.0000100E+1,1.9800000E-2
0.0000000E+0,-1.8585000E-3,6.2960850E-2,2.4801903E-4,2.0000000E+0,2.0000000E+0,5.0000200E+1,1.9800000E-2
0.0000000E+0,-1.8112000E-3,6.2960850E-2,2.4801903E-4,2.0000000E+0,2.0000000E+0,5.0000500E+1,1.9800000E-2
0.0000000E+0,-1.7572000E-3,6.2960850E-2,2.4801903E-4,2.0000000E+0,2.0000000E+0,5.0000400E+1,1.9800000E-2
0.0000000E+0,-1.7033000E-3,6.2960850E-2,2.4801903E-4,2.0000000E+0,2.0000000E+0,5.0000300E+1,1.9800000E-2
0.0000000E+0,-1.6561000E-3,6.2960850E-2,2.4801903E-4,2.0000000E+0,2.0000000E+0,5.0000400E+1,1.9800000E-2
0.0000000E+0,-1.6160000E-3,6.2960850E-2,2.4801903E-4,2.0000000E+0,2.0000000E+0,5.0000300E+1,1.9800000E-2
0.0000000E+0,-1.5686000E-3,6.2960850E-2,2.4801903E-4,2.0000000E+0,2.0000000E+0,5.0000400E+1,1.9800000E-2
0.0000000E+0,-1.5043000E-3,6.2960850E-2,2.4801903E-4,2.0000000E+0,2.0000000E+0,5.0000300E+1,1.9800000E-2
0.0000000E+0,-1.4553000E-3,6.2960850E-2,2.4801903E-4,2.0000000E+0,2.0000000E+0,5.0000200E+1,1.9800000E-2
0.0000000E+0,-1.4126000E-3,6.2960850E-2,2.4801903E-4,2.0000000E+0,2.0000000E+0,5.0000200E+1,1.9800000E-2
0.0000000E+0,-1.3647000E-3,6.2960850E-2,2.5089095E-4,2.0000000E+0,2.0000000E+0,5.0000200E+1,1.9800000E-2
0.0000000E+0,-1.3057000E-3,6.2960850E-2,2.4801903E-4,2.0000000E+0,2.0000000E+0,4.9999900E+1,1.9800000E-2
0.0000000E+0,-1.2603000E-3,6.2960850E-2,2.4801903E-4,2.0000000E+0,2.0000000E+0,5.0000000E+1,1.9800000E-2
0.0000000E+0,-1.2000000E-3,6.2960850E-2,2.4801903E-4,2.0000000E+0,2.0000000E+0,5.0000500E+1,1.9800000E-2
0.0000000E+0,-1.1721000E-3,6.2960850E-2,2.4801903E-4,2.0000000E+0,2.0000000E+0,5.0000000E+1,1.9800000E-2
0.0000000E+0,-1.1127000E-3,6.2960850E-2,2.4801903E-4,2.0000000E+0,2.0000000E+0,5.0000400E+1,1.9800000E-2
0.0000000E+0,-1.0538000E-3,6.2960850E-2,2.4801903E-4,2.0000000E+0,2.0000000E+0,5.0000300E+1,1.9800000E-2
0.0000000E+0,-1.0035000E-3,6.2960850E-2,2.4801903E-4,2.0000000E+0,2.0000000E+0,5.0000400E+1,1.9800000E-2
0.0000000E+0,-9.5230000E-4,6.2960850E-2,2.4801903E-4,2.0000000E+0,2.0000000E+0,5.0000400E+1,1.9800000E-2
0.0000000E+0,-9.0620000E-4,6.2960850E-2,2.4801903E-4,2.0000000E+0,2.0000000E+0,5.0000500E+1,1.9800000E-2
0.0000000E+0,-8.5630000E-4,6.2960850E-2,2.4801903E-4,2.0000000E+0,2.0000000E+0,5.0000600E+1,1.9800000E-2
0.0000000E+0,-8.1160000E-4,6.2960850E-2,2.4801903E-4,2.0000000E+0,2.0000000E+0,5.0000900E+1,1.9800000E-2
0.0000000E+0,-7.5350000E-4,6.2960850E-2,2.4801903E-4,2.0000000E+0,2.0000000E+0,5.0000400E+1,1.9800000E-2
0.0000000E+0,-7.0610000E-4,6.2960850E-2,2.5089095E-4,2.0000000E+0,2.0000000E+0,5.0000200E+1,1.9800000E-2
0.0000000E+0,-6.5550000E-4,6.2960850E-2,2.4801903E-4,2.0000000E+0,2.0000000E+0,4.9999900E+1,1.9800000E-2
0.0000000E+0,-6.0700000E-4,6.2960850E-2,2.4801903E-4,2.0000000E+0,2.0000000E+0,5.0000400E+1,1.9800000E-2
0.0000000E+0,-5.5930000E-4,6.2960850E-2,2.4801903E-4,2.0000000E+0,2.0000000E+0,5.0000400E+1,1.9800000E-2
0.0000000E+0,-5.0080000E-4,6.2960850E-2,2.4801903E-4,2.0000000E+0,2.0000000E+0,5.0000300E+1,1.9800000E-2
0.0000000E+0,-4.6140000E-4,6.2960850E-2,2.4801903E-4,2.0000000E+0,2.0000000E+0,5.0000300E+1,1.9800000E-2
0.0000000E+0,-4.0110000E-4,6.2960850E-2,2.4801903E-4,2.0000000E+0,2.0000000E+0,4.9999900E+1,1.9800000E-2
0.0000000E+0,-3.5520000E-4,6.2960850E-2,2.4801903E-4,2.0000000E+0,2.0000000E+0,5.0000100E+1,1.9800000E-2
0.0000000E+0,-3.0580000E-4,6.2960850E-2,2.4801903E-4,2.0000000E+0,2.0000000E+0,5.0000200E+1,1.9800000E-2
0.0000000E+0,-2.6110000E-4,6.2960850E-2,2.4801903E-4,2.0000000E+0,2.0000000E+0,5.0000600E+1,1.9800000E-2
0.0000000E+0,-2.0700000E-4,6.2960850E-2,2.4801903E-4,2.0000000E+0,2.0000000E+0,5.0000000E+1,1.9800000E-2
0.0000000E+0,-1.5230000E-4,6.2960850E-2,2.4801903E-4,2.0000000E+0,2.0000000E+0,5.0000100E+1,1.9800000E-2
0.0000000E+0,-1.0880000E-4,6.2960850E-2,2.4801903E-4,2.0000000E+0,2.0000000E+0,5.0000100E+1,1.9800000E-2
0.0000000E+0,-6.3400000E-5,6.2960850E-2,2.4801903E-4,2.0000000E+0,2.0000000E+0,5.0000400E+1,1.9800000E-2
0.0000000E+0,-2.0000000E-6,6.2960850E-2,2.4801903E-4,2.0000000E+0,2.0000000E+0,4.9999900E+1,1.9800000E-2
0.0000000E+0,4.3000000E-5,6.2960850E-2,2.4801903E-4,2.0000000E+0,2.0000000E+0,5.0000300E+1,1.9800000E-2
0.0000000E+0,9.2800000E-5,6.2960850E-2,2.4801903E-4,2.0000000E+0,2.0000000E+0,5.0000100E+1,1.9800000E-2
0.0000000E+0,1.4400000E-4,6.2960850E-2,2.4801903E-4,2.0000000E+0,2.0000000E+0,5.0000000E+1,1.9800000E-2
0.0000000E+0,1.9150000E-4,6.2960850E-2,2.4801903E-4,2.0000000E+0,2.0000000E+0,5.0000200E+1,1.9800000E-2
0.0000000E+0,2.4550000E-4,6.2960850E-2,2.4801903E-4,2.0000000E+0,2.0000000E+0,5.0000100E+1,1.9800000E-2
0.0000000E+0,2.9470000E-4,6.2960850E-2,2.4801903E-4,2.0000000E+0,2.0000000E+0,5.0000100E+1,1.9800000E-2
0.0000000E+0,3.5060000E-4,6.2960850E-2,2.4801903E-4,2.0000000E+0,2.0000000E+0,5.0000000E+1,1.9800000E-2
0.0000000E+0,3.9510000E-4,6.2960850E-2,2.4801903E-4,2.0000000E+0,2.0000000E+0,5.0000100E+1,1.9800000E-2
0.0000000E+0,4.4280000E-4,6.2960850E-2,2.4801903E-4,2.0000000E+0,2.0000000E+0,5.0000500E+1,1.9800000E-2
0.0000000E+0,4.9440000E-4,6.2960850E-2,2.4801903E-4,2.0000000E+0,2.0000000E+0,5.0000300E+1,1.9800000E-2
0.0000000E+0,5.4560000E-4,6.2960850E-2,2.5089095E-4,2.0000000E+0,2.0000000E+0,5.0000000E+1,1.9800000E-2
0.0000000E+0,5.9060000E-4,6.2960850E-2,2.4801903E-4,2.0000000E+0,2.0000000E+0,5.0000200E+1,1.9800000E-2
0.0000000E+0,6.4670000E-4,6.2960850E-2,2.4801903E-4,2.0000000E+0,2.0000000E+0,4.9999800E+1,1.9800000E-2
0.0000000E+0,6.9760000E-4,6.2960850E-2,2.4801903E-4,2.0000000E+0,2.0000000E+0,4.9999700E+1,1.9800000E-2
0.0000000E+0,7.4590000E-4,6.2960850E-2,2.4801903E-4,2.0000000E+0,2.0000000E+0,5.0000100E+1,1.9800000E-2
0.0000000E+0,7.9270000E-4,6.2960850E-2,2.5089095E-4,2.0000000E+0,2.0000000E+0,5.0000300E+1,1.9800000E-2
0.0000000E+0,8.4480000E-4,6.2960850E-2,2.4801903E-4,2.0000000E+0,2.0000000E+0,5.0000300E+1,1.9800000E-2
0.0000000E+0,8.8930000E-4,6.2960850E-2,2.4801903E-4,2.0000000E+0,2.0000000E+0,5.0000200E+1,1.9800000E-2
0.0000000E+0,9.3920000E-4,6.2960850E-2,2.4801903E-4,2.0000000E+0,2.0000000E+0,5.0000100E+1,1.9800000E-2
0.0000000E+0,9.9370000E-4,6.2960850E-2,2.4801903E-4,2.0000000E+0,2.0000000E+0,5.0000100E+1,1.9800000E-2
0.0000000E+0,1.0456000E-3,6.2960850E-2,2.4801903E-4,2.0000000E+0,2.0000000E+0,5.0000000E+1,1.9800000E-2
0.0000000E+0,1.0985000E-3,6.2960850E-2,2.4801903E-4,2.0000000E+0,2.0000000E+0,5.0000400E+1,1.9800000E-2
0.0000000E+0,1.1442000E-3,6.2960850E-2,2.4801903E-4,2.0000000E+0,2.0000000E+0,5.0000100E+1,1.9800000E-2
0.0000000E+0,1.1918000E-3,6.2960850E-2,2.4801903E-4,2.0000000E+0,2.0000000E+0,5.0000200E+1,1.9800000E-2
0.0000000E+0,1.2388000E-3,6.2960850E-2,2.4801903E-4,2.0000000E+0,2.0000000E+0,5.0000200E+1,1.9800000E-2
0.0000000E+0,1.2953000E-3,6.2960850E-2,2.4801903E-4,2.0000000E+0,2.0000000E+0,5.0000400E+1,1.9800000E-2
0.0000000E+0,1.3419000E-3,6.2960850E-2,2.4801903E-4,2.0000000E+0,2.0000000E+0,5.0000100E+1,1.9800000E-2
0.0000000E+0,1.3919000E-3,6.2960850E-2,2.4801903E-4,2.0000000E+0,2.0000000E+0,5.0000600E+1,1.9800000E-2
0.0000000E+0,1.4442000E-3,6.2960850E-2,2.4801903E-4,2.0000000E+0,2.0000000E+0,5.0000300E+1,1.9800000E-2
0.0000000E+0,1.4957000E-3,6.2960850E-2,2.4801903E-4,2.0000000E+0,2.0000000E+0,5.0000100E+1,1.9800000E-2
0.0000000E+0,1.5435000E-3,6.2960850E-2,2.4801903E-4,2.0000000E+0,2.0000000E+0,5.0000100E+1,1.9800000E-2
0.0000000E+0,1.5894000E-3,6.2960850E-2,2.5089095E-4,2.0000000E+0,2.0000000E+0,5.0000200E+1,1.9800000E-2
0.0000000E+0,1.6410000E-3,6.2960850E-2,2.4801903E-4,2.0000000E+0,2.0000000E+0,5.0000100E+1,1.9800000E-2
0.0000000E+0,1.6929000E-3,6.2960850E-2,2.4801903E-4,2.0000000E+0,2.0000000E+0,5.0000000E+1,1.9800000E-2
0.0000000E+0,1.7421000E-3,6.2960850E-2,2.4801903E-4,2.0000000E+0,2.0000000E+0,5.0000200E+1,1.9800000E-2
0.0000000E+0,1.7982000E-3,6.2960850E-2,2.4801903E-4,2.0000000E+0,2.0000000E+0,5.0000100E+1,1.9800000E-2
0.0000000E+0,1.8420000E-3,6.2960850E-2,2.5089095E-4,2.0000000E+0,2.0000000E+0,5.0000100E+1,1.9800000E-2
0.0000000E+0,1.8868000E-3,6.2960850E-2,2.4801903E-4,2.0000000E+0,2.0000000E+0,5.0000100E+1,1.9800000E-2
0.0000000E+0,1.9416000E-3,6.2960850E-2,2.4801903E-4,2.0000000E+0,2.0000000E+0,5.0000000E+1,1.9800000E-2
0.0000000E+0,1.9910000E-3,6.2960850E-2,2.4801903E-4,2.0000000E+0,2.0000000E+0,5.0000000E+1,1.9800000E-2
0.0000000E+0,2.0390000E-3,6.2960850E-2,2.5089095E-4,2.0000000E+0,2.0000000E+0,5.0000700E+1,1.9800000E-2
0.0000000E+0,2.1020000E-3,6.2960850E-2,2.4801903E-4,2.0000000E+0,2.0000000E+0,5.0000500E+1,1.9800000E-2
0.0000000E+0,2.1434000E-3,6.2960850E-2,2.4801903E-4,2.0000000E+0,2.0000000E+0,5.0000500E+1,1.9800000E-2
0.0000000E+0,2.1909000E-3,6.2960850E-2,2.4801903E-4,2.0000000E+0,2.0000000E+0,5.0000500E+1,1.9800000E-2
0.0000000E+0,2.2403000E-3,6.2960850E-2,2.4801903E-4,2.0000000E+0,2.0000000E+0,5.0000400E+1,1.9800000E-2
0.0000000E+0,2.2961000E-3,6.2960850E-2,2.4801903E-4,2.0000000E+0,2.0000000E+0,5.0000100E+1,1.9800000E-2
0.0000000E+0,2.3422000E-3,6.2960850E-2,2.4801903E-4,2.0000000E+0,2.0000000E+0,5.0000300E+1,1.9800000E-2
0.0000000E+0,2.3941000E-3,6.2960850E-2,2.4801903E-4,2.0000000E+0,2.0000000E+0,4.9999900E+1,1.9800000E-2
0.0000000E+0,2.4400000E-3,6.2960850E-2,2.4801903E-4,2.0000000E+0,2.0000000E+0,5.0000100E+1,1.9800000E-2
0.0000000E+0,2.4931000E-3,6.2960850E-2,2.4801903E-4,2.0000000E+0,2.0000000E+0,5.0000400E+1,1.9800000E-2
0.0000000E+0,2.5430000E-3,6.2960850E-2,2.4801903E-4,2.0000000E+0,2.0000000E+0,5.0000100E+1,1.9800000E-2
0.0000000E+0,2.5917000E-3,6.2960850E-2,2.4801903E-4,2.0000000E+0,2.0000000E+0,5.0000500E+1,1.9800000E-2
0.0000000E+0,2.6432000E-3,6.2960850E-2,2.4801903E-4,2.0000000E+0,2.0000000E+0,4.9999700E+1,1.9800000E-2
0.0000000E+0,2.6882000E-3,6.2960850E-2,2.4801903E-4,2.0000000E+0,2.0000000E+0,4.9999600E+1,1.9800000E-2
0.0000000E+0,2.7422000E-3,6.2960850E-2,2.4801903E-4,2.0000000E+0,2.0000000E+0,4.9999700E+1,1.9800000E-2
0.0000000E+0,2.7963000E-3,6.2960850E-2,2.4801903E-4,2.0000000E+0,2.0000000E+0,5.0000100E+1,1.9800000E-2
0.0000000E+0,2.8411000E-3,6.2960850E-2,2.4801903E-4,2.0000000E+0,2.0000000E+0,5.0000000E+1,1.9800000E-2
0.0000000E+0,2.8952000E-3,6.2960850E-2,2.4801903E-4,2.0000000E+0,2.0000000E+0,5.0000300E+1,1.9800000E-2
0.0000000E+0,2.9452000E-3,6.2960850E-2,2.4801903E-4,2.0000000E+0,2.0000000E+0,5.0000100E+1,1.9800000E-2
0.0000000E+0,2.9931000E-3,6.2960850E-2,2.4801903E-4,2.0000000E+0,2.0000000E+0,4.9999800E+1,1.9800000E-2
0.0000000E+0,3.0425000E-3,6.2960850E-2,2.4801903E-4,2.0000000E+0,2.0000000E+0,5.0000100E+1,1.9800000E-2
0.0000000E+0,3.0873000E-3,6.2960850E-2,2.4801903E-4,2.0000000E+0,2.0000000E+0,4.9999900E+1,1.9800000E-2
0.0000000E+0,3.1431000E-3,6.2960850E-2,2.4801903E-4,2.0000000E+0,2.0000000E+0,4.9999700E+1,1.9800000E-2
0.0000000E+0,3.1948000E-3,6.2960850E-2,2.4801903E-4,2.0000000E+0,2.0000000E+0,5.0000200E+1,1.9800000E-2
0.0000000E+0,3.2397000E-3,6.2960850E-2,2.4801903E-4,2.0000000E+0,2.0000000E+0,4.9999800E+1,1.9800000E-2
0.0000000E+0,3.2905000E-3,6.2960850E-2,2.4801903E-4,2.0000000E+0,2.0000000E+0,5.0000200E+1,1.9800000E-2
0.0000000E+0,3.3426000E-3,6.2960850E-2,2.4801903E-4,2.0000000E+0,2.0000000E+0,4.9999700E+1,1.9800000E-2
0.0000000E+0,3.3916000E-3,6.2960850E-2,2.4801903E-4,2.0000000E+0,2.0000000E+0,4.9999900E+1,1.9800000E-2
0.0000000E+0,3.4467000E-3,6.2960850E-2,2.4801903E-4,2.0000000E+0,2.0000000E+0,4.9999900E+1,1.9800000E-2
0.0000000E+0,3.4895000E-3,6.2960850E-2,2.4801903E-4,2.0000000E+0,2.0000000E+0,5.0000200E+1,1.9800000E-2
0.0000000E+0,3.5432000E-3,6.2960850E-2,2.4801903E-4,2.0000000E+0,2.0000000E+0,5.0000000E+1,1.9800000E-2
0.0000000E+0,3.5924000E-3,6.2960850E-2,2.4801903E-4,2.0000000E+0,2.0000000E+0,4.9999700E+1,1.9800000E-2
0.0000000E+0,3.6469000E-3,6.2960850E-2,2.4801903E-4,2.0000000E+0,2.0000000E+0,4.9999600E+1,1.9800000E-2
0.0000000E+0,3.6970000E-3,6.2960850E-2,2.4801903E-4,2.0000000E+0,2.0000000E+0,4.9999900E+1,1.9800000E-2
0.0000000E+0,3.7442000E-3,6.2960850E-2,2.4801903E-4,2.0000000E+0,2.0000000E+0,4.9999700E+1,1.9800000E-2
0.0000000E+0,3.7936000E-3,6.2960850E-2,2.4801903E-4,2.0000000E+0,2.0000000E+0,4.9999700E+1,1.9800000E-2
0.0000000E+0,3.8410000E-3,6.2960850E-2,2.4801903E-4,2.0000000E+0,2.0000000E+0,4.9999900E+1,1.9800000E-2
0.0000000E+0,3.8915000E-3,6.2960850E-2,2.4801903E-4,2.0000000E+0,2.0000000E+0,5.0000000E+1,1.9800000E-2
0.0000000E+0,3.9401000E-3,6.2960850E-2,2.4801903E-4,2.0000000E+0,2.0000000E+0,4.9999600E+1,1.9800000E-2
0.0000000E+0,3.9941000E-3,6.2960850E-2,2.4801903E-4,2.0000000E+0,2.0000000E+0,4.9999600E+1,1.9800000E-2
0.0000000E+0,4.0395000E-3,6.2960850E-2,2.4801903E-4,2.0000000E+0,2.0000000E+0,4.9999700E+1,1.9800000E-2
0.0000000E+0,4.0921000E-3,6.2960850E-2,2.4801903E-4,2.0000000E+0,2.0000000E+0,5.0000000E+1,1.9800000E-2
0.0000000E+0,4.1455000E-3,6.2960850E-2,2.4801903E-4,2.0000000E+0,2.0000000E+0,4.9999800E+1,1.9800000E-2
0.0000000E+0,4.1998000E-3,6.2960850E-2,2.4801903E-4,2.0000000E+0,2.0000000E+0,4.9999500E+1,1.9800000E-2
0.0000000E+0,4.2490000E-3,6.2960850E-2,2.4801903E-4,2.0000000E+0,2.0000000E+0,5.0000000E+1,1.9800000E-2
0.0000000E+0,4.2876000E-3,6.2960850E-2,2.4801903E-4,2.0000000E+0,2.0000000E+0,4.9999700E+1,1.9800000E-2
0.0000000E+0,4.3440000E-3,6.2960850E-2,2.4801903E-4,2.0000000E+0,2.0000000E+0,4.9999800E+1,1.9800000E-2
0.0000000E+0,4.3963000E-3,6.2960850E-2,2.4801903E-4,2.0000000E+0,2.0000000E+0,4.9999900E+1,1.9800000E-2
0.0000000E+0,4.4400000E-3,6.2960850E-2,2.4801903E-4,2.0000000E+0,2.0000000E+0,4.9999700E+1,1.9800000E-2
0.0000000E+0,4.4932000E-3,6.2960850E-2,2.4801903E-4,2.0000000E+0,2.0000000E+0,4.9999700E+1,1.9800000E-2
0.0000000E+0,4.5415000E-3,6.2960850E-2,2.4801903E-4,2.0000000E+0,2.0000000E+0,5.0000000E+1,1.9800000E-2
0.0000000E+0,4.5938000E-3,6.2960850E-2,2.4801903E-4,2.0000000E+0,2.0000000E+0,4.9999900E+1,1.9800000E-2
0.0000000E+0,4.6470000E-3,6.2960850E-2,2.4801903E-4,2.0000000E+0,2.0000000E+0,4.9999800E+1,1.9800000E-2
0.0000000E+0,4.6916000E-3,6.2960850E-2,2.4801903E-4,2.0000000E+0,2.0000000E+0,4.9999600E+1,1.9800000E-2
0.0000000E+0,4.7441000E-3,6.2960850E-2,2.5089095E-4,2.0000000E+0,2.0000000E+0,4.9999800E+1,1.9800000E-2
0.0000000E+0,4.7968000E-3,6.2960850E-2,2.4801903E-4,2.0000000E+0,2.0000000E+0,5.0000100E+1,1.9800000E-2
0.0000000E+0,4.8475000E-3,6.2960850E-2,2.4801903E-4,2.0000000E+0,2.0000000E+0,4.9999800E+1,1.9800000E-2
0.0000000E+0,4.8957000E-3,6.2960850E-2,2.4801903E-4,2.0000000E+0,2.0000000E+0,4.9999700E+1,1.9800000E-2
0.0000000E+0,4.9408000E-3,6.2960850E-2,2.4801903E-4,2.0000000E+0,2.0000000E+0,4.9999900E+1,1.9800000E-2
0.0000000E+0,4.9940000E-3,6.2960850E-2,2.4801903E-4,2.0000000E+0,2.0000000E+0,4.9999700E+1,1.9800000E-2
