Idc,Bx,By,Bz,Vdc_adc,V_bg,dBx,dBy,dBz,
nA,T,T,T,mV,V,T/min,T/min,T/min,
0.0000000E+0,-8.0000000E-7,-0.0000000E+0,1.9992400E-2,6.4970310E-2,9.0599100E-4,2.4000000E-2,2.4000000E-2,1.9800000E-2
0.0000000E+0,1.0000000E-7,1.0000000E-7,1.9956700E-2,6.4970310E-2,9.2983200E-4,2.4000000E-2,2.4000000E-2,1.9800000E-2
0.0000000E+0,-1.0000000E-7,6.0000000E-7,1.9908100E-2,6.4970310E-2,9.7751600E-4,2.4000000E-2,2.4000000E-2,1.9800000E-2
0.0000000E+0,-3.0000000E-7,-1.0000000E-7,1.9854500E-2,6.4970310E-2,9.7751600E-4,2.4000000E-2,2.4000000E-2,1.9800000E-2
0.0000000E+0,-4.0000000E-7,-5.0000000E-7,1.9808000E-2,6.4970310E-2,7.1525600E-4,2.4000000E-2,2.4000000E-2,1.9800000E-2
0.0000000E+0,4.0000000E-7,-8.0000000E-7,1.9752600E-2,6.4970310E-2,4.0531200E-4,2.4000000E-2,2.4000000E-2,1.9800000E-2
0.0000000E+0,2.0000000E-7,3.0000000E-7,1.9708900E-2,6.4970310E-2,9.0599100E-4,2.4000000E-2,2.4000000E-2,1.9800000E-2
0.0000000E+0,-2.0000000E-7,-3.0000000E-7,1.9659300E-2,6.4970310E-2,1.2636200E-3,2.4000000E-2,2.4000000E-2,1.9800000E-2
0.0000000E+0,-1.0000000E-7,1.0000000E-7,1.9608100E-2,6.4970310E-2,1.1444100E-3,2.4000000E-2,2.4000000E-2,1.9800000E-2
0.0000000E+0,3.0000000E-7,2.0000000E-7,1.9554000E-2,6.4970310E-2,8.1062300E-4,2.4000000E-2,2.4000000E-2,1.9800000E-2
0.0000000E+0,8.0000000E-7,6.0000000E-7,1.9508100E-2,6.4970310E-2,9.7751600E-4,2.4000000E-2,2.4000000E-2,1.9800000E-2
0.0000000E+0,-3.0000000E-7,8.0000000E-7,1.9455100E-2,6.4970310E-2,9.0599100E-4,2.4000000E-2,2.4000000E-2,1.9800000E-2
0.0000000E+0,6.0000000E-7,1.0000000E-7,1.9408200E-2,6.4970310E-2,8.5830700E-4,2.4000000E-2,2.4000000E-2,1.9800000E-2
0.0000000E+0,-3.0000000E-7,1.0000000E-6,1.9350500E-2,6.4970310E-2,9.7751600E-4,2.4000000E-2,2.4000000E-2,1.9800000E-2
0.0000000E+0,1.0000000E-7,1.0000000E-7,1.9303600E-2,6.4970310E-2,7.1525600E-4,2.4000000E-2,2.4000000E-2,1.9800000E-2
0.0000000E+0,5.0000000E-7,1.2000000E-6,1.9257200E-2,6.4970310E-2,8.1062300E-4,2.4000000E-2,2.4000000E-2,1.9800000E-2
0.0000000E+0,-1.1000000E-6,3.0000000E-7,1.9204500E-2,6.4970310E-2,1.2397800E-3,2.4000000E-2,2.4000000E-2,1.9800000E-2
0.0000000E+0,-3.0000000E-7,-1.0000000E-7,1.9152200E-2,6.4970310E-2,1.0728800E-3,2.4000000E-2,2.4000000E-2,1.9800000E-2
0.0000000E+0,3.0000000E-7,3.0000000E-7,1.9108100E-2,6.4970310E-2,7.6293900E-4,2.4000000E-2,2.4000000E-2,1.9800000E-2
0.0000000E+0,-4.0000000E-7,8.0000000E-7,1.9058500E-2,6.4970310E-2,1.0013600E-3,2.4000000E-2,2.4000000E-2,1.9800000E-2
0.0000000E+0,6.0000000E-7,-7.0000000E-7,1.9005100E-2,6.4970310E-2,7.6293900E-4,2.4000000E-2,2.4000000E-2,1.9800000E-2
0.0000000E+0,9.0000000E-7,2.0000000E-7,1.8958800E-2,6.4970310E-2,7.3909800E-4,2.4000000E-2,2.4000000E-2,1.9800000E-2
0.0000000E+0,-8.0000000E-7,-3.0000000E-7,1.8901400E-2,6.4970310E-2,1.0967300E-3,2.4000000E-2,2.4000000E-2,1.9800000E-2
0.0000000E+0,6.0000000E-7,-3.0000000E-7,1.8854600E-2,6.4970310E-2,1.1444100E-3,2.4000000E-2,2.4000000E-2,1.9800000E-2
0.0000000E+0,-3.0000000E-7,-2.0000000E-7,1.8801200E-2,6.4970310E-2,1.0490400E-3,2.4000000E-2,2.4000000E-2,1.9800000E-2
0.0000000E+0,-3.0000000E-7,2.0000000E-7,1.8756200E-2,6.4970310E-2,9.0599100E-4,2.4000000E-2,2.4000000E-2,1.9800000E-2
0.0000000E+0,-4.0000000E-7,-0.0000000E+0,1.8705700E-2,6.4970310E-2,8.8214900E-4,2.4000000E-2,2.4000000E-2,1.9800000E-2
0.0000000E+0,3.0000000E-7,-4.0000000E-7,1.8654900E-2,6.4970310E-2,7.3909800E-4,2.4000000E-2,2.4000000E-2,1.9800000E-2
0.0000000E+0,7.0000000E-7,2.0000000E-7,1.8612100E-2,6.4970310E-2,9.0599100E-4,2.4000000E-2,2.4000000E-2,1.9800000E-2
0.0000000E+0,5.0000000E-7,-7.0000000E-7,1.8554300E-2,6.4970310E-2,7.3909800E-4,2.4000000E-2,2.4000000E-2,1.9800000E-2
0.0000000E+0,5.0000000E-7,3.0000000E-7,1.8502900E-2,6.4970310E-2,1.0013600E-3,2.4000000E-2,2.4000000E-2,1.9800000E-2
0.0000000E+0,-2.0000000E-7,4.0000000E-7,1.8457900E-2,6.4970310E-2,1.0728800E-3,2.4000000E-2,2.4000000E-2,1.9800000E-2
0.0000000E+0,-2.0000000E-7,2.0000000E-7,1.8405100E-2,6.4970310E-2,1.1444100E-3,2.4000000E-2,2.4000000E-2,1.9800000E-2
0.0000000E+0,5.0000000E-7,2.0000000E-7,1.8354600E-2,6.4970310E-2,1.2159300E-3,2.4000000E-2,2.4000000E-2,1.9800000E-2
0.0000000E+0,2.0000000E-7,9.0000000E-7,1.8303400E-2,6.4970310E-2,1.4066700E-3,2.4000000E-2,2.4000000E-2,1.9800000E-2
0.0000000E+0,3.0000000E-7,-3.0000000E-7,1.8253600E-2,6.4970310E-2,1.0728800E-3,2.4000000E-2,2.4000000E-2,1.9800000E-2
0.0000000E+0,-1.0000000E-7,-3.0000000E-7,1.8203500E-2,6.4970310E-2,1.2397800E-3,2.4000000E-2,2.4000000E-2,1.9800000E-2
0.0000000E+0,4.0000000E-7,9.0000000E-7,1.8159400E-2,6.4970310E-2,1.1682500E-3,2.4000000E-2,2.4000000E-2,1.9800000E-2
0.0000000E+0,-2.0000000E-7,-5.0000000E-7,1.8099300E-2,6.4970310E-2,1.3828300E-3,2.4000000E-2,2.4000000E-2,1.9800000E-2
0.0000000E+0,-4.0000000E-7,1.0000000E-6,1.8054300E-2,6.4970310E-2,1.5735600E-3,2.4000000E-2,2.4000000E-2,1.9800000E-2
0.0000000E+0,-1.0000000E-7,-0.0000000E+0,1.8007100E-2,6.4970310E-2,1.4305100E-3,2.4000000E-2,2.4000000E-2,1.9800000E-2
0.0000000E+0,-7.0000000E-7,1.0000000E-7,1.7961000E-2,6.4970310E-2,1.2159300E-3,2.4000000E-2,2.4000000E-2,1.9800000E-2
0.0000000E+0,2.0000000E-7,-5.0000000E-7,1.7911000E-2,6.4970310E-2,1.0967300E-3,2.4000000E-2,2.4000000E-2,1.9800000E-2
0.0000000E+0,-9.0000000E-7,-1.0000000E-7,1.7854900E-2,6.4970310E-2,1.2159300E-3,2.4000000E-2,2.4000000E-2,1.9800000E-2
0.0000000E+0,-2.0000000E-7,-1.0000000E-7,1.7803900E-2,6.4970310E-2,1.2159300E-3,2.4000000E-2,2.4000000E-2,1.9800000E-2
0.0000000E+0,-3.0000000E-7,-7.0000000E-7,1.7752700E-2,6.4970310E-2,1.1682500E-3,2.4000000E-2,2.4000000E-2,1.9800000E-2
0.0000000E+0,-5.0000000E-7,1.0000000E-7,1.7707700E-2,6.4970310E-2,1.2874600E-3,2.4000000E-2,2.4000000E-2,1.9800000E-2
0.0000000E+0,2.0000000E-7,-8.0000000E-7,1.7655400E-2,6.4970310E-2,1.1205700E-3,2.4000000E-2,2.4000000E-2,1.9800000E-2
0.0000000E+0,-5.0000000E-7,6.0000000E-7,1.7606700E-2,6.4970310E-2,8.8214900E-4,2.4000000E-2,2.4000000E-2,1.9800000E-2
0.0000000E+0,2.0000000E-7,-0.0000000E+0,1.7554200E-2,6.4970310E-2,7.6293900E-4,2.4000000E-2,2.4000000E-2,1.9800000E-2
0.0000000E+0,2.0000000E-7,-6.0000000E-7,1.7505900E-2,6.4970310E-2,1.3828300E-3,2.4000000E-2,2.4000000E-2,1.9800000E-2
0.0000000E+0,-2.0000000E-7,2.0000000E-7,1.7457800E-2,6.4970310E-2,8.5830700E-4,2.4000000E-2,2.4000000E-2,1.9800000E-2
0.0000000E+0,-9.0000000E-7,-1.0000000E-7,1.7409700E-2,6.4970310E-2,9.5367400E-4,2.4000000E-2,2.4000000E-2,1.9800000E-2
0.0000000E+0,0.0000000E+0,-4.0000000E-7,1.7353000E-2,6.4970310E-2,1.0967300E-3,2.4000000E-2,2.4000000E-2,1.9800000E-2
0.0000000E+0,-6.0000000E-7,3.0000000E-7,1.7309100E-2,6.4970310E-2,9.7751600E-4,2.4000000E-2,2.4000000E-2,1.9800000E-2
0.0000000E+0,-9.0000000E-7,1.0000000E-7,1.7252300E-2,6.4970310E-2,1.3828300E-3,2.4000000E-2,2.4000000E-2,1.9800000E-2
0.0000000E+0,-7.0000000E-7,-7.0000000E-7,1.7207300E-2,6.4970310E-2,1.3828300E-3,2.4000000E-2,2.4000000E-2,1.9800000E-2
0.0000000E+0,3.0000000E-7,-3.0000000E-7,1.7157700E-2,6.4970310E-2,1.1920900E-3,2.4000000E-2,2.4000000E-2,1.9800000E-2
0.0000000E+0,-4.0000000E-7,-5.0000000E-7,1.7109600E-2,6.4970310E-2,1.1682500E-3,2.4000000E-2,2.4000000E-2,1.9800000E-2
0.0000000E+0,-1.0000000E-7,1.0000000E-7,1.7050400E-2,6.4970310E-2,1.4782000E-3,2.4000000E-2,2.4000000E-2,1.9800000E-2
0.0000000E+0,1.0000000E-7,6.0000000E-7,1.7004600E-2,6.4970310E-2,1.2397800E-3,2.4000000E-2,2.4000000E-2,1.9800000E-2
0.0000000E+0,1.1000000E-6,3.0000000E-7,1.6956200E-2,6.4970310E-2,1.1920900E-3,2.4000000E-2,2.4000000E-2,1.9800000E-2
0.0000000E+0,-1.2000000E-6,3.0000000E-7,1.6906000E-2,6.4970310E-2,1.4066700E-3,2.4000000E-2,2.4000000E-2,1.9800000E-2
0.0000000E+0,-3.0000000E-7,2.0000000E-7,1.6861000E-2,6.4970310E-2,1.4543500E-3,2.4000000E-2,2.4000000E-2,1.9800000E-2
0.0000000E+0,3.0000000E-7,5.0000000E-7,1.6806000E-2,6.4970310E-2,1.0967300E-3,2.4000000E-2,2.4000000E-2,1.9800000E-2
0.0000000E+0,1.0000000E-6,2.0000000E-7,1.6751900E-2,6.4970310E-2,1.0967300E-3,2.4000000E-2,2.4000000E-2,1.9800000E-2
0.0000000E+0,2.0000000E-7,-2.0000000E-7,1.6710000E-2,6.4970310E-2,1.1444100E-3,2.4000000E-2,2.4000000E-2,1.9800000E-2
0.0000000E+0,-5.0000000E-7,-2.0000000E-7,1.6657100E-2,6.4970310E-2,1.2159300E-3,2.4000000E-2,2.4000000E-2,1.9800000E-2
0.0000000E+0,7.0000000E-7,-4.0000000E-7,1.6604300E-2,6.4970310E-2,1.5258800E-3,2.4000000E-2,2.4000000E-2,1.9800000E-2
0.0000000E+0,0.0000000E+0,2.0000000E-7,1.6559100E-2,6.4970310E-2,1.1444100E-3,2.4000000E-2,2.4000000E-2,1.9800000E-2
0.0000000E+0,4.0000000E-7,-9.0000000E-7,1.6510100E-2,6.4970310E-2,8.8214900E-4,2.4000000E-2,2.4000000E-2,1.9800000E-2
0.0000000E+0,1.0000000E-7,-2.0000000E-7,1.6456700E-2,6.4970310E-2,1.0013600E-3,2.4000000E-2,2.4000000E-2,1.9800000E-2
0.0000000E+0,1.0000000E-6,1.0000000E-7,1.6404700E-2,6.4970310E-2,1.0728800E-3,2.4000000E-2,2.4000000E-2,1.9800000E-2
0.0000000E+0,-1.0000000E-6,5.0000000E-7,1.6355900E-2,6.4970310E-2,1.4543500E-3,2.4000000E-2,2.4000000E-2,1.9800000E-2
0.0000000E+0,-6.0000000E-7,-1.0000000E-7,1.6306900E-2,6.4970310E-2,1.1205700E-3,2.4000000E-2,2.4000000E-2,1.9800000E-2
0.0000000E+0,1.3000000E-6,1.1000000E-6,1.6257700E-2,6.4970310E-2,1.4305100E-3,2.4000000E-2,2.4000000E-2,1.9800000E-2
0.0000000E+0,-1.1000000E-6,8.0000000E-7,1.6206800E-2,6.4970310E-2,1.0728800E-3,2.4000000E-2,2.4000000E-2,1.9800000E-2
0.0000000E+0,-3.0000000E-7,2.0000000E-7,1.6150300E-2,6.4970310E-2,8.3446500E-4,2.4000000E-2,2.4000000E-2,1.9800000E-2
0.0000000E+0,3.0000000E-7,-2.0000000E-7,1.6107900E-2,6.4970310E-2,1.2874600E-3,2.4000000E-2,2.4000000E-2,1.9800000E-2
0.0000000E+0,-1.0000000E-7,-2.0000000E-7,1.6057200E-2,6.4970310E-2,9.0599100E-4,2.4000000E-2,2.4000000E-2,1.9800000E-2
0.0000000E+0,9.0000000E-7,-4.0000000E-7,1.6002700E-2,6.4970310E-2,1.5020400E-3,2.4000000E-2,2.4000000E-2,1.9800000E-2
0.0000000E+0,1.0000000E-6,6.0000000E-7,1.5956300E-2,6.4970310E-2,1.4066700E-3,2.4000000E-2,2.4000000E-2,1.9800000E-2
0.0000000E+0,4.0000000E-7,-0.0000000E+0,1.5901400E-2,6.4970310E-2,1.5258800E-3,2.4000000E-2,2.4000000E-2,1.9800000E-2
0.0000000E+0,-4.0000000E-7,-5.0000000E-7,1.5855300E-2,6.4970310E-2,1.2874600E-3,2.4000000E-2,2.4000000E-2,1.9800000E-2
0.0000000E+0,-7.0000000E-7,-5.0000000E-7,1.5807000E-2,6.4970310E-2,1.1205700E-3,2.4000000E-2,2.4000000E-2,1.9800000E-2
0.0000000E+0,-1.0000000E-7,5.0000000E-7,1.5759100E-2,6.4970310E-2,1.3351400E-3,2.4000000E-2,2.4000000E-2,1.9800000E-2
0.0000000E+0,6.0000000E-7,5.0000000E-7,1.5703700E-2,6.4970310E-2,1.2397800E-3,2.4000000E-2,2.4000000E-2,1.9800000E-2
0.0000000E+0,-1.0000000E-7,3.0000000E-7,1.5656900E-2,6.4970310E-2,1.1444100E-3,2.4000000E-2,2.4000000E-2,1.9800000E-2
0.0000000E+0,-1.0000000E-6,5.0000000E-7,1.5610000E-2,6.4970310E-2,1.3589900E-3,2.4000000E-2,2.4000000E-2,1.9800000E-2
0.0000000E+0,5.0000000E-7,6.0000000E-7,1.5561200E-2,6.4970310E-2,1.2636200E-3,2.4000000E-2,2.4000000E-2,1.9800000E-2
0.0000000E+0,9.0000000E-7,5.0000000E-7,1.5506900E-2,6.4970310E-2,1.4543500E-3,2.4000000E-2,2.4000000E-2,1.9800000E-2
0.0000000E+0,-2.0000000E-7,2.0000000E-7,1.5455500E-2,6.4970310E-2,1.4543500E-3,2.4000000E-2,2.4000000E-2,1.9800000E-2
0.0000000E+0,4.0000000E-7,-1.0000000E-7,1.5409200E-2,6.4970310E-2,1.5974000E-3,2.4000000E-2,2.4000000E-2,1.9800000E-2
0.0000000E+0,4.0000000E-7,3.0000000E-7,1.5354700E-2,6.4970310E-2,1.3828300E-3,2.4000000E-2,2.4000000E-2,1.9800000E-2
0.0000000E+0,-1.3000000E-6,-0.0000000E+0,1.5301700E-2,6.4970310E-2,1.2159300E-3,2.4000000E-2,2.4000000E-2,1.9800000E-2
0.0000000E+0,-3.0000000E-7,-8.0000000E-7,1.5255200E-2,6.4970310E-2,1.2636200E-3,2.4000000E-2,2.4000000E-2,1.9800000E-2
0.0000000E+0,-1.0000000E-7,-1.1000000E-6,1.5204800E-2,6.4970310E-2,1.1205700E-3,2.4000000E-2,2.4000000E-2,1.9800000E-2
0.0000000E+0,7.0000000E-7,8.0000000E-7,1.5161400E-2,6.4970310E-2,1.6212500E-3,2.4000000E-2,2.4000000E-2,1.9800000E-2
0.0000000E+0,-2.0000000E-7,-3.0000000E-7,1.5103400E-2,6.4970310E-2,1.1205700E-3,2.4000000E-2,2.4000000E-2,1.9800000E-2
0.0000000E+0,2.0000000E-7,7.0000000E-7,1.5055000E-2,6.4970310E-2,1.2874600E-3,2.4000000E-2,2.4000000E-2,1.9800000E-2
0.0000000E+0,9.0000000E-7,5.0000000E-7,1.5003400E-2,6.4970310E-2,1.2874600E-3,2.4000000E-2,2.4000000E-2,1.9800000E-2
0.0000000E+0,1.0000000E-7,-1.0000000E-7,1.4951800E-2,6.4970310E-2,1.5974000E-3,2.4000000E-2,2.4000000E-2,1.9800000E-2
0.0000000E+0,7.0000000E-7,1.0000000E-7,1.4903400E-2,6.4970310E-2,1.3828300E-3,2.4000000E-2,2.4000000E-2,1.9800000E-2
0.0000000E+0,-3.0000000E-7,1.0000000E-6,1.4853600E-2,6.4970310E-2,1.3351400E-3,2.4000000E-2,2.4000000E-2,1.9800000E-2
0.0000000E+0,8.0000000E-7,1.0000000E-7,1.4807300E-2,6.4970310E-2,1.1444100E-3,2.4000000E-2,2.4000000E-2,1.9800000E-2
0.0000000E+0,-3.0000000E-7,1.0000000E-7,1.4750300E-2,6.4970310E-2,1.0728800E-3,2.4000000E-2,2.4000000E-2,1.9800000E-2
0.0000000E+0,1.6000000E-6,-1.0000000E-7,1.4702700E-2,6.4970310E-2,1.5020400E-3,2.4000000E-2,2.4000000E-2,1.9800000E-2
0.0000000E+0,-2.0000000E-7,-1.0000000E-7,1.4654400E-2,6.4970310E-2,9.7751600E-4,2.4000000E-2,2.4000000E-2,1.9800000E-2
0.0000000E+0,-2.0000000E-7,1.0000000E-7,1.4604700E-2,6.4970310E-2,1.0728800E-3,2.4000000E-2,2.4000000E-2,1.9800000E-2
0.0000000E+0,-6.0000000E-7,-6.0000000E-7,1.4552200E-2,6.4970310E-2,7.6293900E-4,2.4000000E-2,2.4000000E-2,1.9800000E-2
0.0000000E+0,7.0000000E-7,2.0000000E-7,1.4508100E-2,6.4970310E-2,9.0599100E-4,2.4000000E-2,2.4000000E-2,1.9800000E-2
0.0000000E+0,3.0000000E-7,-8.0000000E-7,1.4455400E-2,6.4970310E-2,1.1205700E-3,2.4000000E-2,2.4000000E-2,1.9800000E-2
0.0000000E+0,7.0000000E-7,-0.0000000E+0,1.4402400E-2,6.4970310E-2,1.1920900E-3,2.4000000E-2,2.4000000E-2,1.9800000E-2
0.0000000E+0,3.0000000E-7,-0.0000000E+0,1.4357000E-2,6.4970310E-2,1.3351400E-3,2.4000000E-2,2.4000000E-2,1.9800000E-2
0.0000000E+0,9.0000000E-7,-2.0000000E-7,1.4309800E-2,6.4970310E-2,1.5974000E-3,2.4000000E-2,2.4000000E-2,1.9800000E-2
0.0000000E+0,-5.0000000E-7,1.0000000E-7,1.4259400E-2,6.4970310E-2,1.4782000E-3,2.4000000E-2,2.4000000E-2,1.9800000E-2
0.0000000E+0,-3.0000000E-7,7.0000000E-7,1.4202300E-2,6.4970310E-2,1.1920900E-3,2.4000000E-2,2.4000000E-2,1.9800000E-2
0.0000000E+0,-1.0000000E-7,-1.0000000E-7,1.4154400E-2,6.4970310E-2,1.2874600E-3,2.4000000E-2,2.4000000E-2,1.9800000E-2
0.0000000E+0,-6.0000000E-7,-2.0000000E-7,1.4102500E-2,6.4970310E-2,1.1205700E-3,2.4000000E-2,2.4000000E-2,1.9800000E-2
0.0000000E+0,-7.0000000E-7,1.0000000E-7,1.4055800E-2,6.4970310E-2,1.5020400E-3,2.4000000E-2,2.4000000E-2,1.9800000E-2
0.0000000E+0,-1.0000000E-7,5.0000000E-7,1.4010100E-2,6.4970310E-2,1.1920900E-3,2.4000000E-2,2.4000000E-2,1.9800000E-2
0.0000000E+0,4.0000000E-7,5.0000000E-7,1.3953800E-2,6.4970310E-2,9.2983200E-4,2.4000000E-2,2.4000000E-2,1.9800000E-2
0.0000000E+0,3.0000000E-7,-2.0000000E-7,1.3904400E-2,6.4970310E-2,1.2397800E-3,2.4000000E-2,2.4000000E-2,1.9800000E-2
0.0000000E+0,-2.0000000E-7,-5.0000000E-7,1.3857500E-2,6.4970310E-2,1.0252000E-3,2.4000000E-2,2.4000000E-2,1.9800000E-2
0.0000000E+0,9.0000000E-7,-5.0000000E-7,1.3808000E-2,6.4970310E-2,1.3828300E-3,2.4000000E-2,2.4000000E-2,1.9800000E-2
0.0000000E+0,-7.0000000E-7,5.0000000E-7,1.3757000E-2,6.4970310E-2,1.2159300E-3,2.4000000E-2,2.4000000E-2,1.9800000E-2
0.0000000E+0,1.0000000E-7,-6.0000000E-7,1.3706800E-2,6.4970310E-2,1.2397800E-3,2.4000000E-2,2.4000000E-2,1.9800000E-2
0.0000000E+0,-3.0000000E-7,-4.0000000E-7,1.3657800E-2,6.4970310E-2,1.2397800E-3,2.4000000E-2,2.4000000E-2,1.9800000E-2
0.0000000E+0,-0.0000000E+0,9.0000000E-7,1.3607300E-2,6.4970310E-2,1.4782000E-3,2.4000000E-2,2.4000000E-2,1.9800000E-2
0.0000000E+0,3.0000000E-7,-6.0000000E-7,1.3556000E-2,6.4970310E-2,1.5735600E-3,2.4000000E-2,2.4000000E-2,1.9800000E-2
0.0000000E+0,7.0000000E-7,-1.0000000E-7,1.3505700E-2,6.4970310E-2,1.1682500E-3,2.4000000E-2,2.4000000E-2,1.9800000E-2
0.0000000E+0,2.0000000E-7,-2.0000000E-7,1.3456300E-2,6.4970310E-2,1.3351400E-3,2.4000000E-2,2.4000000E-2,1.9800000E-2
0.0000000E+0,-1.0000000E-7,2.0000000E-7,1.3408000E-2,6.4970310E-2,1.5258800E-3,2.4000000E-2,2.4000000E-2,1.9800000E-2
0.0000000E+0,-2.0000000E-7,-7.0000000E-7,1.3353700E-2,6.4970310E-2,1.3351400E-3,2.4000000E-2,2.4000000E-2,1.9800000E-2
0.0000000E+0,4.0000000E-7,3.0000000E-7,1.3305200E-2,6.4970310E-2,1.3351400E-3,2.4000000E-2,2.4000000E-2,1.9800000E-2
0.0000000E+0,-5.0000000E-7,-3.0000000E-7,1.3252900E-2,6.4970310E-2,1.3113000E-3,2.4000000E-2,2.4000000E-2,1.9800000E-2
0.0000000E+0,1.0000000E-7,8.0000000E-7,1.3205000E-2,6.4970310E-2,1.5258800E-3,2.4000000E-2,2.4000000E-2,1.9800000E-2
0.0000000E+0,-3.0000000E-7,4.0000000E-7,1.3158900E-2,6.4970310E-2,1.3113000E-3,2.4000000E-2,2.4000000E-2,1.9800000E-2
0.0000000E+0,-4.0000000E-7,-7.0000000E-7,1.3103700E-2,6.4970310E-2,1.5497200E-3,2.4000000E-2,2.4000000E-2,1.9800000E-2
0.0000000E+0,1.0000000E-7,-2.0000000E-7,1.3057000E-2,6.4970310E-2,1.3113000E-3,2.4000000E-2,2.4000000E-2,1.9800000E-2
0.0000000E+0,0.0000000E+0,1.0000000E-7,1.3002500E-2,6.4970310E-2,1.2159300E-3,2.4000000E-2,2.4000000E-2,1.9800000E-2
0.0000000E+0,1.0000000E-7,-1.3000000E-6,1.2953700E-2,6.4970310E-2,1.2874600E-3,2.4000000E-2,2.4000000E-2,1.9800000E-2
0.0000000E+0,3.0000000E-7,0.0000000E+0,1.2908000E-2,6.4970310E-2,1.5974000E-3,2.4000000E-2,2.4000000E-2,1.9800000E-2
0.0000000E+0,-2.0000000E-7,-1.0000000E-7,1.2855700E-2,6.4970310E-2,1.4782000E-3,2.4000000E-2,2.4000000E-2,1.9800000E-2
0.0000000E+0,-8.0000000E-7,-2.0000000E-7,1.2804300E-2,6.4970310E-2,1.2636200E-3,2.4000000E-2,2.4000000E-2,1.9800000E-2
0.0000000E+0,-9.0000000E-7,7.0000000E-7,1.2755400E-2,6.4970310E-2,1.0490400E-3,2.4000000E-2,2.4000000E-2,1.9800000E-2
0.0000000E+0,1.0000000E-7,-4.0000000E-7,1.2704200E-2,6.4970310E-2,1.2874600E-3,2.4000000E-2,2.4000000E-2,1.9800000E-2
0.0000000E+0,5.0000000E-7,2.0000000E-7,1.2656500E-2,6.4970310E-2,1.2874600E-3,2.4000000E-2,2.4000000E-2,1.9800000E-2
0.0000000E+0,5.0000000E-7,1.0000000E-7,1.2606700E-2,6.4970310E-2,1.2874600E-3,2.4000000E-2,2.4000000E-2,1.9800000E-2
0.0000000E+0,-5.0000000E-7,-2.0000000E-7,1.2554400E-2,6.4970310E-2,1.1682500E-3,2.4000000E-2,2.4000000E-2,1.9800000E-2
0.0000000E+0,-0.0000000E+0,-2.0000000E-7,1.2506700E-2,6.4970310E-2,7.8678100E-4,2.4000000E-2,2.4000000E-2,1.9800000E-2
0.0000000E+0,-7.0000000E-7,-5.0000000E-7,1.2458800E-2,6.4970310E-2,1.0252000E-3,2.4000000E-2,2.4000000E-2,1.9800000E-2
0.0000000E+0,0.0000000E+0,2.0000000E-7,1.2407600E-2,6.4970310E-2,1.0728800E-3,2.4000000E-2,2.4000000E-2,1.9800000E-2
0.0000000E+0,6.0000000E-7,-0.0000000E+0,1.2350900E-2,6.4970310E-2,1.1205700E-3,2.4000000E-2,2.4000000E-2,1.9800000E-2
0.0000000E+0,-5.0000000E-7,0.0000000E+0,1.2304600E-2,6.4970310E-2,1.4305100E-3,2.4000000E-2,2.4000000E-2,1.9800000E-2
0.0000000E+0,-8.0000000E-7,0.0000000E+0,1.2253400E-2,6.4970310E-2,1.2159300E-3,2.4000000E-2,2.4000000E-2,1.9800000E-2
0.0000000E+0,4.0000000E-7,-5.0000000E-7,1.2204600E-2,6.4970310E-2,1.1205700E-3,2.4000000E-2,2.4000000E-2,1.9800000E-2
0.0000000E+0,1.0000000E-7,6.0000000E-7,1.2156800E-2,6.4970310E-2,1.3828300E-3,2.4000000E-2,2.4000000E-2,1.9800000E-2
0.0000000E+0,-3.0000000E-7,-0.0000000E+0,1.2112200E-2,6.4970310E-2,1.5974000E-3,2.4000000E-2,2.4000000E-2,1.9800000E-2
0.0000000E+0,-7.0000000E-7,-1.0000000E-7,1.2058400E-2,6.4970310E-2,1.0728800E-3,2.4000000E-2,2.4000000E-2,1.9800000E-2
0.0000000E+0,5.0000000E-7,-4.0000000E-7,1.2009900E-2,6.4970310E-2,9.7751600E-4,2.4000000E-2,2.4000000E-2,1.9800000E-2
0.0000000E+0,-1.0000000E-7,1.0000000E-7,1.1957800E-2,6.4970310E-2,1.1682500E-3,2.4000000E-2,2.4000000E-2,1.9800000E-2
0.0000000E+0,-3.0000000E-7,-8.0000000E-7,1.1909500E-2,6.4970310E-2,9.5367400E-4,2.4000000E-2,2.4000000E-2,1.9800000E-2
0.0000000E+0,-1.0000000E-7,-3.0000000E-7,1.1855800E-2,6.4970310E-2,1.0728800E-3,2.4000000E-2,2.4000000E-2,1.9800000E-2
0.0000000E+0,2.0000000E-7,-3.0000000E-7,1.1808800E-2,6.4970310E-2,1.0967300E-3,2.4000000E-2,2.4000000E-2,1.9800000E-2
0.0000000E+0,-6.0000000E-7,-0.0000000E+0,1.1758500E-2,6.4970310E-2,8.5830700E-4,2.4000000E-2,2.4000000E-2,1.9800000E-2
0.0000000E+0,4.0000000E-7,-5.0000000E-7,1.1703600E-2,6.4970310E-2,9.7751600E-4,2.4000000E-2,2.4000000E-2,1.9800000E-2
0.0000000E+0,-1.0000000E-7,6.0000000E-7,1.1654400E-2,6.4970310E-2,1.0728800E-3,2.4000000E-2,2.4000000E-2,1.9800000E-2
0.0000000E+0,-2.0000000E-7,-2.0000000E-7,1.1604500E-2,6.4970310E-2,1.2636200E-3,2.4000000E-2,2.4000000E-2,1.9800000E-2
0.0000000E+0,1.0000000E-6,8.0000000E-7,1.1555100E-2,6.4970310E-2,1.0252000E-3,2.4000000E-2,2.4000000E-2,1.9800000E-2
0.0000000E+0,8.0000000E-7,-2.0000000E-7,1.1506400E-2,6.4970310E-2,1.0967300E-3,2.4000000E-2,2.4000000E-2,1.9800000E-2
0.0000000E+0,-4.0000000E-7,3.0000000E-7,1.1458000E-2,6.4970310E-2,1.2397800E-3,2.4000000E-2,2.4000000E-2,1.9800000E-2
0.0000000E+0,1.5000000E-6,2.0000000E-7,1.1406800E-2,6.4970310E-2,1.0967300E-3,2.4000000E-2,2.4000000E-2,1.9800000E-2
0.0000000E+0,3.0000000E-7,-1.0000000E-7,1.1351900E-2,6.4970310E-2,1.1682500E-3,2.4000000E-2,2.4000000E-2,1.9800000E-2
0.0000000E+0,1.0000000E-7,-2.0000000E-7,1.1307600E-2,6.4970310E-2,9.0599100E-4,2.4000000E-2,2.4000000E-2,1.9800000E-2
0.0000000E+0,-6.0000000E-7,-0.0000000E+0,1.1256800E-2,6.4970310E-2,9.2983200E-4,2.4000000E-2,2.4000000E-2,1.9800000E-2
0.0000000E+0,-3.0000000E-7,6.0000000E-7,1.1207800E-2,6.4970310E-2,9.7751600E-4,2.4000000E-2,2.4000000E-2,1.9800000E-2
0.0000000E+0,1.0000000E-7,-1.0000000E-7,1.1154000E-2,6.4970310E-2,9.7751600E-4,2.4000000E-2,2.4000000E-2,1.9800000E-2
0.0000000E+0,-1.3000000E-6,4.0000000E-7,1.1107200E-2,6.4970310E-2,1.2397800E-3,2.4000000E-2,2.4000000E-2,1.9800000E-2
0.0000000E+0,5.0000000E-7,-6.0000000E-7,1.1052300E-2,6.4970310E-2,9.2983200E-4,2.4000000E-2,2.4000000E-2,1.9800000E-2
0.0000000E+0,-2.0000000E-7,-3.0000000E-7,1.1002400E-2,6.4970310E-2,1.0252000E-3,2.4000000E-2,2.4000000E-2,1.9800000E-2
0.0000000E+0,4.0000000E-7,1.0000000E-7,1.0953200E-2,6.4970310E-2,9.7751600E-4,2.4000000E-2,2.4000000E-2,1.9800000E-2
0.0000000E+0,-1.0000000E-7,5.0000000E-7,1.0903300E-2,6.4970310E-2,1.1920900E-3,2.4000000E-2,2.4000000E-2,1.9800000E-2
0.0000000E+0,-3.0000000E-7,3.0000000E-7,1.0853700E-2,6.4970310E-2,1.2636200E-3,2.4000000E-2,2.4000000E-2,1.9800000E-2
0.0000000E+0,-2.0000000E-7,-1.0000000E-7,1.0803800E-2,6.4970310E-2,1.4543500E-3,2.4000000E-2,2.4000000E-2,1.9800000E-2
0.0000000E+0,-3.0000000E-7,-0.0000000E+0,1.0756400E-2,6.4970310E-2,1.2636200E-3,2.4000000E-2,2.4000000E-2,1.9800000E-2
0.0000000E+0,0.0000000E+0,5.0000000E-7,1.0705000E-2,6.4970310E-2,8.8214900E-4,2.4000000E-2,2.4000000E-2,1.9800000E-2
0.0000000E+0,3.0000000E-7,-8.0000000E-7,1.0651100E-2,6.4970310E-2,1.0728800E-3,2.4000000E-2,2.4000000E-2,1.9800000E-2
0.0000000E+0,4.0000000E-7,8.0000000E-7,1.0607900E-2,6.4970310E-2,1.5020400E-3,2.4000000E-2,2.4000000E-2,1.9800000E-2
0.0000000E+0,7.0000000E-7,-4.0000000E-7,1.0553900E-2,6.4970310E-2,1.1444100E-3,2.4000000E-2,2.4000000E-2,1.9800000E-2
0.0000000E+0,7.0000000E-7,-1.0000000E-7,1.0501100E-2,6.4970310E-2,9.2983200E-4,2.4000000E-2,2.4000000E-2,1.9800000E-2
0.0000000E+0,1.0000000E-7,1.0000000E-6,1.0452800E-2,6.4970310E-2,6.9141400E-4,2.4000000E-2,2.4000000E-2,1.9800000E-2
0.0000000E+0,-2.0000000E-7,4.0000000E-7,1.0404700E-2,6.4970310E-2,1.0967300E-3,2.4000000E-2,2.4000000E-2,1.9800000E-2
0.0000000E+0,2.0000000E-7,-2.0000000E-7,1.0359500E-2,6.4970310E-2,1.2159300E-3,2.4000000E-2,2.4000000E-2,1.9800000E-2
0.0000000E+0,-3.0000000E-7,-4.0000000E-7,1.0303900E-2,6.4970310E-2,1.5258800E-3,2.4000000E-2,2.4000000E-2,1.9800000E-2
0.0000000E+0,-3.0000000E-7,3.0000000E-7,1.0258900E-2,6.4970310E-2,1.2397800E-3,2.4000000E-2,2.4000000E-2,1.9800000E-2
0.0000000E+0,8.0000000E-7,-7.0000000E-7,1.0199700E-2,6.4970310E-2,1.0967300E-3,2.4000000E-2,2.4000000E-2,1.9800000E-2
0.0000000E+0,2.0000000E-7,1.0000000E-7,1.0154300E-2,6.4970310E-2,9.0599100E-4,2.4000000E-2,2.4000000E-2,1.9800000E-2
0.0000000E+0,6.0000000E-7,6.0000000E-7,1.0099500E-2,6.4970310E-2,1.4066700E-3,2.4000000E-2,2.4000000E-2,1.9800000E-2
0.0000000E+0,-5.0000000E-7,4.0000000E-7,1.0056600E-2,6.4970310E-2,1.4066700E-3,2.4000000E-2,2.4000000E-2,1.9800000E-2
0.0000000E+0,5.0000000E-7,2.0000000E-7,1.0007800E-2,6.4970310E-2,1.0252000E-3,2.4000000E-2,2.4000000E-2,1.9800000E-2
0.0000000E+0,-1.0000000E-6,5.0000000E-7,9.9546000E-3,6.4970310E-2,1.0967300E-3,2.4000000E-2,2.4000000E-2,1.9800000E-2
0.0000000E+0,9.0000000E-7,5.0000000E-7,9.9034000E-3,6.4970310E-2,9.2983200E-4,2.4000000E-2,2.4000000E-2,1.9800000E-2
0.0000000E+0,-6.0000000E-7,4.0000000E-7,9.8536000E-3,6.4970310E-2,1.6450900E-3,2.4000000E-2,2.4000000E-2,1.9800000E-2
0.0000000E+0,-3.0000000E-7,5.0000000E-7,9.8112000E-3,6.4970310E-2,1.2636200E-3,2.4000000E-2,2.4000000E-2,1.9800000E-2
0.0000000E+0,0.0000000E+0,-1.0000000E-7,9.7576000E-3,6.4970310E-2,1.5020400E-3,2.4000000E-2,2.4000000E-2,1.9800000E-2
0.0000000E+0,1.0000000E-7,2.0000000E-7,9.7049000E-3,6.4970310E-2,1.3828300E-3,2.4000000E-2,2.4000000E-2,1.9800000E-2
0.0000000E+0,1.0000000E-7,-3.0000000E-7,9.6619000E-3,6.4970310E-2,1.4543500E-3,2.4000000E-2,2.4000000E-2,1.9800000E-2
0.0000000E+0,4.0000000E-7,4.0000000E-7,9.6073000E-3,6.4970310E-2,1.1920900E-3,2.4000000E-2,2.4000000E-2,1.9800000E-2
0.0000000E+0,4.0000000E-7,-1.0000000E-7,9.5591000E-3,6.4970310E-2,8.3446500E-4,2.4000000E-2,2.4000000E-2,1.9800000E-2
0.0000000E+0,5.0000000E-7,2.0000000E-7,9.5025000E-3,6.4970310E-2,1.3113000E-3,2.4000000E-2,2.4000000E-2,1.9800000E-2
0.0000000E+0,-2.0000000E-7,5.0000000E-7,9.4564000E-3,6.4970310E-2,6.9141400E-4,2.4000000E-2,2.4000000E-2,1.9800000E-2
0.0000000E+0,-1.0000000E-7,-3.0000000E-7,9.4050000E-3,6.4970310E-2,1.0967300E-3,2.4000000E-2,2.4000000E-2,1.9800000E-2
0.0000000E+0,-5.0000000E-7,1.0000000E-7,9.3536000E-3,6.4970310E-2,7.1525600E-4,2.4000000E-2,2.4000000E-2,1.9800000E-2
0.0000000E+0,-1.0000000E-7,4.0000000E-7,9.3060000E-3,6.4970310E-2,3.0994400E-4,2.4000000E-2,2.4000000E-2,1.9800000E-2
0.0000000E+0,-1.0000000E-7,6.0000000E-7,9.2565000E-3,6.4970310E-2,8.3446500E-4,2.4000000E-2,2.4000000E-2,1.9800000E-2
0.0000000E+0,6.0000000E-7,3.0000000E-7,9.2007000E-3,6.4970310E-2,7.1525600E-4,2.4000000E-2,2.4000000E-2,1.9800000E-2
0.0000000E+0,-0.0000000E+0,-3.0000000E-7,9.1572000E-3,6.4970310E-2,7.8678100E-4,2.4000000E-2,2.4000000E-2,1.9800000E-2
0.0000000E+0,-3.0000000E-7,6.0000000E-7,9.1058000E-3,6.4970310E-2,8.8214900E-4,2.4000000E-2,2.4000000E-2,1.9800000E-2
0.0000000E+0,-4.0000000E-7,2.0000000E-7,9.0586000E-3,6.4970310E-2,8.1062300E-4,2.4000000E-2,2.4000000E-2,1.9800000E-2
0.0000000E+0,-4.0000000E-7,3.0000000E-7,9.0063000E-3,6.4970310E-2,9.0599100E-4,2.4000000E-2,2.4000000E-2,1.9800000E-2
0.0000000E+0,2.0000000E-7,5.0000000E-7,8.9551000E-3,6.4970310E-2,6.1988800E-4,2.4000000E-2,2.4000000E-2,1.9800000E-2
0.0000000E+0,-4.0000000E-7,-1.0000000E-7,8.9057000E-3,6.4970310E-2,5.7220500E-4,2.4000000E-2,2.4000000E-2,1.9800000E-2
0.0000000E+0,-1.0000000E-7,-3.0000000E-7,8.8565000E-3,6.4970310E-2,7.1525600E-4,2.4000000E-2,2.4000000E-2,1.9800000E-2
0.0000000E+0,3.0000000E-7,-4.0000000E-7,8.8104000E-3,6.4970310E-2,8.8214900E-4,2.4000000E-2,2.4000000E-2,1.9800000E-2
0.0000000E+0,9.0000000E-7,-1.0000000E-7,8.7614000E-3,6.4970310E-2,5.0067900E-4,2.4000000E-2,2.4000000E-2,1.9800000E-2
0.0000000E+0,-7.0000000E-7,1.0000000E-7,8.7047000E-3,6.4970310E-2,5.2452100E-4,2.4000000E-2,2.4000000E-2,1.9800000E-2
0.0000000E+0,-4.0000000E-7,-1.0000000E-7,8.6573000E-3,6.4970310E-2,8.5830700E-4,2.4000000E-2,2.4000000E-2,1.9800000E-2
0.0000000E+0,1.0000000E-7,2.0000000E-7,8.6059000E-3,6.4970310E-2,8.3446500E-4,2.4000000E-2,2.4000000E-2,1.9800000E-2
0.0000000E+0,-7.0000000E-7,-3.0000000E-7,8.5558000E-3,6.4970310E-2,7.8678100E-4,2.4000000E-2,2.4000000E-2,1.9800000E-2
0.0000000E+0,-0.0000000E+0,-2.0000000E-7,8.5050000E-3,6.4970310E-2,5.4836300E-4,2.4000000E-2,2.4000000E-2,1.9800000E-2
0.0000000E+0,7.0000000E-7,-2.0000000E-7,8.4563000E-3,6.4970310E-2,6.1988800E-4,2.4000000E-2,2.4000000E-2,1.9800000E-2
0.0000000E+0,-8.0000000E-7,8.0000000E-7,8.4060000E-3,6.4970310E-2,6.1988800E-4,2.4000000E-2,2.4000000E-2,1.9800000E-2
0.0000000E+0,5.0000000E-7,-2.0000000E-7,8.3539000E-3,6.4970310E-2,9.5367400E-4,2.4000000E-2,2.4000000E-2,1.9800000E-2
0.0000000E+0,-0.0000000E+0,-1.0000000E-7,8.3063000E-3,6.4970310E-2,9.5367400E-4,2.4000000E-2,2.4000000E-2,1.9800000E-2
0.0000000E+0,1.4000000E-6,1.0000000E-6,8.2568000E-3,6.4970310E-2,1.0252000E-3,2.4000000E-2,2.4000000E-2,1.9800000E-2
0.0000000E+0,6.0000000E-7,3.0000000E-7,8.2079000E-3,6.4970310E-2,1.0967300E-3,2.4000000E-2,2.4000000E-2,1.9800000E-2
0.0000000E+0,-3.0000000E-7,4.0000000E-7,8.1489000E-3,6.4970310E-2,9.0599100E-4,2.4000000E-2,2.4000000E-2,1.9800000E-2
0.0000000E+0,5.0000000E-7,-0.0000000E+0,8.1084000E-3,6.4970310E-2,9.0599100E-4,2.4000000E-2,2.4000000E-2,1.9800000E-2
0.0000000E+0,5.0000000E-7,0.0000000E+0,8.0518000E-3,6.4970310E-2,1.2159300E-3,2.4000000E-2,2.4000000E-2,1.9800000E-2
0.0000000E+0,0.0000000E+0,2.0000000E-7,8.0109000E-3,6.4970310E-2,1.0013600E-3,2.4000000E-2,2.4000000E-2,1.9800000E-2
0.0000000E+0,-7.0000000E-7,-3.0000000E-7,7.9548000E-3,6.4970310E-2,9.2983200E-4,2.4000000E-2,2.4000000E-2,1.9800000E-2
0.0000000E+0,1.1000000E-6,-5.0000000E-7,7.9069000E-3,6.4970310E-2,6.9141400E-4,2.4000000E-2,2.4000000E-2,1.9800000E-2
0.0000000E+0,-6.0000000E-7,1.0000000E-7,7.8564000E-3,6.4970310E-2,7.3909800E-4,2.4000000E-2,2.4000000E-2,1.9800000E-2
0.0000000E+0,-7.0000000E-7,1.0000000E-7,7.8057000E-3,6.4970310E-2,1.0013600E-3,2.4000000E-2,2.4000000E-2,1.9800000E-2
0.0000000E+0,-3.0000000E-7,-2.0000000E-7,7.7509000E-3,6.4970310E-2,1.2874600E-3,2.4000000E-2,2.4000000E-2,1.9800000E-2
0.0000000E+0,-2.0000000E-7,3.0000000E-7,7.7050000E-3,6.4970310E-2,1.1920900E-3,2.4000000E-2,2.4000000E-2,1.9800000E-2
0.0000000E+0,7.0000000E-7,7.0000000E-7,7.6560000E-3,6.4970310E-2,1.0490400E-3,2.4000000E-2,2.4000000E-2,1.9800000E-2
0.0000000E+0,7.0000000E-7,-6.0000000E-7,7.6051000E-3,6.4970310E-2,8.5830700E-4,2.4000000E-2,2.4000000E-2,1.9800000E-2
0.0000000E+0,6.0000000E-7,5.0000000E-7,7.5601000E-3,6.4970310E-2,9.0599100E-4,2.4000000E-2,2.4000000E-2,1.9800000E-2
0.0000000E+0,-1.0000000E-7,-1.0000000E-7,7.5053000E-3,6.4970310E-2,9.2983200E-4,2.4000000E-2,2.4000000E-2,1.9800000E-2
0.0000000E+0,-1.0000000E-7,6.0000000E-7,7.4530000E-3,6.4970310E-2,9.2983200E-4,2.4000000E-2,2.4000000E-2,1.9800000E-2
0.0000000E+0,-3.0000000E-7,-3.0000000E-7,7.4017000E-3,6.4970310E-2,7.8678100E-4,2.4000000E-2,2.4000000E-2,1.9800000E-2
0.0000000E+0,2.0000000E-7,2.0000000E-7,7.3560000E-3,6.4970310E-2,8.8214900E-4,2.4000000E-2,2.4000000E-2,1.9800000E-2
0.0000000E+0,2.0000000E-7,2.0000000E-7,7.3105000E-3,6.4970310E-2,1.1682500E-3,2.4000000E-2,2.4000000E-2,1.9800000E-2
0.0000000E+0,7.0000000E-7,-4.0000000E-7,7.2574000E-3,6.4970310E-2,1.1205700E-3,2.4000000E-2,2.4000000E-2,1.9800000E-2
0.0000000E+0,4.0000000E-7,2.0000000E-7,7.2055000E-3,6.4970310E-2,9.2983200E-4,2.4000000E-2,2.4000000E-2,1.9800000E-2
0.0000000E+0,4.0000000E-7,-4.0000000E-7,7.1523000E-3,6.4970310E-2,1.0252000E-3,2.4000000E-2,2.4000000E-2,1.9800000E-2
0.0000000E+0,4.0000000E-7,4.0000000E-7,7.1082000E-3,6.4970310E-2,8.8214900E-4,2.4000000E-2,2.4000000E-2,1.9800000E-2
0.0000000E+0,0.0000000E+0,2.0000000E-7,7.0573000E-3,6.4970310E-2,1.1920900E-3,2.4000000E-2,2.4000000E-2,1.9800000E-2
0.0000000E+0,5.0000000E-7,-0.0000000E+0,7.0007000E-3,6.4970310E-2,1.1682500E-3,2.4000000E-2,2.4000000E-2,1.9800000E-2
0.0000000E+0,-3.0000000E-7,4.0000000E-7,6.9622000E-3,6.4970310E-2,1.0252000E-3,2.4000000E-2,2.4000000E-2,1.9800000E-2
0.0000000E+0,-1.0000000E-7,-2.0000000E-7,6.9070000E-3,6.4970310E-2,8.3446500E-4,2.4000000E-2,2.4000000E-2,1.9800000E-2
0.0000000E+0,-6.0000000E-7,3.0000000E-7,6.8511000E-3,6.4970310E-2,9.2983200E-4,2.4000000E-2,2.4000000E-2,1.9800000E-2
0.0000000E+0,1.0000000E-7,-1.0000000E-7,6.8044000E-3,6.4970310E-2,7.8678100E-4,2.4000000E-2,2.4000000E-2,1.9800000E-2
0.0000000E+0,6.0000000E-7,3.0000000E-7,6.7530000E-3,6.4970310E-2,7.1525600E-4,2.4000000E-2,2.4000000E-2,1.9800000E-2
0.0000000E+0,-1.0000000E-7,-4.0000000E-7,6.7113000E-3,6.4970310E-2,1.0013600E-3,2.4000000E-2,2.4000000E-2,1.9800000E-2
0.0000000E+0,2.0000000E-7,-5.0000000E-7,6.6597000E-3,6.4970310E-2,9.7751600E-4,2.4000000E-2,2.4000000E-2,1.9800000E-2
0.0000000E+0,4.0000000E-7,5.0000000E-7,6.6027000E-3,6.4970310E-2,8.5830700E-4,2.4000000E-2,2.4000000E-2,1.9800000E-2
0.0000000E+0,9.0000000E-7,-3.0000000E-7,6.5511000E-3,6.4970310E-2,8.5830700E-4,2.4000000E-2,2.4000000E-2,1.9800000E-2
0.0000000E+0,2.0000000E-7,5.0000000E-7,6.5081000E-3,6.4970310E-2,5.9604600E-4,2.4000000E-2,2.4000000E-2,1.9800000E-2
0.0000000E+0,-2.0000000E-7,-2.0000000E-7,6.4580000E-3,6.4970310E-2,1.0252000E-3,2.4000000E-2,2.4000000E-2,1.9800000E-2
0.0000000E+0,-3.0000000E-7,-5.0000000E-7,6.4024000E-3,6.4970310E-2,9.5367400E-4,2.4000000E-2,2.4000000E-2,1.9800000E-2
0.0000000E+0,0.0000000E+0,4.0000000E-7,6.3612000E-3,6.4970310E-2,9.0599100E-4,2.4000000E-2,2.4000000E-2,1.9800000E-2
0.0000000E+0,6.0000000E-7,-0.0000000E+0,6.3071000E-3,6.4970310E-2,1.1205700E-3,2.4000000E-2,2.4000000E-2,1.9800000E-2
0.0000000E+0,5.0000000E-7,-4.0000000E-7,6.2584000E-3,6.4970310E-2,1.0013600E-3,2.4000000E-2,2.4000000E-2,1.9800000E-2
0.0000000E+0,-5.0000000E-7,5.0000000E-7,6.2043000E-3,6.4970310E-2,1.1682500E-3,2.4000000E-2,2.4000000E-2,1.9800000E-2
0.0000000E+0,5.0000000E-7,3.0000000E-7,6.1533000E-3,6.4970310E-2,9.2983200E-4,2.4000000E-2,2.4000000E-2,1.9800000E-2
0.0000000E+0,-1.3000000E-6,5.0000000E-7,6.1043000E-3,6.4970310E-2,9.0599100E-4,2.4000000E-2,2.4000000E-2,1.9800000E-2
0.0000000E+0,-3.0000000E-7,6.0000000E-7,6.0562000E-3,6.4970310E-2,4.2915300E-4,2.4000000E-2,2.4000000E-2,1.9800000E-2
0.0000000E+0,5.0000000E-7,3.0000000E-7,6.0055000E-3,6.4970310E-2,8.5830700E-4,2.4000000E-2,2.4000000E-2,1.9800000E-2
0.0000000E+0,2.0000000E-7,-6.0000000E-7,5.9523000E-3,6.4970310E-2,7.8678100E-4,2.4000000E-2,2.4000000E-2,1.9800000E-2
0.0000000E+0,-3.0000000E-7,-5.0000000E-7,5.9057000E-3,6.4970310E-2,7.3909800E-4,2.4000000E-2,2.4000000E-2,1.9800000E-2
0.0000000E+0,3.0000000E-7,5.0000000E-7,5.8541000E-3,6.4970310E-2,7.8678100E-4,2.4000000E-2,2.4000000E-2,1.9800000E-2
0.0000000E+0,-4.0000000E-7,-1.0000000E-7,5.8003000E-3,6.4970310E-2,8.5830700E-4,2.4000000E-2,2.4000000E-2,1.9800000E-2
0.0000000E+0,6.0000000E-7,6.0000000E-7,5.7604000E-3,6.4970310E-2,7.8678100E-4,2.4000000E-2,2.4000000E-2,1.9800000E-2
0.0000000E+0,3.0000000E-7,-0.0000000E+0,5.7067000E-3,6.4970310E-2,1.2159300E-3,2.4000000E-2,2.4000000E-2,1.9800000E-2
0.0000000E+0,9.0000000E-7,1.0000000E-7,5.6540000E-3,6.4970310E-2,1.0013600E-3,2.4000000E-2,2.4000000E-2,1.9800000E-2
0.0000000E+0,1.0000000E-7,-1.0000000E-7,5.6075000E-3,6.4970310E-2,5.7220500E-4,2.4000000E-2,2.4000000E-2,1.9800000E-2
0.0000000E+0,6.0000000E-7,-1.0000000E-7,5.5545000E-3,6.4970310E-2,1.1205700E-3,2.4000000E-2,2.4000000E-2,1.9800000E-2
0.0000000E+0,-7.0000000E-7,7.0000000E-7,5.5024000E-3,6.4970310E-2,6.9141400E-4,2.4000000E-2,2.4000000E-2,1.9800000E-2
0.0000000E+0,1.0000000E-7,4.0000000E-7,5.4603000E-3,6.4970310E-2,8.5830700E-4,2.4000000E-2,2.4000000E-2,1.9800000E-2
0.0000000E+0,0.0000000E+0,1.0000000E-6,5.4047000E-3,6.4970310E-2,1.1444100E-3,2.4000000E-2,2.4000000E-2,1.9800000E-2
0.0000000E+0,2.0000000E-7,3.0000000E-7,5.3477000E-3,6.4970310E-2,8.3446500E-4,2.4000000E-2,2.4000000E-2,1.9800000E-2
0.0000000E+0,1.0000000E-7,-3.0000000E-7,5.3061000E-3,6.4970310E-2,7.3909800E-4,2.4000000E-2,2.4000000E-2,1.9800000E-2
0.0000000E+0,9.0000000E-7,-4.0000000E-7,5.2560000E-3,6.4970310E-2,8.3446500E-4,2.4000000E-2,2.4000000E-2,1.9800000E-2
0.0000000E+0,8.0000000E-7,2.0000000E-7,5.2083000E-3,6.4970310E-2,1.1920900E-3,2.4000000E-2,2.4000000E-2,1.9800000E-2
0.0000000E+0,5.0000000E-7,-3.0000000E-7,5.1556000E-3,6.4970310E-2,1.0728800E-3,2.4000000E-2,2.4000000E-2,1.9800000E-2
0.0000000E+0,-5.0000000E-7,6.0000000E-7,5.1066000E-3,6.4970310E-2,9.2983200E-4,2.4000000E-2,2.4000000E-2,1.9800000E-2
0.0000000E+0,1.0000000E-7,3.0000000E-7,5.0497000E-3,6.4970310E-2,1.1920900E-3,2.4000000E-2,2.4000000E-2,1.9800000E-2
0.0000000E+0,-4.0000000E-7,-2.0000000E-7,5.0054000E-3,6.4970310E-2,8.5830700E-4,2.4000000E-2,2.4000000E-2,1.9800000E-2
0.0000000E+0,8.0000000E-7,2.0000000E-7,4.9548000E-3,6.4970310E-2,6.6757200E-4,2.4000000E-2,2.4000000E-2,1.9800000E-2
0.0000000E+0,-9.0000000E-7,-5.0000000E-7,4.9021000E-3,6.4970310E-2,1.0967300E-3,2.4000000E-2,2.4000000E-2,1.9800000E-2
0.0000000E+0,4.0000000E-7,-0.0000000E+0,4.8577000E-3,6.4970310E-2,1.5258800E-3,2.4000000E-2,2.4000000E-2,1.9800000E-2
0.0000000E+0,5.0000000E-7,-2.0000000E-7,4.8094000E-3,6.4970310E-2,1.0728800E-3,2.4000000E-2,2.4000000E-2,1.9800000E-2
0.0000000E+0,4.0000000E-7,4.0000000E-7,4.7580000E-3,6.4970310E-2,1.1920900E-3,2.4000000E-2,2.4000000E-2,1.9800000E-2
0.0000000E+0,-6.0000000E-7,2.0000000E-7,4.7090000E-3,6.4970310E-2,1.1205700E-3,2.4000000E-2,2.4000000E-2,1.9800000E-2
0.0000000E+0,4.0000000E-7,-2.0000000E-7,4.6530000E-3,6.4970310E-2,1.0728800E-3,2.4000000E-2,2.4000000E-2,1.9800000E-2
0.0000000E+0,-1.0000000E-6,-3.0000000E-7,4.6016000E-3,6.4970310E-2,1.4543500E-3,2.4000000E-2,2.4000000E-2,1.9800000E-2
0.0000000E+0,-1.0000000E-7,-6.0000000E-7,4.5575000E-3,6.4970310E-2,1.1920900E-3,2.4000000E-2,2.4000000E-2,1.9800000E-2
0.0000000E+0,6.0000000E-7,-3.0000000E-7,4.5060000E-3,6.4970310E-2,1.1682500E-3,2.4000000E-2,2.4000000E-2,1.9800000E-2
0.0000000E+0,-5.0000000E-7,-5.0000000E-7,4.4584000E-3,6.4970310E-2,1.2636200E-3,2.4000000E-2,2.4000000E-2,1.9800000E-2
0.0000000E+0,6.0000000E-7,5.0000000E-7,4.4052000E-3,6.4970310E-2,1.0252000E-3,2.4000000E-2,2.4000000E-2,1.9800000E-2
0.0000000E+0,-8.0000000E-7,3.0000000E-7,4.3538000E-3,6.4970310E-2,1.3351400E-3,2.4000000E-2,2.4000000E-2,1.9800000E-2
0.0000000E+0,-7.0000000E-7,3.0000000E-7,4.3099000E-3,6.4970310E-2,1.0728800E-3,2.4000000E-2,2.4000000E-2,1.9800000E-2
0.0000000E+0,1.0000000E-6,-0.0000000E+0,4.2587000E-3,6.4970310E-2,1.1205700E-3,2.4000000E-2,2.4000000E-2,1.9800000E-2
0.0000000E+0,-2.0000000E-7,-3.0000000E-7,4.2064000E-3,6.4970310E-2,8.8214900E-4,2.4000000E-2,2.4000000E-2,1.9800000E-2
0.0000000E+0,1.0000000E-7,1.0000000E-7,4.1601000E-3,6.4970310E-2,9.2983200E-4,2.4000000E-2,2.4000000E-2,1.9800000E-2
0.0000000E+0,-7.0000000E-7,4.0000000E-7,4.1065000E-3,6.4970310E-2,1.3589900E-3,2.4000000E-2,2.4000000E-2,1.9800000E-2
0.0000000E+0,-6.0000000E-7,3.0000000E-7,4.0502000E-3,6.4970310E-2,1.2159300E-3,2.4000000E-2,2.4000000E-2,1.9800000E-2
0.0000000E+0,3.0000000E-7,-6.0000000E-7,4.0132000E-3,6.4970310E-2,1.3113000E-3,2.4000000E-2,2.4000000E-2,1.9800000E-2
0.0000000E+0,-2.0000000E-7,-1.0000000E-7,3.9576000E-3,6.4970310E-2,1.0490400E-3,2.4000000E-2,2.4000000E-2,1.9800000E-2
0.0000000E+0,4.0000000E-7,-2.0000000E-7,3.9048000E-3,6.4970310E-2,1.2397800E-3,2.4000000E-2,2.4000000E-2,1.9800000E-2
0.0000000E+0,0.0000000E+0,7.0000000E-7,3.8565000E-3,6.4970310E-2,1.0252000E-3,2.4000000E-2,2.4000000E-2,1.9800000E-2
0.0000000E+0,3.0000000E-7,3.0000000E-7,3.8044000E-3,6.4970310E-2,1.4066700E-3,2.4000000E-2,2.4000000E-2,1.9800000E-2
0.0000000E+0,-4.0000000E-7,1.0000000E-7,3.7610000E-3,6.4970310E-2,1.4305100E-3,2.4000000E-2,2.4000000E-2,1.9800000E-2
0.0000000E+0,-0.0000000E+0,0.0000000E+0,3.7040000E-3,6.4970310E-2,1.2636200E-3,2.4000000E-2,2.4000000E-2,1.9800000E-2
0.0000000E+0,0.0000000E+0,5.0000000E-7,3.6546000E-3,6.4970310E-2,1.4305100E-3,2.4000000E-2,2.4000000E-2,1.9800000E-2
0.0000000E+0,-3.0000000E-7,-4.0000000E-7,3.6070000E-3,6.4970310E-2,1.4782000E-3,2.4000000E-2,2.4000000E-2,1.9800000E-2
0.0000000E+0,-8.0000000E-7,3.0000000E-7,3.5520000E-3,6.4970310E-2,1.4305100E-3,2.4000000E-2,2.4000000E-2,1.9800000E-2
0.0000000E+0,-5.0000000E-7,-0.0000000E+0,3.5055000E-3,6.4970310E-2,1.1920900E-3,2.4000000E-2,2.4000000E-2,1.9800000E-2
0.0000000E+0,-1.0000000E-7,4.0000000E-7,3.4538000E-3,6.4970310E-2,1.5735600E-3,2.4000000E-2,2.4000000E-2,1.9800000E-2
0.0000000E+0,3.0000000E-7,4.0000000E-7,3.4089000E-3,6.4970310E-2,1.4543500E-3,2.4000000E-2,2.4000000E-2,1.9800000E-2
0.0000000E+0,-3.0000000E-7,8.0000000E-7,3.3565000E-3,6.4970310E-2,1.2636200E-3,2.4000000E-2,2.4000000E-2,1.9800000E-2
0.0000000E+0,8.0000000E-7,1.0000000E-7,3.3067000E-3,6.4970310E-2,1.2397800E-3,2.4000000E-2,2.4000000E-2,1.9800000E-2
0.0000000E+0,0.0000000E+0,-0.0000000E+0,3.2562000E-3,6.4970310E-2,1.1920900E-3,2.4000000E-2,2.4000000E-2,1.9800000E-2
0.0000000E+0,-4.0000000E-7,4.0000000E-7,3.2047000E-3,6.4970310E-2,1.4066700E-3,2.4000000E-2,2.4000000E-2,1.9800000E-2
0.0000000E+0,7.0000000E-7,-8.0000000E-7,3.1598000E-3,6.4970310E-2,1.3113000E-3,2.4000000E-2,2.4000000E-2,1.9800000E-2
0.0000000E+0,1.0000000E-7,3.0000000E-7,3.1057000E-3,6.4970310E-2,1.1920900E-3,2.4000000E-2,2.4000000E-2,1.9800000E-2
0.0000000E+0,-2.0000000E-7,-0.0000000E+0,3.0600000E-3,6.4970310E-2,1.0013600E-3,2.4000000E-2,2.4000000E-2,1.9800000E-2
0.0000000E+0,3.0000000E-7,-0.0000000E+0,3.0046000E-3,6.4970310E-2,1.1920900E-3,2.4000000E-2,2.4000000E-2,1.9800000E-2
0.0000000E+0,-0.0000000E+0,2.0000000E-7,2.9572000E-3,6.4970310E-2,8.8214900E-4,2.4000000E-2,2.4000000E-2,1.9800000E-2
0.0000000E+0,-0.0000000E+0,5.0000000E-7,2.9000000E-3,6.4970310E-2,1.0252000E-3,2.4000000E-2,2.4000000E-2,1.9800000E-2
0.0000000E+0,2.0000000E-7,1.0000000E-7,2.8553000E-3,6.4970310E-2,1.3828300E-3,2.4000000E-2,2.4000000E-2,1.9800000E-2
0.0000000E+0,5.0000000E-7,-2.0000000E-7,2.8074000E-3,6.4970310E-2,1.0728800E-3,2.4000000E-2,2.4000000E-2,1.9800000E-2
0.0000000E+0,6.0000000E-7,5.0000000E-7,2.7564000E-3,6.4970310E-2,9.7751600E-4,2.4000000E-2,2.4000000E-2,1.9800000E-2
0.0000000E+0,-3.0000000E-7,-1.0000000E-7,2.7003000E-3,6.4970310E-2,8.5830700E-4,2.4000000E-2,2.4000000E-2,1.9800000E-2
0.0000000E+0,4.0000000E-7,-1.0000000E-7,2.6556000E-3,6.4970310E-2,1.5735600E-3,2.4000000E-2,2.4000000E-2,1.9800000E-2
0.0000000E+0,3.0000000E-7,-6.0000000E-7,2.6039000E-3,6.4970310E-2,1.2159300E-3,2.4000000E-2,2.4000000E-2,1.9800000E-2
0.0000000E+0,-5.0000000E-7,1.0000000E-7,2.5570000E-3,6.4970310E-2,1.2159300E-3,2.4000000E-2,2.4000000E-2,1.9800000E-2
0.0000000E+0,2.0000000E-7,-5.0000000E-7,2.5031000E-3,6.4970310E-2,7.1525600E-4,2.4000000E-2,2.4000000E-2,1.9800000E-2
0.0000000E+0,-3.0000000E-7,-2.0000000E-7,2.4597000E-3,6.4970310E-2,1.3113000E-3,2.4000000E-2,2.4000000E-2,1.9800000E-2
0.0000000E+0,2.0000000E-7,-2.0000000E-7,2.4047000E-3,6.4970310E-2,1.0252000E-3,2.4000000E-2,2.4000000E-2,1.9800000E-2
0.0000000E+0,6.0000000E-7,4.0000000E-7,2.3553000E-3,6.4970310E-2,9.5367400E-4,2.4000000E-2,2.4000000E-2,1.9800000E-2
0.0000000E+0,-1.0000000E-7,-1.1000000E-6,2.3063000E-3,6.4970310E-2,1.2397800E-3,2.4000000E-2,2.4000000E-2,1.9800000E-2
0.0000000E+0,-4.0000000E-7,8.0000000E-7,2.2598000E-3,6.4970310E-2,1.3113000E-3,2.4000000E-2,2.4000000E-2,1.9800000E-2
0.0000000E+0,8.0000000E-7,3.0000000E-7,2.2128000E-3,6.4970310E-2,1.4066700E-3,2.4000000E-2,2.4000000E-2,1.9800000E-2
0.0000000E+0,-4.0000000E-7,2.0000000E-7,2.1579000E-3,6.4970310E-2,1.0728800E-3,2.4000000E-2,2.4000000E-2,1.9800000E-2
0.0000000E+0,1.0000000E-7,6.0000000E-7,2.1071000E-3,6.4970310E-2,1.5258800E-3,2.4000000E-2,2.4000000E-2,1.9800000E-2
0.0000000E+0,3.0000000E-7,-3.0000000E-7,2.0530000E-3,6.4970310E-2,1.1920900E-3,2.4000000E-2,2.4000000E-2,1.9800000E-2
0.0000000E+0,3.0000000E-7,2.0000000E-7,2.0076000E-3,6.4970310E-2,1.3828300E-3,2.4000000E-2,2.4000000E-2,1.9800000E-2
0.0000000E+0,-9.0000000E-7,3.0000000E-7,1.9568000E-3,6.4970310E-2,1.3828300E-3,2.4000000E-2,2.4000000E-2,1.9800000E-2
0.0000000E+0,-1.0000000E-7,6.0000000E-7,1.9043000E-3,6.4970310E-2,1.2159300E-3,2.4000000E-2,2.4000000E-2,1.9800000E-2
0.0000000E+0,9.0000000E-7,-5.0000000E-7,1.8578000E-3,6.4970310E-2,1.2397800E-3,2.4000000E-2,2.4000000E-2,1.9800000E-2
0.0000000E+0,-3.0000000E-7,4.0000000E-7,1.8073000E-3,6.4970310E-2,8.8214900E-4,2.4000000E-2,2.4000000E-2,1.9800000E-2
0.0000000E+0,2.0000000E-7,-1.0000000E-7,1.7560000E-3,6.4970310E-2,1.1920900E-3,2.4000000E-2,2.4000000E-2,1.9800000E-2
0.0000000E+0,-8.0000000E-7,-3.0000000E-7,1.7060000E-3,6.4970310E-2,1.4305100E-3,2.4000000E-2,2.4000000E-2,1.9800000E-2
0.0000000E+0,-1.0000000E-7,-7.0000000E-7,1.6535000E-3,6.4970310E-2,9.5367400E-4,2.4000000E-2,2.4000000E-2,1.9800000E-2
0.0000000E+0,4.0000000E-7,0.0000000E+0,1.6042000E-3,6.4970310E-2,1.2874600E-3,2.4000000E-2,2.4000000E-2,1.9800000E-2
0.0000000E+0,-7.0000000E-7,4.0000000E-7,1.5559000E-3,6.4970310E-2,1.3828300E-3,2.4000000E-2,2.4000000E-2,1.9800000E-2
0.0000000E+0,1.0000000E-7,2.0000000E-7,1.5050000E-3,6.4970310E-2,1.0967300E-3,2.4000000E-2,2.4000000E-2,1.9800000E-2
0.0000000E+0,5.0000000E-7,-5.0000000E-7,1.4591000E-3,6.4970310E-2,9.0599100E-4,2.4000000E-2,2.4000000E-2,1.9800000E-2
0.0000000E+0,-1.0000000E-7,-1.0000000E-7,1.4048000E-3,6.4970310E-2,8.5830700E-4,2.4000000E-2,2.4000000E-2,1.9800000E-2
0.0000000E+0,8.0000000E-7,-0.0000000E+0,1.3583000E-3,6.4970310E-2,1.4305100E-3,2.4000000E-2,2.4000000E-2,1.9800000E-2
0.0000000E+0,1.0000000E-7,2.0000000E-7,1.3100000E-3,6.4970310E-2,1.1682500E-3,2.4000000E-2,2.4000000E-2,1.9800000E-2
0.0000000E+0,-3.0000000E-7,-1.0000000E-7,1.2554000E-3,6.4970310E-2,1.4782000E-3,2.4000000E-2,2.4000000E-2,1.9800000E-2
0.0000000E+0,-0.0000000E+0,-3.0000000E-7,1.2007000E-3,6.4970310E-2,1.4543500E-3,2.4000000E-2,2.4000000E-2,1.9800000E-2
0.0000000E+0,5.0000000E-7,-6.0000000E-7,1.1562000E-3,6.4970310E-2,1.4305100E-3,2.4000000E-2,2.4000000E-2,1.9800000E-2
0.0000000E+0,2.0000000E-7,2.0000000E-7,1.1110000E-3,6.4970310E-2,1.2397800E-3,2.4000000E-2,2.4000000E-2,1.9800000E-2
0.0000000E+0,1.0000000E-7,-1.0000000E-7,1.0504000E-3,6.4970310E-2,1.4305100E-3,2.4000000E-2,2.4000000E-2,1.9800000E-2
0.0000000E+0,-7.0000000E-7,0.0000000E+0,1.0057000E-3,6.4970310E-2,1.3351400E-3,2.4000000E-2,2.4000000E-2,1.9800000E-2
0.0000000E+0,5.0000000E-7,5.0000000E-7,9.5560000E-4,6.4970310E-2,8.5830700E-4,2.4000000E-2,2.4000000E-2,1.9800000E-2
0.0000000E+0,2.0000000E-7,-4.0000000E-7,9.0490000E-4,6.4970310E-2,1.0728800E-3,2.4000000E-2,2.4000000E-2,1.9800000E-2
0.0000000E+0,1.0000000E-7,-3.0000000E-7,8.5790000E-4,6.4970310E-2,1.4066700E-3,2.4000000E-2,2.4000000E-2,1.9800000E-2
0.0000000E+0,3.0000000E-7,4.0000000E-7,8.0180000E-4,6.4970310E-2,8.8214900E-4,2.4000000E-2,2.4000000E-2,1.9800000E-2
0.0000000E+0,-1.0000000E-6,-5.0000000E-7,7.5730000E-4,6.4970310E-2,1.1444100E-3,2.4000000E-2,2.4000000E-2,1.9800000E-2
0.0000000E+0,7.0000000E-7,5.0000000E-7,7.0760000E-4,6.4970310E-2,1.2397800E-3,2.4000000E-2,2.4000000E-2,1.9800000E-2
0.0000000E+0,6.0000000E-7,1.0000000E-7,6.5550000E-4,6.4970310E-2,1.4305100E-3,2.4000000E-2,2.4000000E-2,1.9800000E-2
0.0000000E+0,6.0000000E-7,-1.0000000E-7,6.0430000E-4,6.4970310E-2,1.0252000E-3,2.4000000E-2,2.4000000E-2,1.9800000E-2
0.0000000E+0,1.0000000E-7,1.0000000E-7,5.5540000E-4,6.4970310E-2,1.4782000E-3,2.4000000E-2,2.4000000E-2,1.9800000E-2
0.0000000E+0,8.0000000E-7,-6.0000000E-7,5.0460000E-4,6.4970310E-2,9.7751600E-4,2.4000000E-2,2.4000000E-2,1.9800000E-2
0.0000000E+0,-3.0000000E-7,3.0000000E-7,4.5580000E-4,6.4970310E-2,1.0967300E-3,2.4000000E-2,2.4000000E-2,1.9800000E-2
0.0000000E+0,2.0000000E-7,2.0000000E-7,4.0800000E-4,6.4970310E-2,1.5258800E-3,2.4000000E-2,2.4000000E-2,1.9800000E-2
0.0000000E+0,-6.0000000E-7,9.0000000E-7,3.5390000E-4,6.4970310E-2,1.2874600E-3,2.4000000E-2,2.4000000E-2,1.9800000E-2
0.0000000E+0,0.0000000E+0,5.0000000E-7,3.0850000E-4,6.4970310E-2,1.1920900E-3,2.4000000E-2,2.4000000E-2,1.9800000E-2
0.0000000E+0,2.0000000E-7,1.0000000E-7,2.5690000E-4,6.4970310E-2,1.4066700E-3,2.4000000E-2,2.4000000E-2,1.9800000E-2
0.0000000E+0,-9.0000000E-7,-5.0000000E-7,2.0700000E-4,6.4970310E-2,1.5258800E-3,2.4000000E-2,2.4000000E-2,1.9800000E-2
0.0000000E+0,5.0000000E-7,7.0000000E-7,1.5250000E-4,6.4970310E-2,1.0252000E-3,2.4000000E-2,2.4000000E-2,1.9800000E-2
0.0000000E+0,-6.0000000E-7,-3.0000000E-7,1.0510000E-4,6.4970310E-2,1.1205700E-3,2.4000000E-2,2.4000000E-2,1.9800000E-2
0.0000000E+0,-9.0000000E-7,3.0000000E-7,5.4500000E-5,6.4970310E-2,1.0967300E-3,2.4000000E-2,2.4000000E-2,1.9800000E-2
0.0000000E+0,7.0000000E-7,-6.0000000E-7,5.1000000E-6,6.4970310E-2,1.4543500E-3,2.4000000E-2,2.4000000E-2,1.9800000E-2
0.0000000E+0,3.0000000E-7,4.0000000E-7,-4.3200000E-5,6.4970310E-2,1.3113000E-3,2.4000000E-2,2.4000000E-2,1.9800000E-2
0.0000000E+0,9.0000000E-7,1.0000000E-7,-9.1800000E-5,6.4970310E-2,1.5258800E-3,2.4000000E-2,2.4000000E-2,1.9800000E-2
0.0000000E+0,0.0000000E+0,3.0000000E-7,-1.4410000E-4,6.4970310E-2,1.6450900E-3,2.4000000E-2,2.4000000E-2,1.9800000E-2
0.0000000E+0,-1.0000000E-7,8.0000000E-7,-1.9230000E-4,6.4970310E-2,1.0967300E-3,2.4000000E-2,2.4000000E-2,1.9800000E-2
0.0000000E+0,-5.0000000E-7,-2.0000000E-7,-2.4640000E-4,6.4970310E-2,1.1444100E-3,2.4000000E-2,2.4000000E-2,1.9800000E-2
0.0000000E+0,3.0000000E-7,-3.0000000E-7,-2.9160000E-4,6.4970310E-2,1.3589900E-3,2.4000000E-2,2.4000000E-2,1.9800000E-2
0.0000000E+0,-0.0000000E+0,1.0000000E-7,-3.4510000E-4,6.4970310E-2,1.5258800E-3,2.4000000E-2,2.4000000E-2,1.9800000E-2
0.0000000E+0,0.0000000E+0,-3.0000000E-7,-3.9760000E-4,6.4970310E-2,1.4543500E-3,2.4000000E-2,2.4000000E-2,1.9800000E-2
0.0000000E+0,-5.0000000E-7,0.0000000E+0,-4.3840000E-4,6.4970310E-2,1.4543500E-3,2.4000000E-2,2.4000000E-2,1.9800000E-2
0.0000000E+0,0.0000000E+0,0.0000000E+0,-4.9580000E-4,6.4970310E-2,1.1205700E-3,2.4000000E-2,2.4000000E-2,1.9800000E-2
0.0000000E+0,5.0000000E-7,-1.0000000E-7,-5.4760000E-4,6.4970310E-2,1.2397800E-3,2.4000000E-2,2.4000000E-2,1.9800000E-2
0.0000000E+0,-2.0000000E-7,4.0000000E-7,-5.9040000E-4,6.4970310E-2,1.2636200E-3,2.4000000E-2,2.4000000E-2,1.9800000E-2
0.0000000E+0,7.0000000E-7,-7.0000000E-7,-6.4250000E-4,6.4970310E-2,8.3446500E-4,2.4000000E-2,2.4000000E-2,1.9800000E-2
0.0000000E+0,0.0000000E+0,-4.0000000E-7,-6.9430000E-4,6.4970310E-2,1.2636200E-3,2.4000000E-2,2.4000000E-2,1.9800000E-2
0.0000000E+0,-5.0000000E-7,5.0000000E-7,-7.4460000E-4,6.4970310E-2,1.1682500E-3,2.4000000E-2,2.4000000E-2,1.9800000E-2
0.0000000E+0,2.0000000E-7,7.0000000E-7,-7.8760000E-4,6.4970310E-2,9.5367400E-4,2.4000000E-2,2.4000000E-2,1.9800000E-2
0.0000000E+0,-2.0000000E-7,-8.0000000E-7,-8.5010000E-4,6.4970310E-2,9.0599100E-4,2.4000000E-2,2.4000000E-2,1.9800000E-2
0.0000000E+0,6.0000000E-7,-1.0000000E-7,-8.9070000E-4,6.4970310E-2,1.0013600E-3,2.4000000E-2,2.4000000E-2,1.9800000E-2
0.0000000E+0,-3.0000000E-7,3.0000000E-7,-9.4470000E-4,6.4970310E-2,1.0728800E-3,2.4000000E-2,2.4000000E-2,1.9800000E-2
0.0000000E+0,1.0000000E-7,-3.0000000E-7,-9.9500000E-4,6.4970310E-2,1.1205700E-3,2.4000000E-2,2.4000000E-2,1.9800000E-2
0.0000000E+0,3.0000000E-7,3.0000000E-7,-1.0429000E-3,6.4970310E-2,1.0013600E-3,2.4000000E-2,2.4000000E-2,1.9800000E-2
0.0000000E+0,6.0000000E-7,-3.0000000E-7,-1.0863000E-3,6.4970310E-2,1.2397800E-3,2.4000000E-2,2.4000000E-2,1.9800000E-2
0.0000000E+0,4.0000000E-7,2.0000000E-7,-1.1568000E-3,6.4970310E-2,9.5367400E-4,2.4000000E-2,2.4000000E-2,1.9800000E-2
0.0000000E+0,2.0000000E-7,4.0000000E-7,-1.1989000E-3,6.4970310E-2,1.4305100E-3,2.4000000E-2,2.4000000E-2,1.9800000E-2
0.0000000E+0,-4.0000000E-7,-1.0000000E-7,-1.2535000E-3,6.4970310E-2,8.5830700E-4,2.4000000E-2,2.4000000E-2,1.9800000E-2
0.0000000E+0,6.0000000E-7,3.0000000E-7,-1.2969000E-3,6.4970310E-2,9.0599100E-4,2.4000000E-2,2.4000000E-2,1.9800000E-2
0.0000000E+0,4.0000000E-7,8.0000000E-7,-1.3456000E-3,6.4970310E-2,1.0252000E-3,2.4000000E-2,2.4000000E-2,1.9800000E-2
0.0000000E+0,-5.0000000E-7,4.0000000E-7,-1.4002000E-3,6.4970310E-2,9.7751600E-4,2.4000000E-2,2.4000000E-2,1.9800000E-2
0.0000000E+0,4.0000000E-7,3.0000000E-7,-1.4398000E-3,6.4970310E-2,9.7751600E-4,2.4000000E-2,2.4000000E-2,1.9800000E-2
0.0000000E+0,1.0000000E-6,2.0000000E-7,-1.4912000E-3,6.4970310E-2,9.7751600E-4,2.4000000E-2,2.4000000E-2,1.9800000E-2
0.0000000E+0,2.0000000E-7,9.0000000E-7,-1.5324000E-3,6.4970310E-2,4.7683700E-4,2.4000000E-2,2.4000000E-2,1.9800000E-2
0.0000000E+0,-5.0000000E-7,5.0000000E-7,-1.5863000E-3,6.4970310E-2,1.2636200E-3,2.4000000E-2,2.4000000E-2,1.9800000E-2
0.0000000E+0,6.0000000E-7,-5.0000000E-7,-1.6524000E-3,6.4970310E-2,1.2159300E-3,2.4000000E-2,2.4000000E-2,1.9800000E-2
0.0000000E+0,-5.0000000E-7,-5.0000000E-7,-1.6962000E-3,6.4970310E-2,9.5367400E-4,2.4000000E-2,2.4000000E-2,1.9800000E-2
0.0000000E+0,-5.0000000E-7,3.0000000E-7,-1.7492000E-3,6.4970310E-2,9.0599100E-4,2.4000000E-2,2.4000000E-2,1.9800000E-2
0.0000000E+0,1.0000000E-7,3.0000000E-7,-1.7980000E-3,6.4970310E-2,6.6757200E-4,2.4000000E-2,2.4000000E-2,1.9800000E-2
0.0000000E+0,1.0000000E-7,-1.0000000E-7,-1.8478000E-3,6.4970310E-2,5.9604600E-4,2.4000000E-2,2.4000000E-2,1.9800000E-2
0.0000000E+0,1.0000000E-7,8.0000000E-7,-1.8844000E-3,6.4970310E-2,8.8214900E-4,2.4000000E-2,2.4000000E-2,1.9800000E-2
0.0000000E+0,1.1000000E-6,-4.0000000E-7,-1.9484000E-3,6.4970310E-2,1.1444100E-3,2.4000000E-2,2.4000000E-2,1.9800000E-2
0.0000000E+0,-1.0000000E-7,2.0000000E-7,-1.9987000E-3,6.4970310E-2,1.1682500E-3,2.4000000E-2,2.4000000E-2,1.9800000E-2
0.0000000E+0,-7.0000000E-7,-5.0000000E-7,-2.0417000E-3,6.4970310E-2,9.2983200E-4,2.4000000E-2,2.4000000E-2,1.9800000E-2
0.0000000E+0,4.0000000E-7,-2.0000000E-7,-2.0911000E-3,6.4970310E-2,8.5830700E-4,2.4000000E-2,2.4000000E-2,1.9800000E-2
0.0000000E+0,-5.0000000E-7,1.0000000E-7,-2.1457000E-3,6.4970310E-2,1.0013600E-3,2.4000000E-2,2.4000000E-2,1.9800000E-2
0.0000000E+0,0.0000000E+0,5.0000000E-7,-2.1962000E-3,6.4970310E-2,1.1682500E-3,2.4000000E-2,2.4000000E-2,1.9800000E-2
0.0000000E+0,0.0000000E+0,-7.0000000E-7,-2.2427000E-3,6.4970310E-2,1.5020400E-3,2.4000000E-2,2.4000000E-2,1.9800000E-2
0.0000000E+0,-1.0000000E-7,1.0000000E-7,-2.2963000E-3,6.4970310E-2,1.2397800E-3,2.4000000E-2,2.4000000E-2,1.9800000E-2
0.0000000E+0,8.0000000E-7,-1.0000000E-6,-2.3431000E-3,6.4970310E-2,1.0013600E-3,2.4000000E-2,2.4000000E-2,1.9800000E-2
0.0000000E+0,3.0000000E-7,-6.0000000E-7,-2.3950000E-3,6.4970310E-2,9.2983200E-4,2.4000000E-2,2.4000000E-2,1.9800000E-2
0.0000000E+0,4.0000000E-7,-1.0000000E-7,-2.4431000E-3,6.4970310E-2,1.3351400E-3,2.4000000E-2,2.4000000E-2,1.9800000E-2
0.0000000E+0,-3.0000000E-7,5.0000000E-7,-2.4969000E-3,6.4970310E-2,1.3113000E-3,2.4000000E-2,2.4000000E-2,1.9800000E-2
0.0000000E+0,6.0000000E-7,-8.0000000E-7,-2.5424000E-3,6.4970310E-2,9.0599100E-4,2.4000000E-2,2.4000000E-2,1.9800000E-2
0.0000000E+0,-1.0000000E-6,-5.0000000E-7,-2.5966000E-3,6.4970310E-2,1.2397800E-3,2.4000000E-2,2.4000000E-2,1.9800000E-2
0.0000000E+0,3.0000000E-7,-3.0000000E-7,-2.6374000E-3,6.4970310E-2,1.2397800E-3,2.4000000E-2,2.4000000E-2,1.9800000E-2
0.0000000E+0,-2.0000000E-7,8.0000000E-7,-2.6959000E-3,6.4970310E-2,1.0967300E-3,2.4000000E-2,2.4000000E-2,1.9800000E-2
0.0000000E+0,3.0000000E-7,-1.2000000E-6,-2.7376000E-3,6.4970310E-2,1.1444100E-3,2.4000000E-2,2.4000000E-2,1.9800000E-2
0.0000000E+0,5.0000000E-7,-1.0000000E-7,-2.7983000E-3,6.4970310E-2,9.0599100E-4,2.4000000E-2,2.4000000E-2,1.9800000E-2
0.0000000E+0,-1.0000000E-7,-0.0000000E+0,-2.8493000E-3,6.4970310E-2,1.7881400E-3,2.4000000E-2,2.4000000E-2,1.9800000E-2
0.0000000E+0,-1.0000000E-7,-2.0000000E-7,-2.8976000E-3,6.4970310E-2,9.2983200E-4,2.4000000E-2,2.4000000E-2,1.9800000E-2
0.0000000E+0,-1.2000000E-6,4.0000000E-7,-2.9459000E-3,6.4970310E-2,8.1062300E-4,2.4000000E-2,2.4000000E-2,1.9800000E-2
0.0000000E+0,2.0000000E-7,-4.0000000E-7,-2.9957000E-3,6.4970310E-2,1.2874600E-3,2.4000000E-2,2.4000000E-2,1.9800000E-2
0.0000000E+0,-8.0000000E-7,-5.0000000E-7,-3.0489000E-3,6.4970310E-2,1.0252000E-3,2.4000000E-2,2.4000000E-2,1.9800000E-2
0.0000000E+0,-1.1000000E-6,-2.0000000E-7,-3.0982000E-3,6.4970310E-2,1.1682500E-3,2.4000000E-2,2.4000000E-2,1.9800000E-2
0.0000000E+0,1.0000000E-7,-2.0000000E-7,-3.1429000E-3,6.4970310E-2,1.1205700E-3,2.4000000E-2,2.4000000E-2,1.9800000E-2
0.0000000E+0,-3.0000000E-7,-3.0000000E-7,-3.1972000E-3,6.4970310E-2,8.1062300E-4,2.4000000E-2,2.4000000E-2,1.9800000E-2
0.0000000E+0,-0.0000000E+0,8.0000000E-7,-3.2458000E-3,6.4970310E-2,1.0728800E-3,2.4000000E-2,2.4000000E-2,1.9800000E-2
0.0000000E+0,-4.0000000E-7,2.0000000E-7,-3.2920000E-3,6.4970310E-2,1.3113000E-3,2.4000000E-2,2.4000000E-2,1.9800000E-2
0.0000000E+0,-2.0000000E-7,-3.0000000E-7,-3.3395000E-3,6.4970310E-2,1.0252000E-3,2.4000000E-2,2.4000000E-2,1.9800000E-2
0.0000000E+0,1.0000000E-7,-3.0000000E-7,-3.3900000E-3,6.4970310E-2,1.2874600E-3,2.4000000E-2,2.4000000E-2,1.9800000E-2
0.0000000E+0,-3.0000000E-7,9.0000000E-7,-3.4425000E-3,6.4970310E-2,1.5497200E-3,2.4000000E-2,2.4000000E-2,1.9800000E-2
0.0000000E+0,-2.0000000E-7,-3.0000000E-7,-3.4911000E-3,6.4970310E-2,1.2159300E-3,2.4000000E-2,2.4000000E-2,1.9800000E-2
0.0000000E+0,8.0000000E-7,-1.0000000E-7,-3.5414000E-3,6.4970310E-2,1.0252000E-3,2.4000000E-2,2.4000000E-2,1.9800000E-2
0.0000000E+0,0.0000000E+0,-2.0000000E-7,-3.5981000E-3,6.4970310E-2,1.5020400E-3,2.4000000E-2,2.4000000E-2,1.9800000E-2
0.0000000E+0,4.0000000E-7,4.0000000E-7,-3.6387000E-3,6.4970310E-2,1.5258800E-3,2.4000000E-2,2.4000000E-2,1.9800000E-2
0.0000000E+0,0.0000000E+0,1.0000000E-7,-3.6925000E-3,6.4970310E-2,1.3113000E-3,2.4000000E-2,2.4000000E-2,1.9800000E-2
0.0000000E+0,7.0000000E-7,1.0000000E-7,-3.7435000E-3,6.4970310E-2,9.7751600E-4,2.4000000E-2,2.4000000E-2,1.9800000E-2
0.0000000E+0,-9.0000000E-7,-2.0000000E-7,-3.8006000E-3,6.4970310E-2,1.3589900E-3,2.4000000E-2,2.4000000E-2,1.9800000E-2
0.0000000E+0,5.0000000E-7,1.0000000E-7,-3.8423000E-3,6.4970310E-2,1.0728800E-3,2.4000000E-2,2.4000000E-2,1.9800000E-2
0.0000000E+0,-3.0000000E-7,1.0000000E-6,-3.8918000E-3,6.4970310E-2,7.8678100E-4,2.4000000E-2,2.4000000E-2,1.9800000E-2
0.0000000E+0,6.0000000E-7,0.0000000E+0,-3.9462000E-3,6.4970310E-2,1.0728800E-3,2.4000000E-2,2.4000000E-2,1.9800000E-2
0.0000000E+0,-1.0000000E-7,1.0000000E-7,-3.9933000E-3,6.4970310E-2,9.0599100E-4,2.4000000E-2,2.4000000E-2,1.9800000E-2
0.0000000E+0,3.0000000E-7,-3.0000000E-7,-4.0464000E-3,6.4970310E-2,1.0728800E-3,2.4000000E-2,2.4000000E-2,1.9800000E-2
0.0000000E+0,-1.1000000E-6,-4.0000000E-7,-4.0897000E-3,6.4970310E-2,9.7751600E-4,2.4000000E-2,2.4000000E-2,1.9800000E-2
0.0000000E+0,-0.0000000E+0,-1.0000000E-7,-4.1490000E-3,6.4970310E-2,9.0599100E-4,2.4000000E-2,2.4000000E-2,1.9800000E-2
0.0000000E+0,0.0000000E+0,1.0000000E-7,-4.1900000E-3,6.4970310E-2,1.1444100E-3,2.4000000E-2,2.4000000E-2,1.9800000E-2
0.0000000E+0,-5.0000000E-7,9.0000000E-7,-4.2492000E-3,6.4970310E-2,1.0252000E-3,2.4000000E-2,2.4000000E-2,1.9800000E-2
0.0000000E+0,4.0000000E-7,3.0000000E-7,-4.2906000E-3,6.4970310E-2,1.3351400E-3,2.4000000E-2,2.4000000E-2,1.9800000E-2
0.0000000E+0,-5.0000000E-7,-7.0000000E-7,-4.3436000E-3,6.4970310E-2,1.3113000E-3,2.4000000E-2,2.4000000E-2,1.9800000E-2
0.0000000E+0,-2.0000000E-7,-1.0000000E-7,-4.3912000E-3,6.4970310E-2,1.2397800E-3,2.4000000E-2,2.4000000E-2,1.9800000E-2
0.0000000E+0,-5.0000000E-7,1.0000000E-7,-4.4451000E-3,6.4970310E-2,1.3113000E-3,2.4000000E-2,2.4000000E-2,1.9800000E-2
0.0000000E+0,-5.0000000E-7,-3.0000000E-7,-4.4947000E-3,6.4970310E-2,1.1444100E-3,2.4000000E-2,2.4000000E-2,1.9800000E-2
0.0000000E+0,2.0000000E-7,-6.0000000E-7,-4.5413000E-3,6.4970310E-2,1.0967300E-3,2.4000000E-2,2.4000000E-2,1.9800000E-2
0.0000000E+0,-1.0000000E-7,1.0000000E-7,-4.5954000E-3,6.4970310E-2,1.0967300E-3,2.4000000E-2,2.4000000E-2,1.9800000E-2
0.0000000E+0,-1.0000000E-7,-1.0000000E-7,-4.6448000E-3,6.4970310E-2,1.0967300E-3,2.4000000E-2,2.4000000E-2,1.9800000E-2
0.0000000E+0,9.0000000E-7,4.0000000E-7,-4.6911000E-3,6.4970310E-2,1.0728800E-3,2.4000000E-2,2.4000000E-2,1.9800000E-2
0.0000000E+0,-1.0000000E-7,2.0000000E-7,-4.7491000E-3,6.4970310E-2,8.1062300E-4,2.4000000E-2,2.4000000E-2,1.9800000E-2
0.0000000E+0,-1.0000000E-7,-1.0000000E-7,-4.7981000E-3,6.4970310E-2,1.1205700E-3,2.4000000E-2,2.4000000E-2,1.9800000E-2
0.0000000E+0,0.0000000E+0,-1.0000000E-7,-4.8347000E-3,6.4970310E-2,8.5830700E-4,2.4000000E-2,2.4000000E-2,1.9800000E-2
0.0000000E+0,1.0000000E-7,-3.0000000E-7,-4.8939000E-3,6.4970310E-2,1.0967300E-3,2.4000000E-2,2.4000000E-2,1.9800000E-2
0.0000000E+0,1.0000000E-7,3.0000000E-7,-4.9409000E-3,6.4970310E-2,1.3351400E-3,2.4000000E-2,2.4000000E-2,1.9800000E-2
0.0000000E+0,4.0000000E-7,-8.0000000E-7,-4.9954000E-3,6.4970310E-2,1.1444100E-3,2.4000000E-2,2.4000000E-2,1.9800000E-2
0.0000000E+0,6.0000000E-7,1.0000000E-7,-5.0468000E-3,6.4970310E-2,1.1205700E-3,2.4000000E-2,2.4000000E-2,1.9800000E-2
0.0000000E+0,1.0000000E-7,-2.0000000E-7,-5.0949000E-3,6.4970310E-2,1.5497200E-3,2.4000000E-2,2.4000000E-2,1.9800000E-2
0.0000000E+0,-5.0000000E-7,-6.0000000E-7,-5.1438000E-3,6.4970310E-2,1.3113000E-3,2.4000000E-2,2.4000000E-2,1.9800000E-2
0.0000000E+0,5.0000000E-7,-1.0000000E-7,-5.1910000E-3,6.4970310E-2,6.9141400E-4,2.4000000E-2,2.4000000E-2,1.9800000E-2
0.0000000E+0,-3.0000000E-7,5.0000000E-7,-5.2392000E-3,6.4970310E-2,9.0599100E-4,2.4000000E-2,2.4000000E-2,1.9800000E-2
0.0000000E+0,5.0000000E-7,-1.0000000E-7,-5.2921000E-3,6.4970310E-2,7.3909800E-4,2.4000000E-2,2.4000000E-2,1.9800000E-2
0.0000000E+0,2.0000000E-7,-1.0000000E-7,-5.3444000E-3,6.4970310E-2,1.2397800E-3,2.4000000E-2,2.4000000E-2,1.9800000E-2
0.0000000E+0,3.0000000E-7,-1.2000000E-6,-5.3909000E-3,6.4970310E-2,9.5367400E-4,2.4000000E-2,2.4000000E-2,1.9800000E-2
0.0000000E+0,4.0000000E-7,-4.0000000E-7,-5.4446000E-3,6.4970310E-2,9.5367400E-4,2.4000000E-2,2.4000000E-2,1.9800000E-2
0.0000000E+0,-3.0000000E-7,8.0000000E-7,-5.4967000E-3,6.4970310E-2,1.1444100E-3,2.4000000E-2,2.4000000E-2,1.9800000E-2
0.0000000E+0,-4.0000000E-7,-3.0000000E-7,-5.5372000E-3,6.4970310E-2,1.0013600E-3,2.4000000E-2,2.4000000E-2,1.9800000E-2
0.0000000E+0,-2.0000000E-7,-0.0000000E+0,-5.5860000E-3,6.4970310E-2,8.8214900E-4,2.4000000E-2,2.4000000E-2,1.9800000E-2
0.0000000E+0,4.0000000E-7,1.0000000E-7,-5.6438000E-3,6.4970310E-2,1.1444100E-3,2.4000000E-2,2.4000000E-2,1.9800000E-2
0.0000000E+0,-6.0000000E-7,-3.0000000E-7,-5.6921000E-3,6.4970310E-2,1.1205700E-3,2.4000000E-2,2.4000000E-2,1.9800000E-2
0.0000000E+0,3.0000000E-7,-5.0000000E-7,-5.7429000E-3,6.4970310E-2,1.2874600E-3,2.4000000E-2,2.4000000E-2,1.9800000E-2
0.0000000E+0,-9.0000000E-7,6.0000000E-7,-5.7912000E-3,6.4970310E-2,1.4543500E-3,2.4000000E-2,2.4000000E-2,1.9800000E-2
0.0000000E+0,5.0000000E-7,-2.0000000E-7,-5.8486000E-3,6.4970310E-2,1.2874600E-3,2.4000000E-2,2.4000000E-2,1.9800000E-2
0.0000000E+0,7.0000000E-7,-3.0000000E-7,-5.8893000E-3,6.4970310E-2,1.1682500E-3,2.4000000E-2,2.4000000E-2,1.9800000E-2
0.0000000E+0,-2.0000000E-7,-1.0000000E-7,-5.9386000E-3,6.4970310E-2,1.1444100E-3,2.4000000E-2,2.4000000E-2,1.9800000E-2
0.0000000E+0,-1.0000000E-7,-9.0000000E-7,-5.9940000E-3,6.4970310E-2,1.0728800E-3,2.4000000E-2,2.4000000E-2,1.9800000E-2
0.0000000E+0,9.0000000E-7,-0.0000000E+0,-6.0449000E-3,6.4970310E-2,1.0490400E-3,2.4000000E-2,2.4000000E-2,1.9800000E-2
0.0000000E+0,-6.0000000E-7,1.0000000E-7,-6.0970000E-3,6.4970310E-2,1.4066700E-3,2.4000000E-2,2.4000000E-2,1.9800000E-2
0.0000000E+0,-7.0000000E-7,1.0000000E-7,-6.1458000E-3,6.4970310E-2,1.5020400E-3,2.4000000E-2,2.4000000E-2,1.9800000E-2
0.0000000E+0,-1.0000000E-7,-4.0000000E-7,-6.1934000E-3,6.4970310E-2,9.0599100E-4,2.4000000E-2,2.4000000E-2,1.9800000E-2
0.0000000E+0,2.0000000E-7,3.0000000E-7,-6.2435000E-3,6.4970310E-2,1.1444100E-3,2.4000000E-2,2.4000000E-2,1.9800000E-2
0.0000000E+0,-1.0000000E-7,-2.0000000E-7,-6.2889000E-3,6.4970310E-2,1.2397800E-3,2.4000000E-2,2.4000000E-2,1.9800000E-2
0.0000000E+0,-1.0000000E-7,-7.0000000E-7,-6.3454000E-3,6.4970310E-2,1.0728800E-3,2.4000000E-2,2.4000000E-2,1.9800000E-2
0.0000000E+0,1.5000000E-6,2.0000000E-7,-6.3958000E-3,6.4970310E-2,8.8214900E-4,2.4000000E-2,2.4000000E-2,1.9800000E-2
0.0000000E+0,-2.0000000E-7,-4.0000000E-7,-6.4423000E-3,6.4970310E-2,1.6212500E-3,2.4000000E-2,2.4000000E-2,1.9800000E-2
0.0000000E+0,5.0000000E-7,1.0000000E-7,-6.4950000E-3,6.4970310E-2,1.3828300E-3,2.4000000E-2,2.4000000E-2,1.9800000E-2
0.0000000E+0,3.0000000E-7,5.0000000E-7,-6.5422000E-3,6.4970310E-2,1.4782000E-3,2.4000000E-2,2.4000000E-2,1.9800000E-2
0.0000000E+0,-1.0000000E-6,1.0000000E-7,-6.5948000E-3,6.4970310E-2,1.0728800E-3,2.4000000E-2,2.4000000E-2,1.9800000E-2
0.0000000E+0,4.0000000E-7,5.0000000E-7,-6.6420000E-3,6.4970310E-2,1.2874600E-3,2.4000000E-2,2.4000000E-2,1.9800000E-2
0.0000000E+0,-1.0000000E-7,-5.0000000E-7,-6.6943000E-3,6.4970310E-2,1.0728800E-3,2.4000000E-2,2.4000000E-2,1.9800000E-2
0.0000000E+0,-9.0000000E-7,-1.0000000E-7,-6.7539000E-3,6.4970310E-2,1.3828300E-3,2.4000000E-2,2.4000000E-2,1.9800000E-2
0.0000000E+0,-5.0000000E-7,-1.0000000E-7,-6.7813000E-3,6.4970310E-2,8.8214900E-4,2.4000000E-2,2.4000000E-2,1.9800000E-2
0.0000000E+0,5.0000000E-7,3.0000000E-7,-6.8419000E-3,6.4970310E-2,1.3351400E-3,2.4000000E-2,2.4000000E-2,1.9800000E-2
0.0000000E+0,-8.0000000E-7,4.0000000E-7,-6.8915000E-3,6.4970310E-2,1.1205700E-3,2.4000000E-2,2.4000000E-2,1.9800000E-2
0.0000000E+0,-3.0000000E-7,-5.0000000E-7,-6.9249000E-3,6.4970310E-2,1.2397800E-3,2.4000000E-2,2.4000000E-2,1.9800000E-2
0.0000000E+0,-7.0000000E-7,5.0000000E-7,-7.0094000E-3,6.4970310E-2,1.1205700E-3,2.4000000E-2,2.4000000E-2,1.9800000E-2
0.0000000E+0,-2.0000000E-7,-2.0000000E-7,-7.0493000E-3,6.4970310E-2,1.3828300E-3,2.4000000E-2,2.4000000E-2,1.9800000E-2
0.0000000E+0,6.0000000E-7,0.0000000E+0,-7.0849000E-3,6.4970310E-2,8.3446500E-4,2.4000000E-2,2.4000000E-2,1.9800000E-2
0.0000000E+0,0.0000000E+0,2.0000000E-7,-7.1357000E-3,6.4970310E-2,9.2983200E-4,2.4000000E-2,2.4000000E-2,1.9800000E-2
0.0000000E+0,1.2000000E-6,3.0000000E-7,-7.2022000E-3,6.4970310E-2,8.5830700E-4,2.4000000E-2,2.4000000E-2,1.9800000E-2
0.0000000E+0,4.0000000E-7,-6.0000000E-7,-7.2445000E-3,6.4970310E-2,1.0252000E-3,2.4000000E-2,2.4000000E-2,1.9800000E-2
0.0000000E+0,1.0000000E-7,6.0000000E-7,-7.2882000E-3,6.4970310E-2,1.1444100E-3,2.4000000E-2,2.4000000E-2,1.9800000E-2
0.0000000E+0,3.0000000E-7,-7.0000000E-7,-7.3341000E-3,6.4970310E-2,1.0967300E-3,2.4000000E-2,2.4000000E-2,1.9800000E-2
0.0000000E+0,-9.0000000E-7,1.0000000E-7,-7.3788000E-3,6.4970310E-2,1.0728800E-3,2.4000000E-2,2.4000000E-2,1.9800000E-2
0.0000000E+0,-1.0000000E-7,-6.0000000E-7,-7.4373000E-3,6.4970310E-2,1.1682500E-3,2.4000000E-2,2.4000000E-2,1.9800000E-2
0.0000000E+0,-1.0000000E-7,1.0000000E-7,-7.4750000E-3,6.4970310E-2,1.0013600E-3,2.4000000E-2,2.4000000E-2,1.9800000E-2
0.0000000E+0,-0.0000000E+0,-7.0000000E-7,-7.5160000E-3,6.4970310E-2,9.0599100E-4,2.4000000E-2,2.4000000E-2,1.9800000E-2
0.0000000E+0,7.0000000E-7,3.0000000E-7,-7.6000000E-3,6.4970310E-2,1.0967300E-3,2.4000000E-2,2.4000000E-2,1.9800000E-2
0.0000000E+0,3.0000000E-7,-0.0000000E+0,-7.6317000E-3,6.4970310E-2,1.3113000E-3,2.4000000E-2,2.4000000E-2,1.9800000E-2
0.0000000E+0,3.0000000E-7,4.0000000E-7,-7.6709000E-3,6.4970310E-2,1.4066700E-3,2.4000000E-2,2.4000000E-2,1.9800000E-2
0.0000000E+0,5.0000000E-7,2.0000000E-7,-7.7493000E-3,6.4970310E-2,1.2874600E-3,2.4000000E-2,2.4000000E-2,1.9800000E-2
0.0000000E+0,-5.0000000E-7,6.0000000E-7,-7.7757000E-3,6.4970310E-2,1.1682500E-3,2.4000000E-2,2.4000000E-2,1.9800000E-2
0.0000000E+0,-2.0000000E-7,9.0000000E-7,-7.8090000E-3,6.4970310E-2,1.1920900E-3,2.4000000E-2,2.4000000E-2,1.9800000E-2
0.0000000E+0,8.0000000E-7,-4.0000000E-7,-7.9191000E-3,6.4970310E-2,6.4373000E-4,2.4000000E-2,2.4000000E-2,1.9800000E-2
0.0000000E+0,-5.0000000E-7,1.0000000E-7,-7.8557000E-3,6.4970310E-2,7.3909800E-4,2.4000000E-2,2.4000000E-2,1.9800000E-2
0.0000000E+0,3.0000000E-7,0.0000000E+0,-7.9422000E-3,6.4970310E-2,1.0013600E-3,2.4000000E-2,2.4000000E-2,1.9800000E-2
0.0000000E+0,-1.0000000E-6,-7.0000000E-7,-8.0332000E-3,6.4970310E-2,1.0728800E-3,2.4000000E-2,2.4000000E-2,1.9800000E-2
0.0000000E+0,-1.0000000E-6,-1.0000000E-7,-8.0853000E-3,6.4970310E-2,9.2983200E-4,2.4000000E-2,2.4000000E-2,1.9800000E-2
0.0000000E+0,5.0000000E-7,-7.0000000E-7,-8.1195000E-3,6.4970310E-2,1.1682500E-3,2.4000000E-2,2.4000000E-2,1.9800000E-2
0.0000000E+0,2.0000000E-7,-0.0000000E+0,-8.1717000E-3,6.4970310E-2,1.0728800E-3,2.4000000E-2,2.4000000E-2,1.9800000E-2
0.0000000E+0,8.0000000E-7,-0.0000000E+0,-8.2232000E-3,6.4970310E-2,1.3351400E-3,2.4000000E-2,2.4000000E-2,1.9800000E-2
0.0000000E+0,4.0000000E-7,1.0000000E-7,-8.3355000E-3,6.4970310E-2,1.3113000E-3,2.4000000E-2,2.4000000E-2,1.9800000E-2
0.0000000E+0,-3.0000000E-7,1.0000000E-7,-8.2868000E-3,6.4970310E-2,1.5974000E-3,2.4000000E-2,2.4000000E-2,1.9800000E-2
0.0000000E+0,-1.1000000E-6,-6.0000000E-7,-8.3994000E-3,6.4970310E-2,1.3113000E-3,2.4000000E-2,2.4000000E-2,1.9800000E-2
0.0000000E+0,5.0000000E-7,7.0000000E-7,-8.4135000E-3,6.4970310E-2,1.0252000E-3,2.4000000E-2,2.4000000E-2,1.9800000E-2
0.0000000E+0,-1.0000000E-7,-3.0000000E-7,-8.4616000E-3,6.4970310E-2,1.0967300E-3,2.4000000E-2,2.4000000E-2,1.9800000E-2
0.0000000E+0,1.0000000E-6,-4.0000000E-7,-8.5206000E-3,6.4970310E-2,1.2159300E-3,2.4000000E-2,2.4000000E-2,1.9800000E-2
0.0000000E+0,3.0000000E-7,-3.0000000E-7,-8.6128000E-3,6.4970310E-2,1.0728800E-3,2.4000000E-2,2.4000000E-2,1.9800000E-2
0.0000000E+0,-3.0000000E-7,1.0000000E-7,-8.6360000E-3,6.4970310E-2,1.0013600E-3,2.4000000E-2,2.4000000E-2,1.9800000E-2
0.0000000E+0,1.0000000E-7,-4.0000000E-7,-8.6269000E-3,6.4970310E-2,1.0728800E-3,2.4000000E-2,2.4000000E-2,1.9800000E-2
0.0000000E+0,0.0000000E+0,-1.0000000E-6,-8.7316000E-3,6.4970310E-2,1.2159300E-3,2.4000000E-2,2.4000000E-2,1.9800000E-2
0.0000000E+0,-6.0000000E-7,2.0000000E-7,-8.6897000E-3,6.4970310E-2,1.1205700E-3,2.4000000E-2,2.4000000E-2,1.9800000E-2
0.0000000E+0,3.0000000E-7,2.0000000E-7,-8.9532000E-3,6.4970310E-2,8.1062300E-4,2.4000000E-2,2.4000000E-2,1.9800000E-2
0.0000000E+0,4.0000000E-7,-2.0000000E-7,-8.9177000E-3,6.4970310E-2,1.0967300E-3,2.4000000E-2,2.4000000E-2,1.9800000E-2
0.0000000E+0,1.0000000E-7,1.0000000E-7,-9.0420000E-3,6.4970310E-2,1.0490400E-3,2.4000000E-2,2.4000000E-2,1.9800000E-2
0.0000000E+0,3.0000000E-7,3.0000000E-7,-9.0792000E-3,6.4970310E-2,1.2874600E-3,2.4000000E-2,2.4000000E-2,1.9800000E-2
0.0000000E+0,-6.0000000E-7,4.0000000E-7,-9.1326000E-3,6.4970310E-2,1.0490400E-3,2.4000000E-2,2.4000000E-2,1.9800000E-2
0.0000000E+0,8.0000000E-7,7.0000000E-7,-9.1715000E-3,6.4970310E-2,1.3828300E-3,2.4000000E-2,2.4000000E-2,1.9800000E-2
0.0000000E+0,0.0000000E+0,0.0000000E+0,-9.2124000E-3,6.4970310E-2,1.4782000E-3,2.4000000E-2,2.4000000E-2,1.9800000E-2
0.0000000E+0,1.1000000E-6,4.0000000E-7,-9.4801000E-3,6.4970310E-2,1.1444100E-3,2.4000000E-2,2.4000000E-2,1.9800000E-2
0.0000000E+0,-2.0000000E-7,-0.0000000E+0,-9.4451000E-3,6.4970310E-2,1.1920900E-3,2.4000000E-2,2.4000000E-2,1.9800000E-2
0.0000000E+0,4.0000000E-7,-1.0000000E-6,-9.5231000E-3,6.4970310E-2,9.2983200E-4,2.4000000E-2,2.4000000E-2,1.9800000E-2
0.0000000E+0,-1.0000000E-7,-2.0000000E-7,-9.5646000E-3,6.4970310E-2,1.0967300E-3,2.4000000E-2,2.4000000E-2,1.9800000E-2
0.0000000E+0,1.0000000E-7,3.0000000E-7,-9.6280000E-3,6.4970310E-2,8.8214900E-4,2.4000000E-2,2.4000000E-2,1.9800000E-2
0.0000000E+0,-6.0000000E-7,1.0000000E-7,-9.5601000E-3,6.4970310E-2,9.0599100E-4,2.4000000E-2,2.4000000E-2,1.9800000E-2
0.0000000E+0,3.0000000E-7,3.0000000E-7,-9.7006000E-3,6.4970310E-2,9.0599100E-4,2.4000000E-2,2.4000000E-2,1.9800000E-2
0.0000000E+0,-6.0000000E-7,3.0000000E-7,-9.7556000E-3,6.4970310E-2,8.1062300E-4,2.4000000E-2,2.4000000E-2,1.9800000E-2
0.0000000E+0,-0.0000000E+0,-0.0000000E+0,-9.7131000E-3,6.4970310E-2,1.5020400E-3,2.4000000E-2,2.4000000E-2,1.9800000E-2
0.0000000E+0,-7.0000000E-7,-4.0000000E-7,-9.7286000E-3,6.4970310E-2,1.0728800E-3,2.4000000E-2,2.4000000E-2,1.9800000E-2
0.0000000E+0,-1.4000000E-6,-5.0000000E-7,-1.0114200E-2,6.4970310E-2,8.1062300E-4,2.4000000E-2,2.4000000E-2,1.9800000E-2
0.0000000E+0,-3.0000000E-7,-4.0000000E-7,-1.0339300E-2,6.4970310E-2,8.3446500E-4,2.4000000E-2,2.4000000E-2,1.9800000E-2
0.0000000E+0,-3.0000000E-7,-5.0000000E-7,-1.0356800E-2,6.4970310E-2,1.2159300E-3,2.4000000E-2,2.4000000E-2,1.9800000E-2
0.0000000E+0,2.0000000E-7,-6.0000000E-7,-1.0434600E-2,6.4970310E-2,1.4305100E-3,2.4000000E-2,2.4000000E-2,1.9800000E-2
0.0000000E+0,-7.0000000E-7,-6.0000000E-7,-1.0480300E-2,6.4970310E-2,8.3446500E-4,2.4000000E-2,2.4000000E-2,1.9800000E-2
0.0000000E+0,9.0000000E-7,3.0000000E-7,-1.0472100E-2,6.4970310E-2,1.0967300E-3,2.4000000E-2,2.4000000E-2,1.9800000E-2
0.0000000E+0,7.0000000E-7,-4.0000000E-7,-1.0525100E-2,6.4970310E-2,1.2159300E-3,2.4000000E-2,2.4000000E-2,1.9800000E-2
0.0000000E+0,-5.0000000E-7,0.0000000E+0,-1.0454100E-2,6.4970310E-2,1.3828300E-3,2.4000000E-2,2.4000000E-2,1.9800000E-2
0.0000000E+0,-0.0000000E+0,1.0000000E-7,-1.0600600E-2,6.4970310E-2,1.0490400E-3,2.4000000E-2,2.4000000E-2,1.9800000E-2
0.0000000E+0,-1.0000000E-7,3.0000000E-7,-1.0857700E-2,6.4970310E-2,8.3446500E-4,2.4000000E-2,2.4000000E-2,1.9800000E-2
0.0000000E+0,9.0000000E-7,3.0000000E-7,-1.0833700E-2,6.4970310E-2,1.0967300E-3,2.4000000E-2,2.4000000E-2,1.9800000E-2
0.0000000E+0,1.0000000E-7,6.0000000E-7,-1.0937200E-2,6.4970310E-2,1.2159300E-3,2.4000000E-2,2.4000000E-2,1.9800000E-2
0.0000000E+0,8.0000000E-7,5.0000000E-7,-1.0985800E-2,6.4970310E-2,1.1444100E-3,2.4000000E-2,2.4000000E-2,1.9800000E-2
0.0000000E+0,6.0000000E-7,1.0000000E-7,-1.0997300E-2,6.4970310E-2,8.3446500E-4,2.4000000E-2,2.4000000E-2,1.9800000E-2
0.0000000E+0,-7.0000000E-7,0.0000000E+0,-1.0951200E-2,6.4970310E-2,8.1062300E-4,2.4000000E-2,2.4000000E-2,1.9800000E-2
0.0000000E+0,-2.0000000E-7,4.0000000E-7,-1.1158900E-2,6.4970310E-2,1.0252000E-3,2.4000000E-2,2.4000000E-2,1.9800000E-2
0.0000000E+0,-1.0000000E-7,0.0000000E+0,-1.1132000E-2,6.4970310E-2,5.2452100E-4,2.4000000E-2,2.4000000E-2,1.9800000E-2
0.0000000E+0,7.0000000E-7,1.0000000E-7,-1.1218200E-2,6.4970310E-2,6.1988800E-4,2.4000000E-2,2.4000000E-2,1.9800000E-2
0.0000000E+0,3.0000000E-7,1.1000000E-6,-1.1275400E-2,6.4970310E-2,7.8678100E-4,2.4000000E-2,2.4000000E-2,1.9800000E-2
0.0000000E+0,-1.0000000E-7,-1.0000000E-7,-1.1520100E-2,6.4970310E-2,1.0013600E-3,2.4000000E-2,2.4000000E-2,1.9800000E-2
0.0000000E+0,5.0000000E-7,3.0000000E-7,-1.1644200E-2,6.4970310E-2,6.6757200E-4,2.4000000E-2,2.4000000E-2,1.9800000E-2
0.0000000E+0,-3.0000000E-7,3.0000000E-7,-1.1648400E-2,6.4970310E-2,4.2915300E-4,2.4000000E-2,2.4000000E-2,1.9800000E-2
0.0000000E+0,9.0000000E-7,1.0000000E-6,-1.1679600E-2,6.4970310E-2,7.8678100E-4,2.4000000E-2,2.4000000E-2,1.9800000E-2
0.0000000E+0,6.0000000E-7,2.0000000E-7,-1.1718000E-2,6.4970310E-2,6.9141400E-4,2.4000000E-2,2.4000000E-2,1.9800000E-2
0.0000000E+0,5.0000000E-7,-6.0000000E-7,-1.1737500E-2,6.4970310E-2,7.8678100E-4,2.4000000E-2,2.4000000E-2,1.9800000E-2
0.0000000E+0,-1.0000000E-7,3.0000000E-7,-1.1827900E-2,6.4970310E-2,9.5367400E-4,2.4000000E-2,2.4000000E-2,1.9800000E-2
0.0000000E+0,-8.0000000E-7,2.0000000E-7,-1.1870900E-2,6.4970310E-2,8.8214900E-4,2.4000000E-2,2.4000000E-2,1.9800000E-2
0.0000000E+0,7.0000000E-7,-2.0000000E-7,-1.1969700E-2,6.4970310E-2,1.3113000E-3,2.4000000E-2,2.4000000E-2,1.9800000E-2
0.0000000E+0,1.0000000E-7,4.0000000E-7,-1.2062600E-2,6.4970310E-2,1.0728800E-3,2.4000000E-2,2.4000000E-2,1.9800000E-2
0.0000000E+0,-1.0000000E-7,0.0000000E+0,-1.2094500E-2,6.4970310E-2,1.1920900E-3,2.4000000E-2,2.4000000E-2,1.9800000E-2
0.0000000E+0,0.0000000E+0,7.0000000E-7,-1.2134800E-2,6.4970310E-2,1.0728800E-3,2.4000000E-2,2.4000000E-2,1.9800000E-2
0.0000000E+0,-8.0000000E-7,-1.0000000E-7,-1.2264900E-2,6.4970310E-2,1.2874600E-3,2.4000000E-2,2.4000000E-2,1.9800000E-2
0.0000000E+0,5.0000000E-7,-3.0000000E-7,-1.2286000E-2,6.4970310E-2,1.2636200E-3,2.4000000E-2,2.4000000E-2,1.9800000E-2
0.0000000E+0,-1.0000000E-7,-3.0000000E-7,-1.2352900E-2,6.4970310E-2,1.1205700E-3,2.4000000E-2,2.4000000E-2,1.9800000E-2
0.0000000E+0,1.0000000E-7,3.0000000E-7,-1.2354500E-2,6.4970310E-2,1.2874600E-3,2.4000000E-2,2.4000000E-2,1.9800000E-2
0.0000000E+0,-4.0000000E-7,1.0000000E-6,-1.2461500E-2,6.4970310E-2,4.7683700E-4,2.4000000E-2,2.4000000E-2,1.9800000E-2
0.0000000E+0,-3.0000000E-7,-2.0000000E-7,-1.2429600E-2,6.4970310E-2,8.8214900E-4,2.4000000E-2,2.4000000E-2,1.9800000E-2
0.0000000E+0,3.0000000E-7,1.0000000E-7,-1.2512000E-2,6.4970310E-2,1.1920900E-3,2.4000000E-2,2.4000000E-2,1.9800000E-2
0.0000000E+0,5.0000000E-7,-0.0000000E+0,-1.2554400E-2,6.4970310E-2,1.2397800E-3,2.4000000E-2,2.4000000E-2,1.9800000E-2
0.0000000E+0,7.0000000E-7,-0.0000000E+0,-1.2618800E-2,6.4970310E-2,8.8214900E-4,2.4000000E-2,2.4000000E-2,1.9800000E-2
0.0000000E+0,-4.0000000E-7,7.0000000E-7,-1.2663200E-2,6.4970310E-2,8.1062300E-4,2.4000000E-2,2.4000000E-2,1.9800000E-2
0.0000000E+0,-1.0000000E-7,1.0000000E-7,-1.2709100E-2,6.4970310E-2,8.8214900E-4,2.4000000E-2,2.4000000E-2,1.9800000E-2
0.0000000E+0,1.0000000E-7,-5.0000000E-7,-1.2797500E-2,6.4970310E-2,1.1205700E-3,2.4000000E-2,2.4000000E-2,1.9800000E-2
0.0000000E+0,-2.0000000E-7,6.0000000E-7,-1.2846000E-2,6.4970310E-2,8.5830700E-4,2.4000000E-2,2.4000000E-2,1.9800000E-2
0.0000000E+0,1.0000000E-7,4.0000000E-7,-1.2911600E-2,6.4970310E-2,7.3909800E-4,2.4000000E-2,2.4000000E-2,1.9800000E-2
0.0000000E+0,-1.0000000E-7,0.0000000E+0,-1.2948400E-2,6.4970310E-2,7.6293900E-4,2.4000000E-2,2.4000000E-2,1.9800000E-2
0.0000000E+0,4.0000000E-7,-5.0000000E-7,-1.2985200E-2,6.4970310E-2,1.1205700E-3,2.4000000E-2,2.4000000E-2,1.9800000E-2
0.0000000E+0,-1.0000000E-7,0.0000000E+0,-1.3055200E-2,6.4970310E-2,1.0728800E-3,2.4000000E-2,2.4000000E-2,1.9800000E-2
0.0000000E+0,-1.0000000E-7,-8.0000000E-7,-1.3092000E-2,6.4970310E-2,8.3446500E-4,2.4000000E-2,2.4000000E-2,1.9800000E-2
0.0000000E+0,-5.0000000E-7,1.0000000E-7,-1.3131700E-2,6.4970310E-2,1.1920900E-3,2.4000000E-2,2.4000000E-2,1.9800000E-2
0.0000000E+0,-6.0000000E-7,-1.0000000E-7,-1.3182600E-2,6.4970310E-2,1.2159300E-3,2.4000000E-2,2.4000000E-2,1.9800000E-2
0.0000000E+0,-1.0000000E-7,-1.0000000E-7,-1.3237400E-2,6.4970310E-2,6.6757200E-4,2.4000000E-2,2.4000000E-2,1.9800000E-2
0.0000000E+0,2.0000000E-7,-0.0000000E+0,-1.3276100E-2,6.4970310E-2,1.1920900E-3,2.4000000E-2,2.4000000E-2,1.9800000E-2
0.0000000E+0,-8.0000000E-7,3.0000000E-7,-1.3342200E-2,6.4970310E-2,9.7751600E-4,2.4000000E-2,2.4000000E-2,1.9800000E-2
0.0000000E+0,2.0000000E-7,-1.0000000E-7,-1.3396500E-2,6.4970310E-2,9.2983200E-4,2.4000000E-2,2.4000000E-2,1.9800000E-2
0.0000000E+0,6.0000000E-7,-0.0000000E+0,-1.3441900E-2,6.4970310E-2,9.2983200E-4,2.4000000E-2,2.4000000E-2,1.9800000E-2
0.0000000E+0,-3.0000000E-7,-3.0000000E-7,-1.3488200E-2,6.4970310E-2,8.8214900E-4,2.4000000E-2,2.4000000E-2,1.9800000E-2
0.0000000E+0,-3.0000000E-7,5.0000000E-7,-1.3548900E-2,6.4970310E-2,8.1062300E-4,2.4000000E-2,2.4000000E-2,1.9800000E-2
0.0000000E+0,-1.0000000E-7,8.0000000E-7,-1.3594000E-2,6.4970310E-2,5.9604600E-4,2.4000000E-2,2.4000000E-2,1.9800000E-2
0.0000000E+0,-1.0000000E-7,1.0000000E-7,-1.3642300E-2,6.4970310E-2,1.0967300E-3,2.4000000E-2,2.4000000E-2,1.9800000E-2
0.0000000E+0,-4.0000000E-7,3.0000000E-7,-1.3699000E-2,6.4970310E-2,6.1988800E-4,2.4000000E-2,2.4000000E-2,1.9800000E-2
0.0000000E+0,1.0000000E-7,-2.0000000E-7,-1.3743300E-2,6.4970310E-2,7.1525600E-4,2.4000000E-2,2.4000000E-2,1.9800000E-2
0.0000000E+0,5.0000000E-7,-2.0000000E-7,-1.3795200E-2,6.4970310E-2,6.9141400E-4,2.4000000E-2,2.4000000E-2,1.9800000E-2
0.0000000E+0,1.1000000E-6,-5.0000000E-7,-1.3843300E-2,6.4970310E-2,5.0067900E-4,2.4000000E-2,2.4000000E-2,1.9800000E-2
0.0000000E+0,8.0000000E-7,-5.0000000E-7,-1.3895100E-2,6.4970310E-2,5.9604600E-4,2.4000000E-2,2.4000000E-2,1.9800000E-2
0.0000000E+0,6.0000000E-7,1.0000000E-7,-1.3946300E-2,6.4970310E-2,5.7220500E-4,2.4000000E-2,2.4000000E-2,1.9800000E-2
0.0000000E+0,-7.0000000E-7,-2.0000000E-7,-1.3993500E-2,6.4970310E-2,6.9141400E-4,2.4000000E-2,2.4000000E-2,1.9800000E-2
0.0000000E+0,3.0000000E-7,1.1000000E-6,-1.4041800E-2,6.4970310E-2,5.7220500E-4,2.4000000E-2,2.4000000E-2,1.9800000E-2
0.0000000E+0,3.0000000E-7,4.0000000E-7,-1.4092800E-2,6.4970310E-2,6.1988800E-4,2.4000000E-2,2.4000000E-2,1.9800000E-2
0.0000000E+0,2.0000000E-7,4.0000000E-7,-1.4142200E-2,6.4970310E-2,1.2874600E-3,2.4000000E-2,2.4000000E-2,1.9800000E-2
0.0000000E+0,-2.0000000E-7,-2.0000000E-7,-1.4194700E-2,6.4970310E-2,7.8678100E-4,2.4000000E-2,2.4000000E-2,1.9800000E-2
0.0000000E+0,-6.0000000E-7,-4.0000000E-7,-1.4243300E-2,6.4970310E-2,7.1525600E-4,2.4000000E-2,2.4000000E-2,1.9800000E-2
0.0000000E+0,1.0000000E-7,-5.0000000E-7,-1.4291300E-2,6.4970310E-2,9.7751600E-4,2.4000000E-2,2.4000000E-2,1.9800000E-2
0.0000000E+0,-8.0000000E-7,1.0000000E-7,-1.4346600E-2,6.4970310E-2,5.2452100E-4,2.4000000E-2,2.4000000E-2,1.9800000E-2
0.0000000E+0,-9.0000000E-7,-3.0000000E-7,-1.4396200E-2,6.4970310E-2,6.6757200E-4,2.4000000E-2,2.4000000E-2,1.9800000E-2
0.0000000E+0,2.0000000E-7,2.0000000E-7,-1.4445800E-2,6.4970310E-2,1.0728800E-3,2.4000000E-2,2.4000000E-2,1.9800000E-2
0.0000000E+0,-0.0000000E+0,-2.0000000E-7,-1.4492200E-2,6.4970310E-2,1.0252000E-3,2.4000000E-2,2.4000000E-2,1.9800000E-2
0.0000000E+0,0.0000000E+0,-8.0000000E-7,-1.4550700E-2,6.4970310E-2,8.1062300E-4,2.4000000E-2,2.4000000E-2,1.9800000E-2
0.0000000E+0,3.0000000E-7,-3.0000000E-7,-1.4591700E-2,6.4970310E-2,9.2983200E-4,2.4000000E-2,2.4000000E-2,1.9800000E-2
0.0000000E+0,1.5000000E-6,8.0000000E-7,-1.4645100E-2,6.4970310E-2,1.0967300E-3,2.4000000E-2,2.4000000E-2,1.9800000E-2
0.0000000E+0,8.0000000E-7,1.0000000E-7,-1.4697400E-2,6.4970310E-2,9.7751600E-4,2.4000000E-2,2.4000000E-2,1.9800000E-2
0.0000000E+0,-6.0000000E-7,6.0000000E-7,-1.4742400E-2,6.4970310E-2,1.0252000E-3,2.4000000E-2,2.4000000E-2,1.9800000E-2
0.0000000E+0,4.0000000E-7,-4.0000000E-7,-1.4796600E-2,6.4970310E-2,1.1682500E-3,2.4000000E-2,2.4000000E-2,1.9800000E-2
0.0000000E+0,-1.0000000E-7,-0.0000000E+0,-1.4846500E-2,6.4970310E-2,9.7751600E-4,2.4000000E-2,2.4000000E-2,1.9800000E-2
0.0000000E+0,4.0000000E-7,-1.0000000E-7,-1.4897700E-2,6.4970310E-2,1.0252000E-3,2.4000000E-2,2.4000000E-2,1.9800000E-2
0.0000000E+0,5.0000000E-7,1.0000000E-7,-1.4945800E-2,6.4970310E-2,9.2983200E-4,2.4000000E-2,2.4000000E-2,1.9800000E-2
0.0000000E+0,4.0000000E-7,-4.0000000E-7,-1.4995000E-2,6.4970310E-2,1.0728800E-3,2.4000000E-2,2.4000000E-2,1.9800000E-2
0.0000000E+0,6.0000000E-7,3.0000000E-7,-1.5040800E-2,6.4970310E-2,9.0599100E-4,2.4000000E-2,2.4000000E-2,1.9800000E-2
0.0000000E+0,5.0000000E-7,0.0000000E+0,-1.5095200E-2,6.4970310E-2,1.0967300E-3,2.4000000E-2,2.4000000E-2,1.9800000E-2
0.0000000E+0,-7.0000000E-7,1.0000000E-7,-1.5144100E-2,6.4970310E-2,1.0967300E-3,2.4000000E-2,2.4000000E-2,1.9800000E-2
0.0000000E+0,1.0000000E-7,3.0000000E-7,-1.5193100E-2,6.4970310E-2,9.5367400E-4,2.4000000E-2,2.4000000E-2,1.9800000E-2
0.0000000E+0,2.0000000E-7,3.0000000E-7,-1.5248700E-2,6.4970310E-2,6.6757200E-4,2.4000000E-2,2.4000000E-2,1.9800000E-2
0.0000000E+0,2.0000000E-7,-1.0000000E-7,-1.5290800E-2,6.4970310E-2,9.2983200E-4,2.4000000E-2,2.4000000E-2,1.9800000E-2
0.0000000E+0,-8.0000000E-7,-2.0000000E-7,-1.5343100E-2,6.4970310E-2,1.3589900E-3,2.4000000E-2,2.4000000E-2,1.9800000E-2
0.0000000E+0,1.3000000E-6,-1.0000000E-7,-1.5391700E-2,6.4970310E-2,7.1525600E-4,2.4000000E-2,2.4000000E-2,1.9800000E-2
0.0000000E+0,5.0000000E-7,-6.0000000E-7,-1.5445300E-2,6.4970310E-2,1.0728800E-3,2.4000000E-2,2.4000000E-2,1.9800000E-2
0.0000000E+0,-9.0000000E-7,-5.0000000E-7,-1.5490900E-2,6.4970310E-2,1.2636200E-3,2.4000000E-2,2.4000000E-2,1.9800000E-2
0.0000000E+0,1.0000000E-7,1.0000000E-7,-1.5545200E-2,6.4970310E-2,8.8214900E-4,2.4000000E-2,2.4000000E-2,1.9800000E-2
0.0000000E+0,-1.0000000E-7,4.0000000E-7,-1.5597600E-2,6.4970310E-2,1.1444100E-3,2.4000000E-2,2.4000000E-2,1.9800000E-2
0.0000000E+0,-4.0000000E-7,-0.0000000E+0,-1.5639600E-2,6.4970310E-2,1.0728800E-3,2.4000000E-2,2.4000000E-2,1.9800000E-2
0.0000000E+0,0.0000000E+0,3.0000000E-7,-1.5695900E-2,6.4970310E-2,6.6757200E-4,2.4000000E-2,2.4000000E-2,1.9800000E-2
0.0000000E+0,1.1000000E-6,3.0000000E-7,-1.5743600E-2,6.4970310E-2,9.0599100E-4,2.4000000E-2,2.4000000E-2,1.9800000E-2
0.0000000E+0,2.0000000E-7,2.0000000E-7,-1.5789700E-2,6.4970310E-2,6.4373000E-4,2.4000000E-2,2.4000000E-2,1.9800000E-2
0.0000000E+0,-4.0000000E-7,1.0000000E-7,-1.5838200E-2,6.4970310E-2,5.0067900E-4,2.4000000E-2,2.4000000E-2,1.9800000E-2
0.0000000E+0,5.0000000E-7,-1.0000000E-7,-1.5895600E-2,6.4970310E-2,1.0490400E-3,2.4000000E-2,2.4000000E-2,1.9800000E-2
0.0000000E+0,-7.0000000E-7,3.0000000E-7,-1.5944100E-2,6.4970310E-2,9.2983200E-4,2.4000000E-2,2.4000000E-2,1.9800000E-2
0.0000000E+0,-3.0000000E-7,2.0000000E-7,-1.5989100E-2,6.4970310E-2,1.1205700E-3,2.4000000E-2,2.4000000E-2,1.9800000E-2
0.0000000E+0,5.0000000E-7,-3.0000000E-7,-1.6039000E-2,6.4970310E-2,6.6757200E-4,2.4000000E-2,2.4000000E-2,1.9800000E-2
0.0000000E+0,2.0000000E-7,1.0000000E-7,-1.6093300E-2,6.4970310E-2,1.0013600E-3,2.4000000E-2,2.4000000E-2,1.9800000E-2
0.0000000E+0,0.0000000E+0,0.0000000E+0,-1.6147600E-2,6.4970310E-2,7.3909800E-4,2.4000000E-2,2.4000000E-2,1.9800000E-2
0.0000000E+0,-2.0000000E-7,-2.0000000E-7,-1.6192400E-2,6.4970310E-2,1.2397800E-3,2.4000000E-2,2.4000000E-2,1.9800000E-2
0.0000000E+0,-9.0000000E-7,7.0000000E-7,-1.6245100E-2,6.4970310E-2,1.3589900E-3,2.4000000E-2,2.4000000E-2,1.9800000E-2
0.0000000E+0,-1.3000000E-6,-2.0000000E-7,-1.6291900E-2,6.4970310E-2,1.3113000E-3,2.4000000E-2,2.4000000E-2,1.9800000E-2
0.0000000E+0,1.0000000E-7,1.0000000E-7,-1.6343900E-2,6.4970310E-2,1.1444100E-3,2.4000000E-2,2.4000000E-2,1.9800000E-2
0.0000000E+0,-1.0000000E-7,-2.0000000E-7,-1.6391600E-2,6.4970310E-2,1.1444100E-3,2.4000000E-2,2.4000000E-2,1.9800000E-2
0.0000000E+0,-1.0000000E-7,-5.0000000E-7,-1.6448100E-2,6.4970310E-2,1.3351400E-3,2.4000000E-2,2.4000000E-2,1.9800000E-2
0.0000000E+0,4.0000000E-7,2.0000000E-7,-1.6496900E-2,6.4970310E-2,1.1920900E-3,2.4000000E-2,2.4000000E-2,1.9800000E-2
0.0000000E+0,3.0000000E-7,-9.0000000E-7,-1.6542500E-2,6.4970310E-2,9.5367400E-4,2.4000000E-2,2.4000000E-2,1.9800000E-2
0.0000000E+0,-2.0000000E-7,1.0000000E-7,-1.6590600E-2,6.4970310E-2,1.0967300E-3,2.4000000E-2,2.4000000E-2,1.9800000E-2
0.0000000E+0,-0.0000000E+0,-1.0000000E-7,-1.6645600E-2,6.4970310E-2,1.3351400E-3,2.4000000E-2,2.4000000E-2,1.9800000E-2
0.0000000E+0,5.0000000E-7,3.0000000E-7,-1.6692100E-2,6.4970310E-2,1.4543500E-3,2.4000000E-2,2.4000000E-2,1.9800000E-2
0.0000000E+0,-4.0000000E-7,6.0000000E-7,-1.6747300E-2,6.4970310E-2,1.1444100E-3,2.4000000E-2,2.4000000E-2,1.9800000E-2
0.0000000E+0,-1.3000000E-6,-5.0000000E-7,-1.6794700E-2,6.4970310E-2,1.4782000E-3,2.4000000E-2,2.4000000E-2,1.9800000E-2
0.0000000E+0,-4.0000000E-7,-2.0000000E-7,-1.6842400E-2,6.4970310E-2,1.1205700E-3,2.4000000E-2,2.4000000E-2,1.9800000E-2
0.0000000E+0,7.0000000E-7,5.0000000E-7,-1.6896000E-2,6.4970310E-2,1.1920900E-3,2.4000000E-2,2.4000000E-2,1.9800000E-2
0.0000000E+0,-2.0000000E-7,3.0000000E-7,-1.6946700E-2,6.4970310E-2,1.3589900E-3,2.4000000E-2,2.4000000E-2,1.9800000E-2
0.0000000E+0,1.0000000E-6,3.0000000E-7,-1.6992400E-2,6.4970310E-2,1.2636200E-3,2.4000000E-2,2.4000000E-2,1.9800000E-2
0.0000000E+0,6.0000000E-7,1.0000000E-7,-1.7047300E-2,6.4970310E-2,1.2874600E-3,2.4000000E-2,2.4000000E-2,1.9800000E-2
0.0000000E+0,4.0000000E-7,-5.0000000E-7,-1.7096100E-2,6.4970310E-2,1.5020400E-3,2.4000000E-2,2.4000000E-2,1.9800000E-2
0.0000000E+0,5.0000000E-7,1.0000000E-7,-1.7145900E-2,6.4970310E-2,1.1682500E-3,2.4000000E-2,2.4000000E-2,1.9800000E-2
0.0000000E+0,-9.0000000E-7,-5.0000000E-7,-1.7191600E-2,6.4970310E-2,1.0967300E-3,2.4000000E-2,2.4000000E-2,1.9800000E-2
0.0000000E+0,1.0000000E-7,-1.0000000E-7,-1.7244100E-2,6.4970310E-2,1.0490400E-3,2.4000000E-2,2.4000000E-2,1.9800000E-2
0.0000000E+0,1.0000000E-7,1.0000000E-7,-1.7296600E-2,6.4970310E-2,9.7751600E-4,2.4000000E-2,2.4000000E-2,1.9800000E-2
0.0000000E+0,3.0000000E-7,-3.0000000E-7,-1.7347600E-2,6.4970310E-2,8.3446500E-4,2.4000000E-2,2.4000000E-2,1.9800000E-2
0.0000000E+0,3.0000000E-7,-1.2000000E-6,-1.7393900E-2,6.4970310E-2,1.0728800E-3,2.4000000E-2,2.4000000E-2,1.9800000E-2
0.0000000E+0,4.0000000E-7,-3.0000000E-7,-1.7445300E-2,6.4970310E-2,1.0967300E-3,2.4000000E-2,2.4000000E-2,1.9800000E-2
0.0000000E+0,-3.0000000E-7,-6.0000000E-7,-1.7499900E-2,6.4970310E-2,7.1525600E-4,2.4000000E-2,2.4000000E-2,1.9800000E-2
0.0000000E+0,1.0000000E-7,-1.0000000E-7,-1.7548200E-2,6.4970310E-2,1.3589900E-3,2.4000000E-2,2.4000000E-2,1.9800000E-2
0.0000000E+0,3.0000000E-7,-1.0000000E-7,-1.7595000E-2,6.4970310E-2,1.0967300E-3,2.4000000E-2,2.4000000E-2,1.9800000E-2
0.0000000E+0,1.0000000E-7,-1.0000000E-7,-1.7642200E-2,6.4970310E-2,9.7751600E-4,2.4000000E-2,2.4000000E-2,1.9800000E-2
0.0000000E+0,-7.0000000E-7,0.0000000E+0,-1.7698700E-2,6.4970310E-2,1.2636200E-3,2.4000000E-2,2.4000000E-2,1.9800000E-2
0.0000000E+0,1.0000000E-7,1.0000000E-7,-1.7747600E-2,6.4970310E-2,8.1062300E-4,2.4000000E-2,2.4000000E-2,1.9800000E-2
0.0000000E+0,-1.0000000E-7,-5.0000000E-7,-1.7793900E-2,6.4970310E-2,1.1920900E-3,2.4000000E-2,2.4000000E-2,1.9800000E-2
0.0000000E+0,-1.3000000E-6,-2.0000000E-7,-1.7844700E-2,6.4970310E-2,1.0013600E-3,2.4000000E-2,2.4000000E-2,1.9800000E-2
0.0000000E+0,4.0000000E-7,1.0000000E-7,-1.7895700E-2,6.4970310E-2,1.0013600E-3,2.4000000E-2,2.4000000E-2,1.9800000E-2
0.0000000E+0,-7.0000000E-7,-2.0000000E-7,-1.7948200E-2,6.4970310E-2,1.5974000E-3,2.4000000E-2,2.4000000E-2,1.9800000E-2
0.0000000E+0,1.0000000E-7,-8.0000000E-7,-1.7992300E-2,6.4970310E-2,1.6212500E-3,2.4000000E-2,2.4000000E-2,1.9800000E-2
0.0000000E+0,-1.0000000E-7,0.0000000E+0,-1.8045000E-2,6.4970310E-2,1.4543500E-3,2.4000000E-2,2.4000000E-2,1.9800000E-2
0.0000000E+0,-1.0000000E-7,6.0000000E-7,-1.8091400E-2,6.4970310E-2,1.1682500E-3,2.4000000E-2,2.4000000E-2,1.9800000E-2
0.0000000E+0,1.0000000E-7,4.0000000E-7,-1.8144100E-2,6.4970310E-2,1.5735600E-3,2.4000000E-2,2.4000000E-2,1.9800000E-2
0.0000000E+0,-1.0000000E-7,-6.0000000E-7,-1.8191700E-2,6.4970310E-2,1.6212500E-3,2.4000000E-2,2.4000000E-2,1.9800000E-2
0.0000000E+0,-2.0000000E-7,2.0000000E-7,-1.8245600E-2,6.4970310E-2,1.3113000E-3,2.4000000E-2,2.4000000E-2,1.9800000E-2
0.0000000E+0,-6.0000000E-7,-0.0000000E+0,-1.8291700E-2,6.4970310E-2,1.1205700E-3,2.4000000E-2,2.4000000E-2,1.9800000E-2
0.0000000E+0,-4.0000000E-7,-5.0000000E-7,-1.8346000E-2,6.4970310E-2,1.1205700E-3,2.4000000E-2,2.4000000E-2,1.9800000E-2
0.0000000E+0,2.0000000E-7,-3.0000000E-7,-1.8395000E-2,6.4970310E-2,1.1205700E-3,2.4000000E-2,2.4000000E-2,1.9800000E-2
0.0000000E+0,6.0000000E-7,1.0000000E-7,-1.8443300E-2,6.4970310E-2,1.0490400E-3,2.4000000E-2,2.4000000E-2,1.9800000E-2
0.0000000E+0,-7.0000000E-7,-3.0000000E-7,-1.8497800E-2,6.4970310E-2,1.0252000E-3,2.4000000E-2,2.4000000E-2,1.9800000E-2
0.0000000E+0,5.0000000E-7,-1.0000000E-7,-1.8541200E-2,6.4970310E-2,1.5258800E-3,2.4000000E-2,2.4000000E-2,1.9800000E-2
0.0000000E+0,-2.0000000E-7,-1.0000000E-7,-1.8597500E-2,6.4970310E-2,1.0728800E-3,2.4000000E-2,2.4000000E-2,1.9800000E-2
0.0000000E+0,1.0000000E-7,5.0000000E-7,-1.8645800E-2,6.4970310E-2,1.3828300E-3,2.4000000E-2,2.4000000E-2,1.9800000E-2
0.0000000E+0,3.0000000E-7,-5.0000000E-7,-1.8692200E-2,6.4970310E-2,1.2159300E-3,2.4000000E-2,2.4000000E-2,1.9800000E-2
0.0000000E+0,7.0000000E-7,-4.0000000E-7,-1.8744500E-2,6.4970310E-2,7.3909800E-4,2.4000000E-2,2.4000000E-2,1.9800000E-2
0.0000000E+0,4.0000000E-7,-1.0000000E-7,-1.8793200E-2,6.4970310E-2,1.2874600E-3,2.4000000E-2,2.4000000E-2,1.9800000E-2
0.0000000E+0,-4.0000000E-7,5.0000000E-7,-1.8842200E-2,6.4970310E-2,1.1920900E-3,2.4000000E-2,2.4000000E-2,1.9800000E-2
0.0000000E+0,-7.0000000E-7,-1.0000000E-7,-1.8896000E-2,6.4970310E-2,8.3446500E-4,2.4000000E-2,2.4000000E-2,1.9800000E-2
0.0000000E+0,-6.0000000E-7,-1.0000000E-7,-1.8934100E-2,6.4970310E-2,1.0967300E-3,2.4000000E-2,2.4000000E-2,1.9800000E-2
0.0000000E+0,8.0000000E-7,6.0000000E-7,-1.8991100E-2,6.4970310E-2,1.0967300E-3,2.4000000E-2,2.4000000E-2,1.9800000E-2
0.0000000E+0,3.0000000E-7,-5.0000000E-7,-1.9042100E-2,6.4970310E-2,1.5020400E-3,2.4000000E-2,2.4000000E-2,1.9800000E-2
0.0000000E+0,4.0000000E-7,-7.0000000E-7,-1.9093500E-2,6.4970310E-2,1.3113000E-3,2.4000000E-2,2.4000000E-2,1.9800000E-2
0.0000000E+0,9.0000000E-7,3.0000000E-7,-1.9144000E-2,6.4970310E-2,1.5974000E-3,2.4000000E-2,2.4000000E-2,1.9800000E-2
0.0000000E+0,4.0000000E-7,-2.0000000E-7,-1.9193600E-2,6.4970310E-2,1.2159300E-3,2.4000000E-2,2.4000000E-2,1.9800000E-2
0.0000000E+0,-2.0000000E-7,7.0000000E-7,-1.9244200E-2,6.4970310E-2,1.1444100E-3,2.4000000E-2,2.4000000E-2,1.9800000E-2
0.0000000E+0,-6.0000000E-7,-7.0000000E-7,-1.9293400E-2,6.4970310E-2,1.0490400E-3,2.4000000E-2,2.4000000E-2,1.9800000E-2
0.0000000E+0,7.0000000E-7,8.0000000E-7,-1.9343000E-2,6.4970310E-2,1.2874600E-3,2.4000000E-2,2.4000000E-2,1.9800000E-2
0.0000000E+0,-9.0000000E-7,-0.0000000E+0,-1.9389800E-2,6.4970310E-2,1.2397800E-3,2.4000000E-2,2.4000000E-2,1.9800000E-2
0.0000000E+0,-1.1000000E-6,-2.0000000E-7,-1.9447000E-2,6.4970310E-2,1.3113000E-3,2.4000000E-2,2.4000000E-2,1.9800000E-2
0.0000000E+0,-2.0000000E-7,-2.0000000E-7,-1.9490600E-2,6.4970310E-2,1.3351400E-3,2.4000000E-2,2.4000000E-2,1.9800000E-2
0.0000000E+0,6.0000000E-7,-7.0000000E-7,-1.9543800E-2,6.4970310E-2,1.2636200E-3,2.4000000E-2,2.4000000E-2,1.9800000E-2
0.0000000E+0,-8.0000000E-7,1.0000000E-7,-1.9591000E-2,6.4970310E-2,9.5367400E-4,2.4000000E-2,2.4000000E-2,1.9800000E-2
0.0000000E+0,-1.0000000E-7,5.0000000E-7,-1.9646400E-2,6.4970310E-2,1.3828300E-3,2.4000000E-2,2.4000000E-2,1.9800000E-2
0.0000000E+0,1.0000000E-6,7.0000000E-7,-1.9693400E-2,6.4970310E-2,1.4066700E-3,2.4000000E-2,2.4000000E-2,1.9800000E-2
0.0000000E+0,-0.0000000E+0,-0.0000000E+0,-1.9741900E-2,6.4970310E-2,1.3113000E-3,2.4000000E-2,2.4000000E-2,1.9800000E-2
0.0000000E+0,-1.2000000E-6,6.0000000E-7,-1.9792500E-2,6.4970310E-2,1.0252000E-3,2.4000000E-2,2.4000000E-2,1.9800000E-2
0.0000000E+0,-7.0000000E-7,3.0000000E-7,-1.9844800E-2,6.4970310E-2,1.4066700E-3,2.4000000E-2,2.4000000E-2,1.9800000E-2
0.0000000E+0,-7.0000000E-7,2.0000000E-7,-1.9887800E-2,6.4970310E-2,1.5735600E-3,2.4000000E-2,2.4000000E-2,1.9800000E-2
0.0000000E+0,5.0000000E-7,-2.0000000E-7,-1.9943200E-2,6.4970310E-2,1.2636200E-3,2.4000000E-2,2.4000000E-2,1.9800000E-2
0.0000000E+0,-7.0000000E-7,-6.0000000E-7,-1.9994100E-2,6.4970310E-2,1.3351400E-3,2.4000000E-2,2.4000000E-2,1.9800000E-2
