Idc,Bx,By,Bz,Vdc_adc,V_bg,dBx,dBy,dBz,
nA,T,T,T,mV,V,T/min,T/min,T/min,
0.0000000E+0,-6.0000000E-7,-0.0000000E+0,1.0000100E-2,6.4970310E-2,4.9999600E+1,2.4000000E-2,2.4000000E-2,1.9800000E-2
0.0000000E+0,-0.0000000E+0,-8.0000000E-7,9.9539000E-3,6.4970310E-2,4.9999400E+1,2.4000000E-2,2.4000000E-2,1.9800000E-2
0.0000000E+0,-3.0000000E-7,1.0000000E-7,9.9105000E-3,6.4970310E-2,4.9999300E+1,2.4000000E-2,2.4000000E-2,1.9800000E-2
0.0000000E+0,-3.0000000E-7,3.0000000E-7,9.8493000E-3,6.4970310E-2,4.9999300E+1,2.4000000E-2,2.4000000E-2,1.9800000E-2
0.0000000E+0,5.0000000E-7,6.0000000E-7,9.8048000E-3,6.4970310E-2,4.9999100E+1,2.4000000E-2,2.4000000E-2,1.9800000E-2
0.0000000E+0,2.0000000E-7,-2.0000000E-7,9.7534000E-3,6.4970310E-2,4.9999300E+1,2.4000000E-2,2.4000000E-2,1.9800000E-2
0.0000000E+0,-1.0000000E-7,-2.0000000E-7,9.7086000E-3,6.4970310E-2,4.9999300E+1,2.4000000E-2,2.4000000E-2,1.9800000E-2
0.0000000E+0,0.0000000E+0,-7.0000000E-7,9.6532000E-3,6.4970310E-2,4.9999600E+1,2.4000000E-2,2.4000000E-2,1.9800000E-2
0.0000000E+0,0.0000000E+0,-6.0000000E-7,9.6040000E-3,6.4970310E-2,4.9999900E+1,2.4000000E-2,2.4000000E-2,1.9800000E-2
0.0000000E+0,-2.0000000E-7,4.0000000E-7,9.5573000E-3,6.4970310E-2,4.9999200E+1,2.4000000E-2,2.4000000E-2,1.9800000E-2
0.0000000E+0,-3.0000000E-7,5.0000000E-7,9.5063000E-3,6.4970310E-2,4.9999500E+1,2.4000000E-2,2.4000000E-2,1.9800000E-2
0.0000000E+0,3.0000000E-7,-2.0000000E-7,9.4571000E-3,6.4970310E-2,4.9999600E+1,2.4000000E-2,2.4000000E-2,1.9800000E-2
0.0000000E+0,3.0000000E-7,2.0000000E-7,9.4035000E-3,6.4970310E-2,4.9999500E+1,2.4000000E-2,2.4000000E-2,1.9800000E-2
0.0000000E+0,4.0000000E-7,-8.0000000E-7,9.3578000E-3,6.4970310E-2,4.9999400E+1,2.4000000E-2,2.4000000E-2,1.9800000E-2
0.0000000E+0,4.0000000E-7,3.0000000E-7,9.3018000E-3,6.4970310E-2,4.9999500E+1,2.4000000E-2,2.4000000E-2,1.9800000E-2
0.0000000E+0,7.0000000E-7,2.0000000E-7,9.2565000E-3,6.4970310E-2,4.9999700E+1,2.4000000E-2,2.4000000E-2,1.9800000E-2
0.0000000E+0,6.0000000E-7,2.0000000E-7,9.2104000E-3,6.4970310E-2,4.9999800E+1,2.4000000E-2,2.4000000E-2,1.9800000E-2
0.0000000E+0,1.2000000E-6,1.0000000E-6,9.1520000E-3,6.4970310E-2,4.9999800E+1,2.4000000E-2,2.4000000E-2,1.9800000E-2
0.0000000E+0,-5.0000000E-7,-3.0000000E-7,9.1059000E-3,6.4970310E-2,4.9999500E+1,2.4000000E-2,2.4000000E-2,1.9800000E-2
0.0000000E+0,7.0000000E-7,-1.0000000E-6,9.0595000E-3,6.4970310E-2,4.9999300E+1,2.4000000E-2,2.4000000E-2,1.9800000E-2
0.0000000E+0,-1.1000000E-6,-3.0000000E-7,9.0068000E-3,6.4970310E-2,4.9999600E+1,2.4000000E-2,2.4000000E-2,1.9800000E-2
0.0000000E+0,2.0000000E-7,2.0000000E-7,8.9531000E-3,6.4970310E-2,4.9999800E+1,2.4000000E-2,2.4000000E-2,1.9800000E-2
0.0000000E+0,-7.0000000E-7,2.0000000E-7,8.9011000E-3,6.4970310E-2,4.9999700E+1,2.4000000E-2,2.4000000E-2,1.9800000E-2
0.0000000E+0,0.0000000E+0,8.0000000E-7,8.8587000E-3,6.4970310E-2,4.9999800E+1,2.4000000E-2,2.4000000E-2,1.9800000E-2
0.0000000E+0,5.0000000E-7,5.0000000E-7,8.8020000E-3,6.4970310E-2,4.9999300E+1,2.4000000E-2,2.4000000E-2,1.9800000E-2
0.0000000E+0,-8.0000000E-7,5.0000000E-7,8.7541000E-3,6.4970310E-2,4.9999900E+1,2.4000000E-2,2.4000000E-2,1.9800000E-2
0.0000000E+0,-4.0000000E-7,1.0000000E-7,8.7021000E-3,6.4970310E-2,4.9999300E+1,2.4000000E-2,2.4000000E-2,1.9800000E-2
0.0000000E+0,-5.0000000E-7,-2.0000000E-7,8.6589000E-3,6.4970310E-2,4.9999100E+1,2.4000000E-2,2.4000000E-2,1.9800000E-2
0.0000000E+0,3.0000000E-7,1.1000000E-6,8.6030000E-3,6.4970310E-2,4.9999500E+1,2.4000000E-2,2.4000000E-2,1.9800000E-2
0.0000000E+0,3.0000000E-7,-1.0000000E-6,8.5518000E-3,6.4970310E-2,4.9999300E+1,2.4000000E-2,2.4000000E-2,1.9800000E-2
0.0000000E+0,-3.0000000E-7,-1.0000000E-7,8.5048000E-3,6.4970310E-2,4.9999800E+1,2.4000000E-2,2.4000000E-2,1.9800000E-2
0.0000000E+0,-7.0000000E-7,5.0000000E-7,8.4547000E-3,6.4970310E-2,4.9999700E+1,2.4000000E-2,2.4000000E-2,1.9800000E-2
0.0000000E+0,-2.0000000E-7,-4.0000000E-7,8.4004000E-3,6.4970310E-2,4.9999500E+1,2.4000000E-2,2.4000000E-2,1.9800000E-2
0.0000000E+0,9.0000000E-7,-2.0000000E-7,8.3541000E-3,6.4970310E-2,4.9999500E+1,2.4000000E-2,2.4000000E-2,1.9800000E-2
0.0000000E+0,6.0000000E-7,-2.0000000E-7,8.3100000E-3,6.4970310E-2,4.9999400E+1,2.4000000E-2,2.4000000E-2,1.9800000E-2
0.0000000E+0,-1.0000000E-7,-0.0000000E+0,8.2595000E-3,6.4970310E-2,4.9999500E+1,2.4000000E-2,2.4000000E-2,1.9800000E-2
0.0000000E+0,1.0000000E-7,1.0000000E-7,8.2039000E-3,6.4970310E-2,4.9999400E+1,2.4000000E-2,2.4000000E-2,1.9800000E-2
0.0000000E+0,6.0000000E-7,-1.0000000E-7,8.1587000E-3,6.4970310E-2,4.9999800E+1,2.4000000E-2,2.4000000E-2,1.9800000E-2
0.0000000E+0,6.0000000E-7,2.0000000E-7,8.1075000E-3,6.4970310E-2,4.9999400E+1,2.4000000E-2,2.4000000E-2,1.9800000E-2
0.0000000E+0,1.0000000E-7,-7.0000000E-7,8.0578000E-3,6.4970310E-2,4.9999300E+1,2.4000000E-2,2.4000000E-2,1.9800000E-2
0.0000000E+0,-1.7000000E-6,1.0000000E-7,8.0005000E-3,6.4970310E-2,4.9999200E+1,2.4000000E-2,2.4000000E-2,1.9800000E-2
0.0000000E+0,-5.0000000E-7,-3.0000000E-7,7.9543000E-3,6.4970310E-2,4.9999200E+1,2.4000000E-2,2.4000000E-2,1.9800000E-2
0.0000000E+0,2.0000000E-7,-5.0000000E-7,7.9052000E-3,6.4970310E-2,4.9999700E+1,2.4000000E-2,2.4000000E-2,1.9800000E-2
0.0000000E+0,1.0000000E-7,6.0000000E-7,7.8551000E-3,6.4970310E-2,4.9999200E+1,2.4000000E-2,2.4000000E-2,1.9800000E-2
0.0000000E+0,-6.0000000E-7,-4.0000000E-7,7.8101000E-3,6.4970310E-2,4.9999600E+1,2.4000000E-2,2.4000000E-2,1.9800000E-2
0.0000000E+0,1.0000000E-7,-2.0000000E-7,7.7507000E-3,6.4970310E-2,4.9999600E+1,2.4000000E-2,2.4000000E-2,1.9800000E-2
0.0000000E+0,3.0000000E-7,1.0000000E-7,7.7086000E-3,6.4970310E-2,4.9999600E+1,2.4000000E-2,2.4000000E-2,1.9800000E-2
0.0000000E+0,3.0000000E-7,-1.0000000E-7,7.6512000E-3,6.4970310E-2,4.9999700E+1,2.4000000E-2,2.4000000E-2,1.9800000E-2
0.0000000E+0,2.0000000E-7,0.0000000E+0,7.6058000E-3,6.4970310E-2,4.9999600E+1,2.4000000E-2,2.4000000E-2,1.9800000E-2
0.0000000E+0,-2.0000000E-7,4.0000000E-7,7.5548000E-3,6.4970310E-2,4.9999900E+1,2.4000000E-2,2.4000000E-2,1.9800000E-2
0.0000000E+0,-6.0000000E-7,1.0000000E-7,7.5054000E-3,6.4970310E-2,4.9999300E+1,2.4000000E-2,2.4000000E-2,1.9800000E-2
0.0000000E+0,3.0000000E-7,-6.0000000E-7,7.4570000E-3,6.4970310E-2,4.9999600E+1,2.4000000E-2,2.4000000E-2,1.9800000E-2
0.0000000E+0,-2.0000000E-7,2.0000000E-7,7.4074000E-3,6.4970310E-2,5.0000000E+1,2.4000000E-2,2.4000000E-2,1.9800000E-2
0.0000000E+0,-2.0000000E-7,-6.0000000E-7,7.3580000E-3,6.4970310E-2,5.0000000E+1,2.4000000E-2,2.4000000E-2,1.9800000E-2
0.0000000E+0,1.0000000E-7,1.0000000E-7,7.3043000E-3,6.4970310E-2,5.0000000E+1,2.4000000E-2,2.4000000E-2,1.9800000E-2
0.0000000E+0,1.0000000E-7,-8.0000000E-7,7.2571000E-3,6.4970310E-2,5.0000000E+1,2.4000000E-2,2.4000000E-2,1.9800000E-2
0.0000000E+0,1.0000000E-7,-2.0000000E-7,7.2028000E-3,6.4970310E-2,5.0000000E+1,2.4000000E-2,2.4000000E-2,1.9800000E-2
0.0000000E+0,-1.0000000E-7,-1.0000000E-6,7.1497000E-3,6.4970310E-2,4.9999400E+1,2.4000000E-2,2.4000000E-2,1.9800000E-2
0.0000000E+0,-3.0000000E-7,-5.0000000E-7,7.1011000E-3,6.4970310E-2,4.9999500E+1,2.4000000E-2,2.4000000E-2,1.9800000E-2
0.0000000E+0,7.0000000E-7,-1.0000000E-6,7.0582000E-3,6.4970310E-2,4.9999700E+1,2.4000000E-2,2.4000000E-2,1.9800000E-2
0.0000000E+0,0.0000000E+0,5.0000000E-7,7.0014000E-3,6.4970310E-2,4.9999600E+1,2.4000000E-2,2.4000000E-2,1.9800000E-2
0.0000000E+0,-6.0000000E-7,8.0000000E-7,6.9567000E-3,6.4970310E-2,4.9999900E+1,2.4000000E-2,2.4000000E-2,1.9800000E-2
0.0000000E+0,4.0000000E-7,-0.0000000E+0,6.9034000E-3,6.4970310E-2,4.9999700E+1,2.4000000E-2,2.4000000E-2,1.9800000E-2
0.0000000E+0,-6.0000000E-7,-4.0000000E-7,6.8536000E-3,6.4970310E-2,4.9999600E+1,2.4000000E-2,2.4000000E-2,1.9800000E-2
0.0000000E+0,8.0000000E-7,-2.0000000E-7,6.8051000E-3,6.4970310E-2,4.9999800E+1,2.4000000E-2,2.4000000E-2,1.9800000E-2
0.0000000E+0,2.0000000E-7,2.0000000E-7,6.7556000E-3,6.4970310E-2,4.9999800E+1,2.4000000E-2,2.4000000E-2,1.9800000E-2
0.0000000E+0,-5.0000000E-7,0.0000000E+0,6.7000000E-3,6.4970310E-2,4.9999700E+1,2.4000000E-2,2.4000000E-2,1.9800000E-2
0.0000000E+0,-2.0000000E-7,1.0000000E-7,6.6522000E-3,6.4970310E-2,4.9999600E+1,2.4000000E-2,2.4000000E-2,1.9800000E-2
0.0000000E+0,8.0000000E-7,-1.0000000E-7,6.6107000E-3,6.4970310E-2,4.9999400E+1,2.4000000E-2,2.4000000E-2,1.9800000E-2
0.0000000E+0,-7.0000000E-7,-2.0000000E-7,6.5591000E-3,6.4970310E-2,4.9999400E+1,2.4000000E-2,2.4000000E-2,1.9800000E-2
0.0000000E+0,1.0000000E-7,-3.0000000E-7,6.5085000E-3,6.4970310E-2,5.0000300E+1,2.4000000E-2,2.4000000E-2,1.9800000E-2
0.0000000E+0,0.0000000E+0,6.0000000E-7,6.4565000E-3,6.4970310E-2,5.0000000E+1,2.4000000E-2,2.4000000E-2,1.9800000E-2
0.0000000E+0,-1.1000000E-6,8.0000000E-7,6.4037000E-3,6.4970310E-2,4.9999700E+1,2.4000000E-2,2.4000000E-2,1.9800000E-2
0.0000000E+0,7.0000000E-7,-4.0000000E-7,6.3596000E-3,6.4970310E-2,5.0000200E+1,2.4000000E-2,2.4000000E-2,1.9800000E-2
0.0000000E+0,3.0000000E-7,-7.0000000E-7,6.3004000E-3,6.4970310E-2,5.0000000E+1,2.4000000E-2,2.4000000E-2,1.9800000E-2
0.0000000E+0,1.0000000E-7,-5.0000000E-7,6.2521000E-3,6.4970310E-2,4.9999700E+1,2.4000000E-2,2.4000000E-2,1.9800000E-2
0.0000000E+0,4.0000000E-7,8.0000000E-7,6.2054000E-3,6.4970310E-2,4.9999600E+1,2.4000000E-2,2.4000000E-2,1.9800000E-2
0.0000000E+0,5.0000000E-7,-3.0000000E-7,6.1528000E-3,6.4970310E-2,4.9999800E+1,2.4000000E-2,2.4000000E-2,1.9800000E-2
0.0000000E+0,-3.0000000E-7,-1.0000000E-7,6.1068000E-3,6.4970310E-2,4.9999900E+1,2.4000000E-2,2.4000000E-2,1.9800000E-2
0.0000000E+0,-4.0000000E-7,-5.0000000E-7,6.0556000E-3,6.4970310E-2,4.9999700E+1,2.4000000E-2,2.4000000E-2,1.9800000E-2
0.0000000E+0,3.0000000E-7,-6.0000000E-7,6.0048000E-3,6.4970310E-2,5.0000100E+1,2.4000000E-2,2.4000000E-2,1.9800000E-2
0.0000000E+0,4.0000000E-7,2.0000000E-7,5.9547000E-3,6.4970310E-2,4.9999800E+1,2.4000000E-2,2.4000000E-2,1.9800000E-2
0.0000000E+0,0.0000000E+0,-2.0000000E-7,5.9093000E-3,6.4970310E-2,4.9999500E+1,2.4000000E-2,2.4000000E-2,1.9800000E-2
0.0000000E+0,3.0000000E-7,7.0000000E-7,5.8588000E-3,6.4970310E-2,4.9999800E+1,2.4000000E-2,2.4000000E-2,1.9800000E-2
0.0000000E+0,5.0000000E-7,-8.0000000E-7,5.8076000E-3,6.4970310E-2,4.9999700E+1,2.4000000E-2,2.4000000E-2,1.9800000E-2
0.0000000E+0,-2.0000000E-7,-2.0000000E-7,5.7526000E-3,6.4970310E-2,4.9999200E+1,2.4000000E-2,2.4000000E-2,1.9800000E-2
0.0000000E+0,2.0000000E-7,1.0000000E-7,5.7078000E-3,6.4970310E-2,5.0000100E+1,2.4000000E-2,2.4000000E-2,1.9800000E-2
0.0000000E+0,3.0000000E-7,-1.0000000E-7,5.6555000E-3,6.4970310E-2,4.9999400E+1,2.4000000E-2,2.4000000E-2,1.9800000E-2
0.0000000E+0,1.1000000E-6,-2.0000000E-7,5.6075000E-3,6.4970310E-2,4.9999800E+1,2.4000000E-2,2.4000000E-2,1.9800000E-2
0.0000000E+0,3.0000000E-7,1.0000000E-7,5.5603000E-3,6.4970310E-2,4.9999800E+1,2.4000000E-2,2.4000000E-2,1.9800000E-2
0.0000000E+0,-3.0000000E-7,-1.0000000E-7,5.5069000E-3,6.4970310E-2,5.0000200E+1,2.4000000E-2,2.4000000E-2,1.9800000E-2
0.0000000E+0,-6.0000000E-7,-3.0000000E-7,5.4565000E-3,6.4970310E-2,4.9999500E+1,2.4000000E-2,2.4000000E-2,1.9800000E-2
0.0000000E+0,-3.0000000E-7,2.0000000E-7,5.4058000E-3,6.4970310E-2,4.9999800E+1,2.4000000E-2,2.4000000E-2,1.9800000E-2
0.0000000E+0,-8.0000000E-7,2.0000000E-7,5.3515000E-3,6.4970310E-2,4.9999700E+1,2.4000000E-2,2.4000000E-2,1.9800000E-2
0.0000000E+0,-0.0000000E+0,1.0000000E-7,5.3089000E-3,6.4970310E-2,4.9999600E+1,2.4000000E-2,2.4000000E-2,1.9800000E-2
0.0000000E+0,2.0000000E-7,4.0000000E-7,5.2571000E-3,6.4970310E-2,4.9999800E+1,2.4000000E-2,2.4000000E-2,1.9800000E-2
0.0000000E+0,-3.0000000E-7,2.0000000E-7,5.2105000E-3,6.4970310E-2,4.9999900E+1,2.4000000E-2,2.4000000E-2,1.9800000E-2
0.0000000E+0,-3.0000000E-7,6.0000000E-7,5.1576000E-3,6.4970310E-2,4.9999800E+1,2.4000000E-2,2.4000000E-2,1.9800000E-2
0.0000000E+0,1.0000000E-7,1.0000000E-7,5.1106000E-3,6.4970310E-2,4.9999900E+1,2.4000000E-2,2.4000000E-2,1.9800000E-2
0.0000000E+0,-1.0000000E-7,-3.0000000E-7,5.0621000E-3,6.4970310E-2,4.9999900E+1,2.4000000E-2,2.4000000E-2,1.9800000E-2
0.0000000E+0,-5.0000000E-7,2.0000000E-7,5.0080000E-3,6.4970310E-2,4.9999900E+1,2.4000000E-2,2.4000000E-2,1.9800000E-2
0.0000000E+0,5.0000000E-7,2.0000000E-7,4.9553000E-3,6.4970310E-2,4.9999600E+1,2.4000000E-2,2.4000000E-2,1.9800000E-2
0.0000000E+0,-4.0000000E-7,-0.0000000E+0,4.9016000E-3,6.4970310E-2,4.9999500E+1,2.4000000E-2,2.4000000E-2,1.9800000E-2
0.0000000E+0,-8.0000000E-7,-9.0000000E-7,4.8560000E-3,6.4970310E-2,4.9999700E+1,2.4000000E-2,2.4000000E-2,1.9800000E-2
0.0000000E+0,1.0000000E-7,2.0000000E-7,4.8123000E-3,6.4970310E-2,4.9999800E+1,2.4000000E-2,2.4000000E-2,1.9800000E-2
0.0000000E+0,4.0000000E-7,-0.0000000E+0,4.7591000E-3,6.4970310E-2,4.9999900E+1,2.4000000E-2,2.4000000E-2,1.9800000E-2
0.0000000E+0,8.0000000E-7,-5.0000000E-7,4.7062000E-3,6.4970310E-2,5.0000000E+1,2.4000000E-2,2.4000000E-2,1.9800000E-2
0.0000000E+0,0.0000000E+0,-2.0000000E-7,4.6565000E-3,6.4970310E-2,4.9999700E+1,2.4000000E-2,2.4000000E-2,1.9800000E-2
0.0000000E+0,3.0000000E-7,-5.0000000E-7,4.6058000E-3,6.4970310E-2,4.9999800E+1,2.4000000E-2,2.4000000E-2,1.9800000E-2
0.0000000E+0,0.0000000E+0,1.0000000E-7,4.5572000E-3,6.4970310E-2,5.0000100E+1,2.4000000E-2,2.4000000E-2,1.9800000E-2
0.0000000E+0,-3.0000000E-7,-3.0000000E-7,4.5067000E-3,6.4970310E-2,4.9999800E+1,2.4000000E-2,2.4000000E-2,1.9800000E-2
0.0000000E+0,-1.3000000E-6,3.0000000E-7,4.4568000E-3,6.4970310E-2,4.9999600E+1,2.4000000E-2,2.4000000E-2,1.9800000E-2
0.0000000E+0,7.0000000E-7,8.0000000E-7,4.4107000E-3,6.4970310E-2,4.9999700E+1,2.4000000E-2,2.4000000E-2,1.9800000E-2
0.0000000E+0,-4.0000000E-7,-1.0000000E-7,4.3587000E-3,6.4970310E-2,4.9999500E+1,2.4000000E-2,2.4000000E-2,1.9800000E-2
0.0000000E+0,-1.0000000E-7,4.0000000E-7,4.3033000E-3,6.4970310E-2,4.9999700E+1,2.4000000E-2,2.4000000E-2,1.9800000E-2
0.0000000E+0,8.0000000E-7,8.0000000E-7,4.2543000E-3,6.4970310E-2,4.9999800E+1,2.4000000E-2,2.4000000E-2,1.9800000E-2
0.0000000E+0,-2.0000000E-7,-3.0000000E-7,4.2067000E-3,6.4970310E-2,5.0000000E+1,2.4000000E-2,2.4000000E-2,1.9800000E-2
0.0000000E+0,9.0000000E-7,-4.0000000E-7,4.1586000E-3,6.4970310E-2,4.9999600E+1,2.4000000E-2,2.4000000E-2,1.9800000E-2
0.0000000E+0,1.0000000E-7,1.2000000E-6,4.1087000E-3,6.4970310E-2,4.9999600E+1,2.4000000E-2,2.4000000E-2,1.9800000E-2
0.0000000E+0,-1.0000000E-7,-0.0000000E+0,4.0637000E-3,6.4970310E-2,4.9999400E+1,2.4000000E-2,2.4000000E-2,1.9800000E-2
0.0000000E+0,3.0000000E-7,-1.0000000E-7,4.0077000E-3,6.4970310E-2,4.9999700E+1,2.4000000E-2,2.4000000E-2,1.9800000E-2
0.0000000E+0,-1.0000000E-6,4.0000000E-7,3.9565000E-3,6.4970310E-2,4.9999900E+1,2.4000000E-2,2.4000000E-2,1.9800000E-2
0.0000000E+0,6.0000000E-7,-1.0000000E-7,3.9073000E-3,6.4970310E-2,4.9999800E+1,2.4000000E-2,2.4000000E-2,1.9800000E-2
0.0000000E+0,-0.0000000E+0,-1.0000000E-6,3.8570000E-3,6.4970310E-2,4.9999700E+1,2.4000000E-2,2.4000000E-2,1.9800000E-2
0.0000000E+0,-6.0000000E-7,-4.0000000E-7,3.8053000E-3,6.4970310E-2,4.9999900E+1,2.4000000E-2,2.4000000E-2,1.9800000E-2
0.0000000E+0,8.0000000E-7,-5.0000000E-7,3.7559000E-3,6.4970310E-2,5.0000200E+1,2.4000000E-2,2.4000000E-2,1.9800000E-2
0.0000000E+0,3.0000000E-7,2.0000000E-7,3.7111000E-3,6.4970310E-2,5.0000000E+1,2.4000000E-2,2.4000000E-2,1.9800000E-2
0.0000000E+0,2.0000000E-7,-5.0000000E-7,3.6570000E-3,6.4970310E-2,4.9999800E+1,2.4000000E-2,2.4000000E-2,1.9800000E-2
0.0000000E+0,1.0000000E-7,-3.0000000E-7,3.6176000E-3,6.4970310E-2,4.9999600E+1,2.4000000E-2,2.4000000E-2,1.9800000E-2
0.0000000E+0,-1.1000000E-6,2.0000000E-7,3.5573000E-3,6.4970310E-2,4.9999700E+1,2.4000000E-2,2.4000000E-2,1.9800000E-2
0.0000000E+0,-3.0000000E-7,-7.0000000E-7,3.5010000E-3,6.4970310E-2,4.9999600E+1,2.4000000E-2,2.4000000E-2,1.9800000E-2
0.0000000E+0,2.0000000E-7,-3.0000000E-7,3.4554000E-3,6.4970310E-2,4.9999800E+1,2.4000000E-2,2.4000000E-2,1.9800000E-2
0.0000000E+0,1.0000000E-7,1.0000000E-7,3.4069000E-3,6.4970310E-2,5.0000100E+1,2.4000000E-2,2.4000000E-2,1.9800000E-2
0.0000000E+0,-5.0000000E-7,3.0000000E-7,3.3508000E-3,6.4970310E-2,5.0000200E+1,2.4000000E-2,2.4000000E-2,1.9800000E-2
0.0000000E+0,1.0000000E-7,-0.0000000E+0,3.3076000E-3,6.4970310E-2,5.0000100E+1,2.4000000E-2,2.4000000E-2,1.9800000E-2
0.0000000E+0,-5.0000000E-7,2.0000000E-7,3.2581000E-3,6.4970310E-2,4.9999800E+1,2.4000000E-2,2.4000000E-2,1.9800000E-2
0.0000000E+0,3.0000000E-7,4.0000000E-7,3.2032000E-3,6.4970310E-2,5.0000200E+1,2.4000000E-2,2.4000000E-2,1.9800000E-2
0.0000000E+0,-5.0000000E-7,-0.0000000E+0,3.1586000E-3,6.4970310E-2,4.9999900E+1,2.4000000E-2,2.4000000E-2,1.9800000E-2
0.0000000E+0,-1.0000000E-7,4.0000000E-7,3.1050000E-3,6.4970310E-2,4.9999800E+1,2.4000000E-2,2.4000000E-2,1.9800000E-2
0.0000000E+0,-4.0000000E-7,-2.0000000E-7,3.0549000E-3,6.4970310E-2,5.0000000E+1,2.4000000E-2,2.4000000E-2,1.9800000E-2
0.0000000E+0,7.0000000E-7,1.0000000E-7,3.0079000E-3,6.4970310E-2,4.9999700E+1,2.4000000E-2,2.4000000E-2,1.9800000E-2
0.0000000E+0,-1.0000000E-7,-1.0000000E-7,2.9545000E-3,6.4970310E-2,4.9999500E+1,2.4000000E-2,2.4000000E-2,1.9800000E-2
0.0000000E+0,-1.0000000E-7,8.0000000E-7,2.9049000E-3,6.4970310E-2,4.9999100E+1,2.4000000E-2,2.4000000E-2,1.9800000E-2
0.0000000E+0,1.0000000E-7,1.0000000E-7,2.8504000E-3,6.4970310E-2,4.9999400E+1,2.4000000E-2,2.4000000E-2,1.9800000E-2
0.0000000E+0,-5.0000000E-7,-2.0000000E-7,2.8058000E-3,6.4970310E-2,4.9999700E+1,2.4000000E-2,2.4000000E-2,1.9800000E-2
0.0000000E+0,2.0000000E-7,-1.0000000E-7,2.7531000E-3,6.4970310E-2,4.9999600E+1,2.4000000E-2,2.4000000E-2,1.9800000E-2
0.0000000E+0,5.0000000E-7,2.0000000E-7,2.7066000E-3,6.4970310E-2,4.9999700E+1,2.4000000E-2,2.4000000E-2,1.9800000E-2
0.0000000E+0,6.0000000E-7,-5.0000000E-7,2.6571000E-3,6.4970310E-2,4.9999500E+1,2.4000000E-2,2.4000000E-2,1.9800000E-2
0.0000000E+0,3.0000000E-7,-3.0000000E-7,2.6137000E-3,6.4970310E-2,4.9999800E+1,2.4000000E-2,2.4000000E-2,1.9800000E-2
0.0000000E+0,-2.0000000E-7,-6.0000000E-7,2.5528000E-3,6.4970310E-2,4.9999700E+1,2.4000000E-2,2.4000000E-2,1.9800000E-2
0.0000000E+0,4.0000000E-7,1.1000000E-6,2.5047000E-3,6.4970310E-2,4.9999600E+1,2.4000000E-2,2.4000000E-2,1.9800000E-2
0.0000000E+0,-2.0000000E-7,-1.0000000E-7,2.4584000E-3,6.4970310E-2,4.9999700E+1,2.4000000E-2,2.4000000E-2,1.9800000E-2
0.0000000E+0,2.0000000E-7,-3.0000000E-7,2.4096000E-3,6.4970310E-2,4.9999600E+1,2.4000000E-2,2.4000000E-2,1.9800000E-2
0.0000000E+0,7.0000000E-7,7.0000000E-7,2.3599000E-3,6.4970310E-2,4.9999800E+1,2.4000000E-2,2.4000000E-2,1.9800000E-2
0.0000000E+0,4.0000000E-7,-0.0000000E+0,2.3017000E-3,6.4970310E-2,4.9999500E+1,2.4000000E-2,2.4000000E-2,1.9800000E-2
0.0000000E+0,7.0000000E-7,4.0000000E-7,2.2587000E-3,6.4970310E-2,5.0000300E+1,2.4000000E-2,2.4000000E-2,1.9800000E-2
0.0000000E+0,5.0000000E-7,-4.0000000E-7,2.2053000E-3,6.4970310E-2,4.9999900E+1,2.4000000E-2,2.4000000E-2,1.9800000E-2
0.0000000E+0,2.0000000E-7,3.0000000E-7,2.1559000E-3,6.4970310E-2,5.0000100E+1,2.4000000E-2,2.4000000E-2,1.9800000E-2
0.0000000E+0,8.0000000E-7,-0.0000000E+0,2.1098000E-3,6.4970310E-2,5.0000100E+1,2.4000000E-2,2.4000000E-2,1.9800000E-2
0.0000000E+0,1.0000000E-7,4.0000000E-7,2.0523000E-3,6.4970310E-2,4.9999800E+1,2.4000000E-2,2.4000000E-2,1.9800000E-2
0.0000000E+0,1.0000000E-7,-2.0000000E-7,2.0114000E-3,6.4970310E-2,5.0000000E+1,2.4000000E-2,2.4000000E-2,1.9800000E-2
0.0000000E+0,-3.0000000E-7,-2.0000000E-7,1.9569000E-3,6.4970310E-2,5.0000000E+1,2.4000000E-2,2.4000000E-2,1.9800000E-2
0.0000000E+0,-8.0000000E-7,1.0000000E-7,1.9076000E-3,6.4970310E-2,4.9999500E+1,2.4000000E-2,2.4000000E-2,1.9800000E-2
0.0000000E+0,3.0000000E-7,7.0000000E-7,1.8567000E-3,6.4970310E-2,5.0000000E+1,2.4000000E-2,2.4000000E-2,1.9800000E-2
0.0000000E+0,6.0000000E-7,3.0000000E-7,1.8077000E-3,6.4970310E-2,5.0000000E+1,2.4000000E-2,2.4000000E-2,1.9800000E-2
0.0000000E+0,-1.0000000E-7,1.0000000E-7,1.7583000E-3,6.4970310E-2,5.0000100E+1,2.4000000E-2,2.4000000E-2,1.9800000E-2
0.0000000E+0,6.0000000E-7,-5.0000000E-7,1.6973000E-3,6.4970310E-2,4.9999900E+1,2.4000000E-2,2.4000000E-2,1.9800000E-2
0.0000000E+0,-4.0000000E-7,-7.0000000E-7,1.6512000E-3,6.4970310E-2,4.9999900E+1,2.4000000E-2,2.4000000E-2,1.9800000E-2
0.0000000E+0,3.0000000E-7,-9.0000000E-7,1.6104000E-3,6.4970310E-2,4.9999800E+1,2.4000000E-2,2.4000000E-2,1.9800000E-2
0.0000000E+0,-4.0000000E-7,2.0000000E-7,1.5597000E-3,6.4970310E-2,5.0000000E+1,2.4000000E-2,2.4000000E-2,1.9800000E-2
0.0000000E+0,0.0000000E+0,1.0000000E-7,1.5052000E-3,6.4970310E-2,5.0000100E+1,2.4000000E-2,2.4000000E-2,1.9800000E-2
0.0000000E+0,-2.0000000E-7,7.0000000E-7,1.4587000E-3,6.4970310E-2,5.0000000E+1,2.4000000E-2,2.4000000E-2,1.9800000E-2
0.0000000E+0,6.0000000E-7,-0.0000000E+0,1.4075000E-3,6.4970310E-2,5.0000000E+1,2.4000000E-2,2.4000000E-2,1.9800000E-2
0.0000000E+0,-1.0000000E-6,0.0000000E+0,1.3640000E-3,6.4970310E-2,4.9999400E+1,2.4000000E-2,2.4000000E-2,1.9800000E-2
0.0000000E+0,-5.0000000E-7,6.0000000E-7,1.3058000E-3,6.4970310E-2,4.9999200E+1,2.4000000E-2,2.4000000E-2,1.9800000E-2
0.0000000E+0,4.0000000E-7,1.2000000E-6,1.2543000E-3,6.4970310E-2,4.9999500E+1,2.4000000E-2,2.4000000E-2,1.9800000E-2
0.0000000E+0,9.0000000E-7,2.0000000E-7,1.2022000E-3,6.4970310E-2,4.9999400E+1,2.4000000E-2,2.4000000E-2,1.9800000E-2
0.0000000E+0,3.0000000E-7,1.0000000E-7,1.1544000E-3,6.4970310E-2,4.9999700E+1,2.4000000E-2,2.4000000E-2,1.9800000E-2
0.0000000E+0,2.0000000E-7,-0.0000000E+0,1.1101000E-3,6.4970310E-2,4.9999800E+1,2.4000000E-2,2.4000000E-2,1.9800000E-2
0.0000000E+0,1.0000000E-7,-7.0000000E-7,1.0531000E-3,6.4970310E-2,4.9999500E+1,2.4000000E-2,2.4000000E-2,1.9800000E-2
0.0000000E+0,-1.7000000E-6,5.0000000E-7,1.0041000E-3,6.4970310E-2,4.9999700E+1,2.4000000E-2,2.4000000E-2,1.9800000E-2
0.0000000E+0,-6.0000000E-7,1.0000000E-7,9.5800000E-4,6.4970310E-2,4.9999300E+1,2.4000000E-2,2.4000000E-2,1.9800000E-2
0.0000000E+0,3.0000000E-7,3.0000000E-7,9.0600000E-4,6.4970310E-2,4.9999500E+1,2.4000000E-2,2.4000000E-2,1.9800000E-2
0.0000000E+0,-1.0000000E-7,7.0000000E-7,8.5940000E-4,6.4970310E-2,4.9999500E+1,2.4000000E-2,2.4000000E-2,1.9800000E-2
0.0000000E+0,-5.0000000E-7,5.0000000E-7,8.0290000E-4,6.4970310E-2,4.9999700E+1,2.4000000E-2,2.4000000E-2,1.9800000E-2
0.0000000E+0,-3.0000000E-7,5.0000000E-7,7.5620000E-4,6.4970310E-2,4.9999500E+1,2.4000000E-2,2.4000000E-2,1.9800000E-2
0.0000000E+0,1.0000000E-7,6.0000000E-7,7.0600000E-4,6.4970310E-2,4.9999700E+1,2.4000000E-2,2.4000000E-2,1.9800000E-2
0.0000000E+0,-1.0000000E-7,3.0000000E-7,6.5510000E-4,6.4970310E-2,4.9999700E+1,2.4000000E-2,2.4000000E-2,1.9800000E-2
0.0000000E+0,-1.0000000E-7,-2.0000000E-7,6.0240000E-4,6.4970310E-2,4.9999600E+1,2.4000000E-2,2.4000000E-2,1.9800000E-2
0.0000000E+0,-5.0000000E-7,2.0000000E-7,5.6090000E-4,6.4970310E-2,4.9999300E+1,2.4000000E-2,2.4000000E-2,1.9800000E-2
0.0000000E+0,1.0000000E-7,3.0000000E-7,5.0570000E-4,6.4970310E-2,4.9999600E+1,2.4000000E-2,2.4000000E-2,1.9800000E-2
0.0000000E+0,-1.0000000E-7,2.0000000E-7,4.5540000E-4,6.4970310E-2,4.9999400E+1,2.4000000E-2,2.4000000E-2,1.9800000E-2
0.0000000E+0,-4.0000000E-7,-7.0000000E-7,4.0310000E-4,6.4970310E-2,4.9999500E+1,2.4000000E-2,2.4000000E-2,1.9800000E-2
0.0000000E+0,6.0000000E-7,3.0000000E-7,3.5680000E-4,6.4970310E-2,4.9999700E+1,2.4000000E-2,2.4000000E-2,1.9800000E-2
0.0000000E+0,-1.0000000E-7,-0.0000000E+0,3.1000000E-4,6.4970310E-2,4.9999700E+1,2.4000000E-2,2.4000000E-2,1.9800000E-2
0.0000000E+0,3.0000000E-7,-1.0000000E-7,2.5440000E-4,6.4970310E-2,4.9999500E+1,2.4000000E-2,2.4000000E-2,1.9800000E-2
0.0000000E+0,2.0000000E-7,-4.0000000E-7,2.0630000E-4,6.4970310E-2,4.9999300E+1,2.4000000E-2,2.4000000E-2,1.9800000E-2
0.0000000E+0,-1.0000000E-7,1.0000000E-7,1.5490000E-4,6.4970310E-2,4.9999500E+1,2.4000000E-2,2.4000000E-2,1.9800000E-2
0.0000000E+0,-4.0000000E-7,-3.0000000E-7,1.0810000E-4,6.4970310E-2,4.9999400E+1,2.4000000E-2,2.4000000E-2,1.9800000E-2
0.0000000E+0,7.0000000E-7,7.0000000E-7,5.1200000E-5,6.4970310E-2,4.9999500E+1,2.4000000E-2,2.4000000E-2,1.9800000E-2
0.0000000E+0,4.0000000E-7,8.0000000E-7,6.4000000E-6,6.4970310E-2,4.9999800E+1,2.4000000E-2,2.4000000E-2,1.9800000E-2
0.0000000E+0,-5.0000000E-7,-0.0000000E+0,-4.4800000E-5,6.4970310E-2,5.0000000E+1,2.4000000E-2,2.4000000E-2,1.9800000E-2
0.0000000E+0,2.0000000E-7,3.0000000E-7,-9.5100000E-5,6.4970310E-2,4.9999900E+1,2.4000000E-2,2.4000000E-2,1.9800000E-2
0.0000000E+0,-2.0000000E-7,4.0000000E-7,-1.4340000E-4,6.4970310E-2,4.9999700E+1,2.4000000E-2,2.4000000E-2,1.9800000E-2
0.0000000E+0,-1.0000000E-7,6.0000000E-7,-1.9480000E-4,6.4970310E-2,4.9999600E+1,2.4000000E-2,2.4000000E-2,1.9800000E-2
0.0000000E+0,-3.0000000E-7,4.0000000E-7,-2.4620000E-4,6.4970310E-2,4.9999500E+1,2.4000000E-2,2.4000000E-2,1.9800000E-2
0.0000000E+0,1.0000000E-7,-1.0000000E-7,-2.9450000E-4,6.4970310E-2,4.9999600E+1,2.4000000E-2,2.4000000E-2,1.9800000E-2
0.0000000E+0,3.0000000E-7,3.0000000E-7,-3.4750000E-4,6.4970310E-2,4.9999800E+1,2.4000000E-2,2.4000000E-2,1.9800000E-2
0.0000000E+0,-4.0000000E-7,-7.0000000E-7,-3.9120000E-4,6.4970310E-2,4.9999500E+1,2.4000000E-2,2.4000000E-2,1.9800000E-2
0.0000000E+0,-5.0000000E-7,8.0000000E-7,-4.4990000E-4,6.4970310E-2,4.9999500E+1,2.4000000E-2,2.4000000E-2,1.9800000E-2
0.0000000E+0,1.0000000E-7,-6.0000000E-7,-4.9840000E-4,6.4970310E-2,4.9999500E+1,2.4000000E-2,2.4000000E-2,1.9800000E-2
0.0000000E+0,1.0000000E-7,5.0000000E-7,-5.4600000E-4,6.4970310E-2,4.9999400E+1,2.4000000E-2,2.4000000E-2,1.9800000E-2
0.0000000E+0,2.0000000E-7,-5.0000000E-7,-5.9770000E-4,6.4970310E-2,4.9999500E+1,2.4000000E-2,2.4000000E-2,1.9800000E-2
0.0000000E+0,1.0000000E-7,1.0000000E-7,-6.4710000E-4,6.4970310E-2,4.9999800E+1,2.4000000E-2,2.4000000E-2,1.9800000E-2
0.0000000E+0,1.0000000E-7,-5.0000000E-7,-6.9850000E-4,6.4970310E-2,4.9999600E+1,2.4000000E-2,2.4000000E-2,1.9800000E-2
0.0000000E+0,-1.0000000E-6,3.0000000E-7,-7.4750000E-4,6.4970310E-2,4.9999500E+1,2.4000000E-2,2.4000000E-2,1.9800000E-2
0.0000000E+0,-2.0000000E-7,3.0000000E-7,-7.9340000E-4,6.4970310E-2,4.9999500E+1,2.4000000E-2,2.4000000E-2,1.9800000E-2
0.0000000E+0,1.0000000E-7,3.0000000E-7,-8.4040000E-4,6.4970310E-2,4.9999500E+1,2.4000000E-2,2.4000000E-2,1.9800000E-2
0.0000000E+0,5.0000000E-7,-2.0000000E-7,-8.9580000E-4,6.4970310E-2,4.9999700E+1,2.4000000E-2,2.4000000E-2,1.9800000E-2
0.0000000E+0,1.0000000E-7,4.0000000E-7,-9.4890000E-4,6.4970310E-2,4.9999400E+1,2.4000000E-2,2.4000000E-2,1.9800000E-2
0.0000000E+0,-1.2000000E-6,3.0000000E-7,-9.9900000E-4,6.4970310E-2,4.9999100E+1,2.4000000E-2,2.4000000E-2,1.9800000E-2
0.0000000E+0,-1.0000000E-7,-1.0000000E-7,-1.0413000E-3,6.4970310E-2,4.9998900E+1,2.4000000E-2,2.4000000E-2,1.9800000E-2
0.0000000E+0,6.0000000E-7,6.0000000E-7,-1.0879000E-3,6.4970310E-2,4.9999400E+1,2.4000000E-2,2.4000000E-2,1.9800000E-2
0.0000000E+0,0.0000000E+0,-2.0000000E-7,-1.1455000E-3,6.4970310E-2,4.9999700E+1,2.4000000E-2,2.4000000E-2,1.9800000E-2
0.0000000E+0,-4.0000000E-7,2.0000000E-7,-1.1991000E-3,6.4970310E-2,4.9999900E+1,2.4000000E-2,2.4000000E-2,1.9800000E-2
0.0000000E+0,-1.0000000E-7,0.0000000E+0,-1.2453000E-3,6.4970310E-2,5.0000100E+1,2.4000000E-2,2.4000000E-2,1.9800000E-2
0.0000000E+0,-3.0000000E-7,-8.0000000E-7,-1.2986000E-3,6.4970310E-2,4.9999800E+1,2.4000000E-2,2.4000000E-2,1.9800000E-2
0.0000000E+0,-6.0000000E-7,-6.0000000E-7,-1.3436000E-3,6.4970310E-2,4.9999500E+1,2.4000000E-2,2.4000000E-2,1.9800000E-2
0.0000000E+0,-6.0000000E-7,-5.0000000E-7,-1.3924000E-3,6.4970310E-2,4.9999800E+1,2.4000000E-2,2.4000000E-2,1.9800000E-2
0.0000000E+0,-0.0000000E+0,4.0000000E-7,-1.4381000E-3,6.4970310E-2,4.9999700E+1,2.4000000E-2,2.4000000E-2,1.9800000E-2
0.0000000E+0,0.0000000E+0,4.0000000E-7,-1.4946000E-3,6.4970310E-2,4.9999900E+1,2.4000000E-2,2.4000000E-2,1.9800000E-2
0.0000000E+0,1.0000000E-7,5.0000000E-7,-1.5391000E-3,6.4970310E-2,4.9999800E+1,2.4000000E-2,2.4000000E-2,1.9800000E-2
0.0000000E+0,4.0000000E-7,-4.0000000E-7,-1.5861000E-3,6.4970310E-2,4.9999900E+1,2.4000000E-2,2.4000000E-2,1.9800000E-2
0.0000000E+0,2.0000000E-7,-2.0000000E-7,-1.6355000E-3,6.4970310E-2,4.9999900E+1,2.4000000E-2,2.4000000E-2,1.9800000E-2
0.0000000E+0,-6.0000000E-7,4.0000000E-7,-1.6978000E-3,6.4970310E-2,4.9999700E+1,2.4000000E-2,2.4000000E-2,1.9800000E-2
0.0000000E+0,-3.0000000E-7,-6.0000000E-7,-1.7457000E-3,6.4970310E-2,5.0000000E+1,2.4000000E-2,2.4000000E-2,1.9800000E-2
0.0000000E+0,6.0000000E-7,1.0000000E-7,-1.8033000E-3,6.4970310E-2,4.9999600E+1,2.4000000E-2,2.4000000E-2,1.9800000E-2
0.0000000E+0,-3.0000000E-7,-5.0000000E-7,-1.8498000E-3,6.4970310E-2,4.9999900E+1,2.4000000E-2,2.4000000E-2,1.9800000E-2
0.0000000E+0,6.0000000E-7,-8.0000000E-7,-1.8906000E-3,6.4970310E-2,5.0000000E+1,2.4000000E-2,2.4000000E-2,1.9800000E-2
0.0000000E+0,-1.0000000E-7,-0.0000000E+0,-1.9426000E-3,6.4970310E-2,4.9999900E+1,2.4000000E-2,2.4000000E-2,1.9800000E-2
0.0000000E+0,-6.0000000E-7,1.0000000E-7,-1.9956000E-3,6.4970310E-2,4.9999600E+1,2.4000000E-2,2.4000000E-2,1.9800000E-2
0.0000000E+0,6.0000000E-7,-4.0000000E-7,-2.0457000E-3,6.4970310E-2,4.9999500E+1,2.4000000E-2,2.4000000E-2,1.9800000E-2
0.0000000E+0,1.0000000E-7,-1.0000000E-7,-2.0878000E-3,6.4970310E-2,4.9999400E+1,2.4000000E-2,2.4000000E-2,1.9800000E-2
0.0000000E+0,4.0000000E-7,-3.0000000E-7,-2.1448000E-3,6.4970310E-2,4.9999300E+1,2.4000000E-2,2.4000000E-2,1.9800000E-2
0.0000000E+0,7.0000000E-7,-5.0000000E-7,-2.1962000E-3,6.4970310E-2,4.9999900E+1,2.4000000E-2,2.4000000E-2,1.9800000E-2
0.0000000E+0,2.0000000E-7,6.0000000E-7,-2.2451000E-3,6.4970310E-2,4.9999700E+1,2.4000000E-2,2.4000000E-2,1.9800000E-2
0.0000000E+0,-4.0000000E-7,-0.0000000E+0,-2.2910000E-3,6.4970310E-2,4.9999600E+1,2.4000000E-2,2.4000000E-2,1.9800000E-2
0.0000000E+0,6.0000000E-7,4.0000000E-7,-2.3451000E-3,6.4970310E-2,4.9999800E+1,2.4000000E-2,2.4000000E-2,1.9800000E-2
0.0000000E+0,5.0000000E-7,4.0000000E-7,-2.3965000E-3,6.4970310E-2,4.9999300E+1,2.4000000E-2,2.4000000E-2,1.9800000E-2
0.0000000E+0,-9.0000000E-7,-0.0000000E+0,-2.4451000E-3,6.4970310E-2,4.9999100E+1,2.4000000E-2,2.4000000E-2,1.9800000E-2
0.0000000E+0,0.0000000E+0,-1.0000000E-7,-2.4936000E-3,6.4970310E-2,4.9999300E+1,2.4000000E-2,2.4000000E-2,1.9800000E-2
0.0000000E+0,-4.0000000E-7,-3.0000000E-7,-2.5424000E-3,6.4970310E-2,4.9999300E+1,2.4000000E-2,2.4000000E-2,1.9800000E-2
0.0000000E+0,0.0000000E+0,2.0000000E-7,-2.5907000E-3,6.4970310E-2,4.9999600E+1,2.4000000E-2,2.4000000E-2,1.9800000E-2
0.0000000E+0,0.0000000E+0,3.0000000E-7,-2.6438000E-3,6.4970310E-2,4.9999300E+1,2.4000000E-2,2.4000000E-2,1.9800000E-2
0.0000000E+0,-5.0000000E-7,-8.0000000E-7,-2.6948000E-3,6.4970310E-2,4.9999500E+1,2.4000000E-2,2.4000000E-2,1.9800000E-2
0.0000000E+0,9.0000000E-7,-2.0000000E-7,-2.7465000E-3,6.4970310E-2,4.9999500E+1,2.4000000E-2,2.4000000E-2,1.9800000E-2
0.0000000E+0,-1.0000000E-7,3.0000000E-7,-2.7912000E-3,6.4970310E-2,4.9999500E+1,2.4000000E-2,2.4000000E-2,1.9800000E-2
0.0000000E+0,1.0000000E-7,-5.0000000E-7,-2.8497000E-3,6.4970310E-2,4.9999600E+1,2.4000000E-2,2.4000000E-2,1.9800000E-2
0.0000000E+0,-5.0000000E-7,3.0000000E-7,-2.8914000E-3,6.4970310E-2,4.9999200E+1,2.4000000E-2,2.4000000E-2,1.9800000E-2
0.0000000E+0,-6.0000000E-7,-3.0000000E-7,-2.9426000E-3,6.4970310E-2,4.9999500E+1,2.4000000E-2,2.4000000E-2,1.9800000E-2
0.0000000E+0,-2.0000000E-7,3.0000000E-7,-2.9924000E-3,6.4970310E-2,4.9999600E+1,2.4000000E-2,2.4000000E-2,1.9800000E-2
0.0000000E+0,-8.0000000E-7,-2.0000000E-7,-3.0490000E-3,6.4970310E-2,4.9999500E+1,2.4000000E-2,2.4000000E-2,1.9800000E-2
0.0000000E+0,-1.0000000E-7,-6.0000000E-7,-3.1001000E-3,6.4970310E-2,4.9999700E+1,2.4000000E-2,2.4000000E-2,1.9800000E-2
0.0000000E+0,3.0000000E-7,8.0000000E-7,-3.1465000E-3,6.4970310E-2,4.9999200E+1,2.4000000E-2,2.4000000E-2,1.9800000E-2
0.0000000E+0,-3.0000000E-7,1.0000000E-7,-3.1961000E-3,6.4970310E-2,4.9999400E+1,2.4000000E-2,2.4000000E-2,1.9800000E-2
0.0000000E+0,-2.0000000E-7,2.0000000E-7,-3.2508000E-3,6.4970310E-2,4.9999400E+1,2.4000000E-2,2.4000000E-2,1.9800000E-2
0.0000000E+0,3.0000000E-7,-1.0000000E-7,-3.2987000E-3,6.4970310E-2,4.9999500E+1,2.4000000E-2,2.4000000E-2,1.9800000E-2
0.0000000E+0,2.0000000E-7,-3.0000000E-7,-3.3492000E-3,6.4970310E-2,4.9999600E+1,2.4000000E-2,2.4000000E-2,1.9800000E-2
0.0000000E+0,-4.0000000E-7,-2.0000000E-7,-3.3925000E-3,6.4970310E-2,4.9999300E+1,2.4000000E-2,2.4000000E-2,1.9800000E-2
0.0000000E+0,-5.0000000E-7,-3.0000000E-7,-3.4436000E-3,6.4970310E-2,4.9999400E+1,2.4000000E-2,2.4000000E-2,1.9800000E-2
0.0000000E+0,-3.0000000E-7,4.0000000E-7,-3.4939000E-3,6.4970310E-2,4.9999500E+1,2.4000000E-2,2.4000000E-2,1.9800000E-2
0.0000000E+0,1.0000000E-6,7.0000000E-7,-3.5398000E-3,6.4970310E-2,4.9999700E+1,2.4000000E-2,2.4000000E-2,1.9800000E-2
0.0000000E+0,-2.0000000E-7,-5.0000000E-7,-3.5957000E-3,6.4970310E-2,4.9999400E+1,2.4000000E-2,2.4000000E-2,1.9800000E-2
0.0000000E+0,1.0000000E-7,-3.0000000E-7,-3.6413000E-3,6.4970310E-2,4.9999800E+1,2.4000000E-2,2.4000000E-2,1.9800000E-2
0.0000000E+0,9.0000000E-7,-4.0000000E-7,-3.6943000E-3,6.4970310E-2,4.9999500E+1,2.4000000E-2,2.4000000E-2,1.9800000E-2
0.0000000E+0,-4.0000000E-7,8.0000000E-7,-3.7386000E-3,6.4970310E-2,4.9999500E+1,2.4000000E-2,2.4000000E-2,1.9800000E-2
0.0000000E+0,7.0000000E-7,1.0000000E-7,-3.7903000E-3,6.4970310E-2,4.9999600E+1,2.4000000E-2,2.4000000E-2,1.9800000E-2
0.0000000E+0,-6.0000000E-7,-5.0000000E-7,-3.8459000E-3,6.4970310E-2,4.9999800E+1,2.4000000E-2,2.4000000E-2,1.9800000E-2
0.0000000E+0,-5.0000000E-7,2.0000000E-7,-3.8917000E-3,6.4970310E-2,4.9999700E+1,2.4000000E-2,2.4000000E-2,1.9800000E-2
0.0000000E+0,1.1000000E-6,4.0000000E-7,-3.9445000E-3,6.4970310E-2,5.0000000E+1,2.4000000E-2,2.4000000E-2,1.9800000E-2
0.0000000E+0,1.1000000E-6,-5.0000000E-7,-3.9906000E-3,6.4970310E-2,4.9999900E+1,2.4000000E-2,2.4000000E-2,1.9800000E-2
0.0000000E+0,-2.0000000E-7,1.0000000E-7,-4.0420000E-3,6.4970310E-2,4.9999900E+1,2.4000000E-2,2.4000000E-2,1.9800000E-2
0.0000000E+0,9.0000000E-7,-0.0000000E+0,-4.0928000E-3,6.4970310E-2,4.9999700E+1,2.4000000E-2,2.4000000E-2,1.9800000E-2
0.0000000E+0,1.0000000E-7,-0.0000000E+0,-4.1422000E-3,6.4970310E-2,4.9999700E+1,2.4000000E-2,2.4000000E-2,1.9800000E-2
0.0000000E+0,2.0000000E-7,-5.0000000E-7,-4.1925000E-3,6.4970310E-2,4.9999600E+1,2.4000000E-2,2.4000000E-2,1.9800000E-2
0.0000000E+0,-1.0000000E-7,-5.0000000E-7,-4.2456000E-3,6.4970310E-2,4.9999900E+1,2.4000000E-2,2.4000000E-2,1.9800000E-2
0.0000000E+0,-2.0000000E-7,1.0000000E-6,-4.2942000E-3,6.4970310E-2,5.0000000E+1,2.4000000E-2,2.4000000E-2,1.9800000E-2
0.0000000E+0,-1.0000000E-7,3.0000000E-7,-4.3452000E-3,6.4970310E-2,5.0000100E+1,2.4000000E-2,2.4000000E-2,1.9800000E-2
0.0000000E+0,1.0000000E-7,5.0000000E-7,-4.3930000E-3,6.4970310E-2,4.9999700E+1,2.4000000E-2,2.4000000E-2,1.9800000E-2
0.0000000E+0,6.0000000E-7,7.0000000E-7,-4.4429000E-3,6.4970310E-2,4.9999700E+1,2.4000000E-2,2.4000000E-2,1.9800000E-2
0.0000000E+0,-3.0000000E-7,-1.0000000E-7,-4.4939000E-3,6.4970310E-2,5.0000200E+1,2.4000000E-2,2.4000000E-2,1.9800000E-2
0.0000000E+0,-0.0000000E+0,-7.0000000E-7,-4.5457000E-3,6.4970310E-2,5.0000200E+1,2.4000000E-2,2.4000000E-2,1.9800000E-2
0.0000000E+0,1.0000000E-7,5.0000000E-7,-4.5963000E-3,6.4970310E-2,4.9999900E+1,2.4000000E-2,2.4000000E-2,1.9800000E-2
0.0000000E+0,5.0000000E-7,-5.0000000E-7,-4.6406000E-3,6.4970310E-2,5.0000000E+1,2.4000000E-2,2.4000000E-2,1.9800000E-2
0.0000000E+0,1.0000000E-7,-6.0000000E-7,-4.6973000E-3,6.4970310E-2,5.0000000E+1,2.4000000E-2,2.4000000E-2,1.9800000E-2
0.0000000E+0,3.0000000E-7,-3.0000000E-7,-4.7478000E-3,6.4970310E-2,4.9999700E+1,2.4000000E-2,2.4000000E-2,1.9800000E-2
0.0000000E+0,-2.0000000E-7,-0.0000000E+0,-4.7973000E-3,6.4970310E-2,4.9999800E+1,2.4000000E-2,2.4000000E-2,1.9800000E-2
0.0000000E+0,4.0000000E-7,-1.0000000E-7,-4.8424000E-3,6.4970310E-2,4.9999700E+1,2.4000000E-2,2.4000000E-2,1.9800000E-2
0.0000000E+0,5.0000000E-7,-3.0000000E-7,-4.8950000E-3,6.4970310E-2,4.9999800E+1,2.4000000E-2,2.4000000E-2,1.9800000E-2
0.0000000E+0,5.0000000E-7,-4.0000000E-7,-4.9422000E-3,6.4970310E-2,5.0000200E+1,2.4000000E-2,2.4000000E-2,1.9800000E-2
0.0000000E+0,-1.0000000E-7,4.0000000E-7,-4.9921000E-3,6.4970310E-2,4.9999600E+1,2.4000000E-2,2.4000000E-2,1.9800000E-2
0.0000000E+0,-8.0000000E-7,-3.0000000E-7,-5.0399000E-3,6.4970310E-2,4.9999400E+1,2.4000000E-2,2.4000000E-2,1.9800000E-2
0.0000000E+0,3.0000000E-7,-4.0000000E-7,-5.0911000E-3,6.4970310E-2,4.9999700E+1,2.4000000E-2,2.4000000E-2,1.9800000E-2
0.0000000E+0,6.0000000E-7,-2.0000000E-7,-5.1472000E-3,6.4970310E-2,4.9999800E+1,2.4000000E-2,2.4000000E-2,1.9800000E-2
0.0000000E+0,-4.0000000E-7,-9.0000000E-7,-5.1997000E-3,6.4970310E-2,5.0000000E+1,2.4000000E-2,2.4000000E-2,1.9800000E-2
0.0000000E+0,-2.0000000E-7,-3.0000000E-7,-5.2474000E-3,6.4970310E-2,4.9999900E+1,2.4000000E-2,2.4000000E-2,1.9800000E-2
0.0000000E+0,3.0000000E-7,3.0000000E-7,-5.2934000E-3,6.4970310E-2,4.9999900E+1,2.4000000E-2,2.4000000E-2,1.9800000E-2
0.0000000E+0,-2.0000000E-7,1.0000000E-7,-5.3446000E-3,6.4970310E-2,4.9999900E+1,2.4000000E-2,2.4000000E-2,1.9800000E-2
0.0000000E+0,5.0000000E-7,-2.0000000E-7,-5.3892000E-3,6.4970310E-2,4.9999900E+1,2.4000000E-2,2.4000000E-2,1.9800000E-2
0.0000000E+0,-7.0000000E-7,9.0000000E-7,-5.4468000E-3,6.4970310E-2,5.0000000E+1,2.4000000E-2,2.4000000E-2,1.9800000E-2
0.0000000E+0,-2.0000000E-7,-8.0000000E-7,-5.4971000E-3,6.4970310E-2,5.0000000E+1,2.4000000E-2,2.4000000E-2,1.9800000E-2
0.0000000E+0,2.0000000E-7,1.0000000E-7,-5.5456000E-3,6.4970310E-2,4.9999800E+1,2.4000000E-2,2.4000000E-2,1.9800000E-2
0.0000000E+0,-4.0000000E-7,2.0000000E-7,-5.5977000E-3,6.4970310E-2,4.9999800E+1,2.4000000E-2,2.4000000E-2,1.9800000E-2
0.0000000E+0,3.0000000E-7,3.0000000E-7,-5.6440000E-3,6.4970310E-2,4.9999600E+1,2.4000000E-2,2.4000000E-2,1.9800000E-2
0.0000000E+0,-1.0000000E-7,-3.0000000E-7,-5.6903000E-3,6.4970310E-2,4.9999800E+1,2.4000000E-2,2.4000000E-2,1.9800000E-2
0.0000000E+0,5.0000000E-7,-6.0000000E-7,-5.7426000E-3,6.4970310E-2,4.9999800E+1,2.4000000E-2,2.4000000E-2,1.9800000E-2
0.0000000E+0,-1.0000000E-7,-3.0000000E-7,-5.7965000E-3,6.4970310E-2,4.9999800E+1,2.4000000E-2,2.4000000E-2,1.9800000E-2
0.0000000E+0,-5.0000000E-7,3.0000000E-7,-5.8481000E-3,6.4970310E-2,4.9999600E+1,2.4000000E-2,2.4000000E-2,1.9800000E-2
0.0000000E+0,5.0000000E-7,2.0000000E-7,-5.8944000E-3,6.4970310E-2,4.9999600E+1,2.4000000E-2,2.4000000E-2,1.9800000E-2
0.0000000E+0,0.0000000E+0,-7.0000000E-7,-5.9441000E-3,6.4970310E-2,5.0000100E+1,2.4000000E-2,2.4000000E-2,1.9800000E-2
0.0000000E+0,0.0000000E+0,-6.0000000E-7,-5.9957000E-3,6.4970310E-2,5.0000000E+1,2.4000000E-2,2.4000000E-2,1.9800000E-2
0.0000000E+0,-7.0000000E-7,4.0000000E-7,-6.0398000E-3,6.4970310E-2,4.9999500E+1,2.4000000E-2,2.4000000E-2,1.9800000E-2
0.0000000E+0,3.0000000E-7,5.0000000E-7,-6.0952000E-3,6.4970310E-2,4.9999400E+1,2.4000000E-2,2.4000000E-2,1.9800000E-2
0.0000000E+0,-3.0000000E-7,-7.0000000E-7,-6.1477000E-3,6.4970310E-2,5.0000000E+1,2.4000000E-2,2.4000000E-2,1.9800000E-2
0.0000000E+0,-3.0000000E-7,-2.0000000E-7,-6.1961000E-3,6.4970310E-2,4.9999600E+1,2.4000000E-2,2.4000000E-2,1.9800000E-2
0.0000000E+0,1.0000000E-7,1.0000000E-7,-6.2473000E-3,6.4970310E-2,4.9999600E+1,2.4000000E-2,2.4000000E-2,1.9800000E-2
0.0000000E+0,-1.1000000E-6,6.0000000E-7,-6.3015000E-3,6.4970310E-2,4.9999900E+1,2.4000000E-2,2.4000000E-2,1.9800000E-2
0.0000000E+0,5.0000000E-7,-4.0000000E-7,-6.3374000E-3,6.4970310E-2,5.0000000E+1,2.4000000E-2,2.4000000E-2,1.9800000E-2
0.0000000E+0,9.0000000E-7,-2.0000000E-7,-6.3957000E-3,6.4970310E-2,4.9999700E+1,2.4000000E-2,2.4000000E-2,1.9800000E-2
0.0000000E+0,1.2000000E-6,2.0000000E-7,-6.4389000E-3,6.4970310E-2,4.9999900E+1,2.4000000E-2,2.4000000E-2,1.9800000E-2
0.0000000E+0,1.0000000E-7,0.0000000E+0,-6.4922000E-3,6.4970310E-2,4.9999700E+1,2.4000000E-2,2.4000000E-2,1.9800000E-2
0.0000000E+0,1.1000000E-6,-5.0000000E-7,-6.5393000E-3,6.4970310E-2,4.9999800E+1,2.4000000E-2,2.4000000E-2,1.9800000E-2
0.0000000E+0,0.0000000E+0,5.0000000E-7,-6.5868000E-3,6.4970310E-2,4.9999700E+1,2.4000000E-2,2.4000000E-2,1.9800000E-2
0.0000000E+0,1.0000000E-7,1.0000000E-7,-6.6366000E-3,6.4970310E-2,4.9999700E+1,2.4000000E-2,2.4000000E-2,1.9800000E-2
0.0000000E+0,-3.0000000E-7,8.0000000E-7,-6.6938000E-3,6.4970310E-2,4.9999500E+1,2.4000000E-2,2.4000000E-2,1.9800000E-2
0.0000000E+0,-2.0000000E-7,-3.0000000E-7,-6.7619000E-3,6.4970310E-2,4.9999600E+1,2.4000000E-2,2.4000000E-2,1.9800000E-2
0.0000000E+0,-5.0000000E-7,0.0000000E+0,-6.7873000E-3,6.4970310E-2,4.9999700E+1,2.4000000E-2,2.4000000E-2,1.9800000E-2
0.0000000E+0,-8.0000000E-7,-3.0000000E-7,-6.8460000E-3,6.4970310E-2,5.0000100E+1,2.4000000E-2,2.4000000E-2,1.9800000E-2
0.0000000E+0,-6.0000000E-7,2.0000000E-7,-6.8924000E-3,6.4970310E-2,4.9999900E+1,2.4000000E-2,2.4000000E-2,1.9800000E-2
0.0000000E+0,1.0000000E-7,9.0000000E-7,-6.9394000E-3,6.4970310E-2,4.9999900E+1,2.4000000E-2,2.4000000E-2,1.9800000E-2
0.0000000E+0,1.2000000E-6,-1.0000000E-7,-7.0063000E-3,6.4970310E-2,4.9999600E+1,2.4000000E-2,2.4000000E-2,1.9800000E-2
0.0000000E+0,-9.0000000E-7,1.0000000E-7,-7.0433000E-3,6.4970310E-2,4.9999800E+1,2.4000000E-2,2.4000000E-2,1.9800000E-2
0.0000000E+0,5.0000000E-7,-3.0000000E-7,-7.0901000E-3,6.4970310E-2,5.0000000E+1,2.4000000E-2,2.4000000E-2,1.9800000E-2
0.0000000E+0,-1.0000000E-7,6.0000000E-7,-7.1450000E-3,6.4970310E-2,5.0000000E+1,2.4000000E-2,2.4000000E-2,1.9800000E-2
0.0000000E+0,1.0000000E-7,-7.0000000E-7,-7.1884000E-3,6.4970310E-2,4.9999900E+1,2.4000000E-2,2.4000000E-2,1.9800000E-2
0.0000000E+0,7.0000000E-7,-8.0000000E-7,-7.2341000E-3,6.4970310E-2,5.0000300E+1,2.4000000E-2,2.4000000E-2,1.9800000E-2
0.0000000E+0,-4.0000000E-7,1.0000000E-7,-7.2873000E-3,6.4970310E-2,4.9999900E+1,2.4000000E-2,2.4000000E-2,1.9800000E-2
0.0000000E+0,1.0000000E-7,6.0000000E-7,-7.3476000E-3,6.4970310E-2,4.9999600E+1,2.4000000E-2,2.4000000E-2,1.9800000E-2
0.0000000E+0,-3.0000000E-7,-7.0000000E-7,-7.3901000E-3,6.4970310E-2,4.9999700E+1,2.4000000E-2,2.4000000E-2,1.9800000E-2
0.0000000E+0,-4.0000000E-7,4.0000000E-7,-7.4351000E-3,6.4970310E-2,4.9999900E+1,2.4000000E-2,2.4000000E-2,1.9800000E-2
0.0000000E+0,-8.0000000E-7,-1.0000000E-7,-7.4867000E-3,6.4970310E-2,4.9999700E+1,2.4000000E-2,2.4000000E-2,1.9800000E-2
0.0000000E+0,-2.0000000E-7,1.0000000E-7,-7.5207000E-3,6.4970310E-2,4.9999700E+1,2.4000000E-2,2.4000000E-2,1.9800000E-2
0.0000000E+0,4.0000000E-7,2.0000000E-7,-7.5721000E-3,6.4970310E-2,4.9999300E+1,2.4000000E-2,2.4000000E-2,1.9800000E-2
0.0000000E+0,7.0000000E-7,-1.0000000E-7,-7.6304000E-3,6.4970310E-2,4.9999900E+1,2.4000000E-2,2.4000000E-2,1.9800000E-2
0.0000000E+0,3.0000000E-7,4.0000000E-7,-7.6920000E-3,6.4970310E-2,4.9999800E+1,2.4000000E-2,2.4000000E-2,1.9800000E-2
0.0000000E+0,-2.0000000E-7,5.0000000E-7,-7.7409000E-3,6.4970310E-2,4.9999700E+1,2.4000000E-2,2.4000000E-2,1.9800000E-2
0.0000000E+0,5.0000000E-7,3.0000000E-7,-7.7536000E-3,6.4970310E-2,4.9999600E+1,2.4000000E-2,2.4000000E-2,1.9800000E-2
0.0000000E+0,-2.0000000E-7,5.0000000E-7,-7.8839000E-3,6.4970310E-2,4.9999500E+1,2.4000000E-2,2.4000000E-2,1.9800000E-2
0.0000000E+0,-3.0000000E-7,6.0000000E-7,-7.8757000E-3,6.4970310E-2,4.9999300E+1,2.4000000E-2,2.4000000E-2,1.9800000E-2
0.0000000E+0,5.0000000E-7,3.0000000E-7,-7.9267000E-3,6.4970310E-2,4.9999900E+1,2.4000000E-2,2.4000000E-2,1.9800000E-2
0.0000000E+0,-2.0000000E-7,-4.0000000E-7,-7.9667000E-3,6.4970310E-2,4.9999600E+1,2.4000000E-2,2.4000000E-2,1.9800000E-2
0.0000000E+0,-2.0000000E-7,-5.0000000E-7,-8.0392000E-3,6.4970310E-2,4.9999900E+1,2.4000000E-2,2.4000000E-2,1.9800000E-2
0.0000000E+0,-0.0000000E+0,-2.0000000E-7,-8.0488000E-3,6.4970310E-2,4.9999800E+1,2.4000000E-2,2.4000000E-2,1.9800000E-2
0.0000000E+0,4.0000000E-7,-6.0000000E-7,-8.0815000E-3,6.4970310E-2,4.9999500E+1,2.4000000E-2,2.4000000E-2,1.9800000E-2
0.0000000E+0,6.0000000E-7,3.0000000E-7,-8.1655000E-3,6.4970310E-2,4.9999700E+1,2.4000000E-2,2.4000000E-2,1.9800000E-2
0.0000000E+0,5.0000000E-7,-5.0000000E-7,-8.2376000E-3,6.4970310E-2,4.9999700E+1,2.4000000E-2,2.4000000E-2,1.9800000E-2
0.0000000E+0,8.0000000E-7,0.0000000E+0,-8.2788000E-3,6.4970310E-2,4.9999700E+1,2.4000000E-2,2.4000000E-2,1.9800000E-2
0.0000000E+0,1.0000000E-7,-9.0000000E-7,-8.3402000E-3,6.4970310E-2,4.9999700E+1,2.4000000E-2,2.4000000E-2,1.9800000E-2
0.0000000E+0,9.0000000E-7,-6.0000000E-7,-8.3193000E-3,6.4970310E-2,4.9999700E+1,2.4000000E-2,2.4000000E-2,1.9800000E-2
0.0000000E+0,4.0000000E-7,1.0000000E-7,-8.5139000E-3,6.4970310E-2,5.0000000E+1,2.4000000E-2,2.4000000E-2,1.9800000E-2
0.0000000E+0,7.0000000E-7,-4.0000000E-7,-8.5478000E-3,6.4970310E-2,4.9999900E+1,2.4000000E-2,2.4000000E-2,1.9800000E-2
0.0000000E+0,-1.3000000E-6,1.0000000E-7,-8.5673000E-3,6.4970310E-2,5.0000000E+1,2.4000000E-2,2.4000000E-2,1.9800000E-2
0.0000000E+0,-1.1000000E-6,3.0000000E-7,-8.6181000E-3,6.4970310E-2,4.9999700E+1,2.4000000E-2,2.4000000E-2,1.9800000E-2
0.0000000E+0,-7.0000000E-7,-7.0000000E-7,-8.5658000E-3,6.4970310E-2,4.9999700E+1,2.4000000E-2,2.4000000E-2,1.9800000E-2
0.0000000E+0,9.0000000E-7,0.0000000E+0,-8.6170000E-3,6.4970310E-2,4.9999500E+1,2.4000000E-2,2.4000000E-2,1.9800000E-2
0.0000000E+0,2.0000000E-7,3.0000000E-7,-8.8106000E-3,6.4970310E-2,4.9999500E+1,2.4000000E-2,2.4000000E-2,1.9800000E-2
0.0000000E+0,1.0000000E-7,1.0000000E-7,-8.8319000E-3,6.4970310E-2,4.9999700E+1,2.4000000E-2,2.4000000E-2,1.9800000E-2
0.0000000E+0,7.0000000E-7,-5.0000000E-7,-8.9325000E-3,6.4970310E-2,4.9999600E+1,2.4000000E-2,2.4000000E-2,1.9800000E-2
0.0000000E+0,8.0000000E-7,-1.0000000E-7,-8.9102000E-3,6.4970310E-2,4.9999400E+1,2.4000000E-2,2.4000000E-2,1.9800000E-2
0.0000000E+0,-5.0000000E-7,-1.0000000E-6,-9.0422000E-3,6.4970310E-2,4.9999600E+1,2.4000000E-2,2.4000000E-2,1.9800000E-2
0.0000000E+0,-5.0000000E-7,3.0000000E-7,-9.1083000E-3,6.4970310E-2,4.9999800E+1,2.4000000E-2,2.4000000E-2,1.9800000E-2
0.0000000E+0,-1.1000000E-6,-3.0000000E-7,-9.1105000E-3,6.4970310E-2,5.0000000E+1,2.4000000E-2,2.4000000E-2,1.9800000E-2
0.0000000E+0,-3.0000000E-7,5.0000000E-7,-9.2998000E-3,6.4970310E-2,4.9999800E+1,2.4000000E-2,2.4000000E-2,1.9800000E-2
0.0000000E+0,-5.0000000E-7,2.0000000E-7,-9.1036000E-3,6.4970310E-2,4.9999800E+1,2.4000000E-2,2.4000000E-2,1.9800000E-2
0.0000000E+0,3.0000000E-7,2.0000000E-7,-9.3501000E-3,6.4970310E-2,4.9999500E+1,2.4000000E-2,2.4000000E-2,1.9800000E-2
0.0000000E+0,-2.0000000E-7,2.0000000E-7,-9.4048000E-3,6.4970310E-2,4.9999400E+1,2.4000000E-2,2.4000000E-2,1.9800000E-2
0.0000000E+0,2.0000000E-7,-3.0000000E-7,-9.3868000E-3,6.4970310E-2,4.9999400E+1,2.4000000E-2,2.4000000E-2,1.9800000E-2
0.0000000E+0,6.0000000E-7,-3.0000000E-7,-9.4332000E-3,6.4970310E-2,4.9999400E+1,2.4000000E-2,2.4000000E-2,1.9800000E-2
0.0000000E+0,4.0000000E-7,-5.0000000E-7,-9.5150000E-3,6.4970310E-2,4.9999600E+1,2.4000000E-2,2.4000000E-2,1.9800000E-2
0.0000000E+0,-1.4000000E-6,-1.0000000E-6,-9.5320000E-3,6.4970310E-2,4.9999800E+1,2.4000000E-2,2.4000000E-2,1.9800000E-2
0.0000000E+0,-8.0000000E-7,3.0000000E-7,-9.4768000E-3,6.4970310E-2,4.9999800E+1,2.4000000E-2,2.4000000E-2,1.9800000E-2
0.0000000E+0,1.0000000E-7,7.0000000E-7,-9.6690000E-3,6.4970310E-2,4.9999700E+1,2.4000000E-2,2.4000000E-2,1.9800000E-2
0.0000000E+0,-1.1000000E-6,-1.0000000E-7,-9.5730000E-3,6.4970310E-2,4.9999400E+1,2.4000000E-2,2.4000000E-2,1.9800000E-2
0.0000000E+0,3.0000000E-7,-4.0000000E-7,-9.7826000E-3,6.4970310E-2,4.9999600E+1,2.4000000E-2,2.4000000E-2,1.9800000E-2
0.0000000E+0,1.0000000E-7,7.0000000E-7,-9.7689000E-3,6.4970310E-2,4.9999600E+1,2.4000000E-2,2.4000000E-2,1.9800000E-2
0.0000000E+0,6.0000000E-7,-3.0000000E-7,-9.8881000E-3,6.4970310E-2,4.9999400E+1,2.4000000E-2,2.4000000E-2,1.9800000E-2
0.0000000E+0,-2.0000000E-7,2.0000000E-7,-9.9950000E-3,6.4970310E-2,4.9999600E+1,2.4000000E-2,2.4000000E-2,1.9800000E-2
0.0000000E+0,-2.0000000E-7,1.0000000E-7,-1.0030000E-2,6.4970310E-2,4.9999400E+1,2.4000000E-2,2.4000000E-2,1.9800000E-2
