Idc,Bx,By,Bz,Vdc_adc,V_bg,dBx,dBy,dBz,
nA,T,T,T,mV,V,T/min,T/min,T/min,
0.0000000E+0,-9.0000000E-7,-1.0000000E-7,-7.0000000E-7,6.4970310E-2,-5.0013600E+1,2.4000000E-2,2.4000000E-2,1.9800000E-2
0.0000000E+0,9.0000000E-7,-5.0000000E-7,-4.2300000E-5,6.4970310E-2,-5.0013800E+1,2.4000000E-2,2.4000000E-2,1.9800000E-2
0.0000000E+0,-0.0000000E+0,8.0000000E-7,-9.4200000E-5,6.4970310E-2,-5.0013600E+1,2.4000000E-2,2.4000000E-2,1.9800000E-2
0.0000000E+0,3.0000000E-7,2.0000000E-7,-1.4600000E-4,6.4970310E-2,-5.0013900E+1,2.4000000E-2,2.4000000E-2,1.9800000E-2
0.0000000E+0,-9.0000000E-7,1.0000000E-7,-1.9590000E-4,6.4970310E-2,-5.0014100E+1,2.4000000E-2,2.4000000E-2,1.9800000E-2
0.0000000E+0,-2.0000000E-7,-4.0000000E-7,-2.4890000E-4,6.4970310E-2,-5.0013900E+1,2.4000000E-2,2.4000000E-2,1.9800000E-2
0.0000000E+0,5.0000000E-7,-1.0000000E-7,-2.9920000E-4,6.4970310E-2,-5.0013900E+1,2.4000000E-2,2.4000000E-2,1.9800000E-2
0.0000000E+0,6.0000000E-7,7.0000000E-7,-3.4130000E-4,6.4970310E-2,-5.0013600E+1,2.4000000E-2,2.4000000E-2,1.9800000E-2
0.0000000E+0,2.0000000E-7,2.0000000E-7,-3.8690000E-4,6.4970310E-2,-5.0013900E+1,2.4000000E-2,2.4000000E-2,1.9800000E-2
0.0000000E+0,3.0000000E-7,-0.0000000E+0,-4.4390000E-4,6.4970310E-2,-5.0013700E+1,2.4000000E-2,2.4000000E-2,1.9800000E-2
0.0000000E+0,7.0000000E-7,3.0000000E-7,-4.9910000E-4,6.4970310E-2,-5.0013900E+1,2.4000000E-2,2.4000000E-2,1.9800000E-2
0.0000000E+0,1.0000000E-6,8.0000000E-7,-5.4760000E-4,6.4970310E-2,-5.0014000E+1,2.4000000E-2,2.4000000E-2,1.9800000E-2
0.0000000E+0,2.0000000E-7,-3.0000000E-7,-5.9010000E-4,6.4970310E-2,-5.0013700E+1,2.4000000E-2,2.4000000E-2,1.9800000E-2
0.0000000E+0,0.0000000E+0,1.0000000E-7,-6.4220000E-4,6.4970310E-2,-5.0013600E+1,2.4000000E-2,2.4000000E-2,1.9800000E-2
0.0000000E+0,0.0000000E+0,-4.0000000E-7,-6.9010000E-4,6.4970310E-2,-5.0013400E+1,2.4000000E-2,2.4000000E-2,1.9800000E-2
0.0000000E+0,4.0000000E-7,-0.0000000E+0,-7.5020000E-4,6.4970310E-2,-5.0013800E+1,2.4000000E-2,2.4000000E-2,1.9800000E-2
0.0000000E+0,4.0000000E-7,2.0000000E-7,-7.9420000E-4,6.4970310E-2,-5.0013700E+1,2.4000000E-2,2.4000000E-2,1.9800000E-2
0.0000000E+0,5.0000000E-7,2.0000000E-7,-8.4610000E-4,6.4970310E-2,-5.0013700E+1,2.4000000E-2,2.4000000E-2,1.9800000E-2
0.0000000E+0,-3.0000000E-7,-3.0000000E-7,-8.9730000E-4,6.4970310E-2,-5.0013900E+1,2.4000000E-2,2.4000000E-2,1.9800000E-2
0.0000000E+0,3.0000000E-7,-1.0000000E-7,-9.4380000E-4,6.4970310E-2,-5.0014300E+1,2.4000000E-2,2.4000000E-2,1.9800000E-2
0.0000000E+0,-4.0000000E-7,4.0000000E-7,-9.9280000E-4,6.4970310E-2,-5.0013600E+1,2.4000000E-2,2.4000000E-2,1.9800000E-2
0.0000000E+0,8.0000000E-7,2.0000000E-7,-1.0420000E-3,6.4970310E-2,-5.0013800E+1,2.4000000E-2,2.4000000E-2,1.9800000E-2
0.0000000E+0,-1.0000000E-7,-3.0000000E-7,-1.0996000E-3,6.4970310E-2,-5.0013700E+1,2.4000000E-2,2.4000000E-2,1.9800000E-2
0.0000000E+0,2.0000000E-7,8.0000000E-7,-1.1448000E-3,6.4970310E-2,-5.0013800E+1,2.4000000E-2,2.4000000E-2,1.9800000E-2
0.0000000E+0,-3.0000000E-7,-1.1000000E-6,-1.1879000E-3,6.4970310E-2,-5.0013700E+1,2.4000000E-2,2.4000000E-2,1.9800000E-2
0.0000000E+0,4.0000000E-7,1.0000000E-7,-1.2355000E-3,6.4970310E-2,-5.0013800E+1,2.4000000E-2,2.4000000E-2,1.9800000E-2
0.0000000E+0,3.0000000E-7,-1.0000000E-7,-1.2816000E-3,6.4970310E-2,-5.0013600E+1,2.4000000E-2,2.4000000E-2,1.9800000E-2
0.0000000E+0,0.0000000E+0,4.0000000E-7,-1.3425000E-3,6.4970310E-2,-5.0013900E+1,2.4000000E-2,2.4000000E-2,1.9800000E-2
0.0000000E+0,-2.0000000E-7,-1.0000000E-7,-1.3844000E-3,6.4970310E-2,-5.0013700E+1,2.4000000E-2,2.4000000E-2,1.9800000E-2
0.0000000E+0,1.0000000E-7,4.0000000E-7,-1.4493000E-3,6.4970310E-2,-5.0013700E+1,2.4000000E-2,2.4000000E-2,1.9800000E-2
0.0000000E+0,2.0000000E-7,-0.0000000E+0,-1.4974000E-3,6.4970310E-2,-5.0013400E+1,2.4000000E-2,2.4000000E-2,1.9800000E-2
0.0000000E+0,9.0000000E-7,-1.0000000E-7,-1.5344000E-3,6.4970310E-2,-5.0013900E+1,2.4000000E-2,2.4000000E-2,1.9800000E-2
0.0000000E+0,1.0000000E-7,-1.0000000E-7,-1.5921000E-3,6.4970310E-2,-5.0013600E+1,2.4000000E-2,2.4000000E-2,1.9800000E-2
0.0000000E+0,-1.0000000E-7,4.0000000E-7,-1.6357000E-3,6.4970310E-2,-5.0013500E+1,2.4000000E-2,2.4000000E-2,1.9800000E-2
0.0000000E+0,-9.0000000E-7,6.0000000E-7,-1.6873000E-3,6.4970310E-2,-5.0013400E+1,2.4000000E-2,2.4000000E-2,1.9800000E-2
0.0000000E+0,1.0000000E-7,3.0000000E-7,-1.7474000E-3,6.4970310E-2,-5.0013700E+1,2.4000000E-2,2.4000000E-2,1.9800000E-2
0.0000000E+0,1.0000000E-7,-1.1000000E-6,-1.7826000E-3,6.4970310E-2,-5.0013700E+1,2.4000000E-2,2.4000000E-2,1.9800000E-2
0.0000000E+0,-3.0000000E-7,1.0000000E-7,-1.8354000E-3,6.4970310E-2,-5.0013600E+1,2.4000000E-2,2.4000000E-2,1.9800000E-2
0.0000000E+0,-2.0000000E-7,-5.0000000E-7,-1.8846000E-3,6.4970310E-2,-5.0013800E+1,2.4000000E-2,2.4000000E-2,1.9800000E-2
0.0000000E+0,6.0000000E-7,1.0000000E-6,-1.9478000E-3,6.4970310E-2,-5.0013400E+1,2.4000000E-2,2.4000000E-2,1.9800000E-2
0.0000000E+0,-3.0000000E-7,2.0000000E-7,-1.9919000E-3,6.4970310E-2,-5.0013600E+1,2.4000000E-2,2.4000000E-2,1.9800000E-2
0.0000000E+0,-1.3000000E-6,7.0000000E-7,-2.0477000E-3,6.4970310E-2,-5.0013800E+1,2.4000000E-2,2.4000000E-2,1.9800000E-2
0.0000000E+0,-7.0000000E-7,3.0000000E-7,-2.0943000E-3,6.4970310E-2,-5.0014100E+1,2.4000000E-2,2.4000000E-2,1.9800000E-2
0.0000000E+0,2.0000000E-7,-7.0000000E-7,-2.1459000E-3,6.4970310E-2,-5.0014100E+1,2.4000000E-2,2.4000000E-2,1.9800000E-2
0.0000000E+0,-5.0000000E-7,-1.0000000E-7,-2.1988000E-3,6.4970310E-2,-5.0014000E+1,2.4000000E-2,2.4000000E-2,1.9800000E-2
0.0000000E+0,-1.0000000E-7,1.0000000E-6,-2.2427000E-3,6.4970310E-2,-5.0013700E+1,2.4000000E-2,2.4000000E-2,1.9800000E-2
0.0000000E+0,0.0000000E+0,-3.0000000E-7,-2.2963000E-3,6.4970310E-2,-5.0013800E+1,2.4000000E-2,2.4000000E-2,1.9800000E-2
0.0000000E+0,-0.0000000E+0,-2.0000000E-7,-2.3438000E-3,6.4970310E-2,-5.0013800E+1,2.4000000E-2,2.4000000E-2,1.9800000E-2
0.0000000E+0,3.0000000E-7,1.0000000E-7,-2.3901000E-3,6.4970310E-2,-5.0013800E+1,2.4000000E-2,2.4000000E-2,1.9800000E-2
0.0000000E+0,1.1000000E-6,1.0000000E-7,-2.4457000E-3,6.4970310E-2,-5.0013600E+1,2.4000000E-2,2.4000000E-2,1.9800000E-2
0.0000000E+0,3.0000000E-7,-4.0000000E-7,-2.4976000E-3,6.4970310E-2,-5.0013600E+1,2.4000000E-2,2.4000000E-2,1.9800000E-2
0.0000000E+0,-5.0000000E-7,4.0000000E-7,-2.5463000E-3,6.4970310E-2,-5.0013600E+1,2.4000000E-2,2.4000000E-2,1.9800000E-2
0.0000000E+0,0.0000000E+0,-6.0000000E-7,-2.5951000E-3,6.4970310E-2,-5.0013800E+1,2.4000000E-2,2.4000000E-2,1.9800000E-2
0.0000000E+0,3.0000000E-7,1.0000000E-7,-2.6461000E-3,6.4970310E-2,-5.0013600E+1,2.4000000E-2,2.4000000E-2,1.9800000E-2
0.0000000E+0,-9.0000000E-7,2.0000000E-7,-2.6950000E-3,6.4970310E-2,-5.0014200E+1,2.4000000E-2,2.4000000E-2,1.9800000E-2
0.0000000E+0,-1.0000000E-7,4.0000000E-7,-2.7405000E-3,6.4970310E-2,-5.0013800E+1,2.4000000E-2,2.4000000E-2,1.9800000E-2
0.0000000E+0,5.0000000E-7,-6.0000000E-7,-2.7957000E-3,6.4970310E-2,-5.0013900E+1,2.4000000E-2,2.4000000E-2,1.9800000E-2
0.0000000E+0,-1.0000000E-7,2.0000000E-7,-2.8440000E-3,6.4970310E-2,-5.0013400E+1,2.4000000E-2,2.4000000E-2,1.9800000E-2
0.0000000E+0,4.0000000E-7,4.0000000E-7,-2.8936000E-3,6.4970310E-2,-5.0013800E+1,2.4000000E-2,2.4000000E-2,1.9800000E-2
0.0000000E+0,-1.0000000E-7,-2.0000000E-7,-2.9443000E-3,6.4970310E-2,-5.0013900E+1,2.4000000E-2,2.4000000E-2,1.9800000E-2
0.0000000E+0,4.0000000E-7,-6.0000000E-7,-2.9918000E-3,6.4970310E-2,-5.0014100E+1,2.4000000E-2,2.4000000E-2,1.9800000E-2
0.0000000E+0,-7.0000000E-7,3.0000000E-7,-3.0485000E-3,6.4970310E-2,-5.0013300E+1,2.4000000E-2,2.4000000E-2,1.9800000E-2
0.0000000E+0,1.0000000E-7,2.0000000E-7,-3.0931000E-3,6.4970310E-2,-5.0013500E+1,2.4000000E-2,2.4000000E-2,1.9800000E-2
0.0000000E+0,-6.0000000E-7,-1.0000000E-7,-3.1407000E-3,6.4970310E-2,-5.0013500E+1,2.4000000E-2,2.4000000E-2,1.9800000E-2
0.0000000E+0,5.0000000E-7,6.0000000E-7,-3.2025000E-3,6.4970310E-2,-5.0013600E+1,2.4000000E-2,2.4000000E-2,1.9800000E-2
0.0000000E+0,5.0000000E-7,-2.0000000E-7,-3.2455000E-3,6.4970310E-2,-5.0013800E+1,2.4000000E-2,2.4000000E-2,1.9800000E-2
0.0000000E+0,-2.0000000E-7,-0.0000000E+0,-3.2956000E-3,6.4970310E-2,-5.0013500E+1,2.4000000E-2,2.4000000E-2,1.9800000E-2
0.0000000E+0,-8.0000000E-7,-1.0000000E-7,-3.3428000E-3,6.4970310E-2,-5.0013300E+1,2.4000000E-2,2.4000000E-2,1.9800000E-2
0.0000000E+0,-5.0000000E-7,7.0000000E-7,-3.3986000E-3,6.4970310E-2,-5.0013500E+1,2.4000000E-2,2.4000000E-2,1.9800000E-2
0.0000000E+0,-8.0000000E-7,3.0000000E-7,-3.4434000E-3,6.4970310E-2,-5.0013500E+1,2.4000000E-2,2.4000000E-2,1.9800000E-2
0.0000000E+0,6.0000000E-7,-3.0000000E-7,-3.4935000E-3,6.4970310E-2,-5.0013300E+1,2.4000000E-2,2.4000000E-2,1.9800000E-2
0.0000000E+0,6.0000000E-7,7.0000000E-7,-3.5454000E-3,6.4970310E-2,-5.0013400E+1,2.4000000E-2,2.4000000E-2,1.9800000E-2
0.0000000E+0,7.0000000E-7,1.0000000E-7,-3.5946000E-3,6.4970310E-2,-5.0013500E+1,2.4000000E-2,2.4000000E-2,1.9800000E-2
0.0000000E+0,-3.0000000E-7,-9.0000000E-7,-3.6435000E-3,6.4970310E-2,-5.0013600E+1,2.4000000E-2,2.4000000E-2,1.9800000E-2
0.0000000E+0,1.0000000E-7,2.0000000E-7,-3.6894000E-3,6.4970310E-2,-5.0013700E+1,2.4000000E-2,2.4000000E-2,1.9800000E-2
0.0000000E+0,-3.0000000E-7,-1.0000000E-7,-3.7450000E-3,6.4970310E-2,-5.0013600E+1,2.4000000E-2,2.4000000E-2,1.9800000E-2
0.0000000E+0,8.0000000E-7,0.0000000E+0,-3.7916000E-3,6.4970310E-2,-5.0014200E+1,2.4000000E-2,2.4000000E-2,1.9800000E-2
0.0000000E+0,4.0000000E-7,3.0000000E-7,-3.8447000E-3,6.4970310E-2,-5.0013600E+1,2.4000000E-2,2.4000000E-2,1.9800000E-2
0.0000000E+0,-4.0000000E-7,1.0000000E-7,-3.8957000E-3,6.4970310E-2,-5.0013900E+1,2.4000000E-2,2.4000000E-2,1.9800000E-2
0.0000000E+0,6.0000000E-7,-3.0000000E-7,-3.9462000E-3,6.4970310E-2,-5.0013600E+1,2.4000000E-2,2.4000000E-2,1.9800000E-2
0.0000000E+0,7.0000000E-7,7.0000000E-7,-3.9954000E-3,6.4970310E-2,-5.0013700E+1,2.4000000E-2,2.4000000E-2,1.9800000E-2
0.0000000E+0,-3.0000000E-7,-1.0000000E-7,-4.0486000E-3,6.4970310E-2,-5.0013500E+1,2.4000000E-2,2.4000000E-2,1.9800000E-2
0.0000000E+0,7.0000000E-7,-1.0000000E-7,-4.0903000E-3,6.4970310E-2,-5.0013400E+1,2.4000000E-2,2.4000000E-2,1.9800000E-2
0.0000000E+0,-3.0000000E-7,-2.0000000E-7,-4.1404000E-3,6.4970310E-2,-5.0013800E+1,2.4000000E-2,2.4000000E-2,1.9800000E-2
0.0000000E+0,-3.0000000E-7,4.0000000E-7,-4.1920000E-3,6.4970310E-2,-5.0013700E+1,2.4000000E-2,2.4000000E-2,1.9800000E-2
0.0000000E+0,2.0000000E-7,-9.0000000E-7,-4.2437000E-3,6.4970310E-2,-5.0013600E+1,2.4000000E-2,2.4000000E-2,1.9800000E-2
0.0000000E+0,-1.0000000E-7,-1.1000000E-6,-4.2971000E-3,6.4970310E-2,-5.0013900E+1,2.4000000E-2,2.4000000E-2,1.9800000E-2
0.0000000E+0,5.0000000E-7,1.0000000E-7,-4.3436000E-3,6.4970310E-2,-5.0013400E+1,2.4000000E-2,2.4000000E-2,1.9800000E-2
0.0000000E+0,-1.0000000E-7,-6.0000000E-7,-4.3933000E-3,6.4970310E-2,-5.0014100E+1,2.4000000E-2,2.4000000E-2,1.9800000E-2
0.0000000E+0,1.0000000E-7,-2.0000000E-7,-4.4435000E-3,6.4970310E-2,-5.0013900E+1,2.4000000E-2,2.4000000E-2,1.9800000E-2
0.0000000E+0,3.0000000E-7,6.0000000E-7,-4.4978000E-3,6.4970310E-2,-5.0013900E+1,2.4000000E-2,2.4000000E-2,1.9800000E-2
0.0000000E+0,3.0000000E-7,-5.0000000E-7,-4.5490000E-3,6.4970310E-2,-5.0013900E+1,2.4000000E-2,2.4000000E-2,1.9800000E-2
0.0000000E+0,-1.0000000E-7,1.0000000E-7,-4.5920000E-3,6.4970310E-2,-5.0013700E+1,2.4000000E-2,2.4000000E-2,1.9800000E-2
0.0000000E+0,6.0000000E-7,-1.1000000E-6,-4.6452000E-3,6.4970310E-2,-5.0014000E+1,2.4000000E-2,2.4000000E-2,1.9800000E-2
0.0000000E+0,8.0000000E-7,2.0000000E-7,-4.6951000E-3,6.4970310E-2,-5.0014000E+1,2.4000000E-2,2.4000000E-2,1.9800000E-2
0.0000000E+0,5.0000000E-7,8.0000000E-7,-4.7439000E-3,6.4970310E-2,-5.0014300E+1,2.4000000E-2,2.4000000E-2,1.9800000E-2
0.0000000E+0,5.0000000E-7,-1.0000000E-7,-4.7911000E-3,6.4970310E-2,-5.0014100E+1,2.4000000E-2,2.4000000E-2,1.9800000E-2
0.0000000E+0,0.0000000E+0,-0.0000000E+0,-4.8396000E-3,6.4970310E-2,-5.0013500E+1,2.4000000E-2,2.4000000E-2,1.9800000E-2
0.0000000E+0,6.0000000E-7,-3.0000000E-7,-4.8901000E-3,6.4970310E-2,-5.0013400E+1,2.4000000E-2,2.4000000E-2,1.9800000E-2
0.0000000E+0,0.0000000E+0,3.0000000E-7,-4.9462000E-3,6.4970310E-2,-5.0013800E+1,2.4000000E-2,2.4000000E-2,1.9800000E-2
0.0000000E+0,1.0000000E-6,-3.0000000E-7,-4.9914000E-3,6.4970310E-2,-5.0013700E+1,2.4000000E-2,2.4000000E-2,1.9800000E-2
