Idc,Bx,By,Bz,Vdc_adc,V_bg,dBx,dBy,dBz,
nA,T,T,T,mV,V,T/min,T/min,T/min,
0.0000000E+0,4.0000000E-7,1.0000000E-7,-1.9997700E-2,6.4970310E-2,-1.0013600E-3,2.4000000E-2,2.4000000E-2,1.9800000E-2
0.0000000E+0,-1.0000000E-7,1.0000000E-7,-1.9960200E-2,6.4970310E-2,-1.2636200E-3,2.4000000E-2,2.4000000E-2,1.9800000E-2
0.0000000E+0,-7.0000000E-7,-4.0000000E-7,-1.9907200E-2,6.4970310E-2,-6.4373000E-4,2.4000000E-2,2.4000000E-2,1.9800000E-2
0.0000000E+0,-4.0000000E-7,-0.0000000E+0,-1.9852500E-2,6.4970310E-2,-9.5367400E-4,2.4000000E-2,2.4000000E-2,1.9800000E-2
0.0000000E+0,-1.0000000E-7,5.0000000E-7,-1.9802600E-2,6.4970310E-2,-1.1444100E-3,2.4000000E-2,2.4000000E-2,1.9800000E-2
0.0000000E+0,3.0000000E-7,-3.0000000E-7,-1.9757900E-2,6.4970310E-2,-8.1062300E-4,2.4000000E-2,2.4000000E-2,1.9800000E-2
0.0000000E+0,-5.0000000E-7,8.0000000E-7,-1.9707400E-2,6.4970310E-2,-6.4373000E-4,2.4000000E-2,2.4000000E-2,1.9800000E-2
0.0000000E+0,-1.0000000E-7,1.0000000E-6,-1.9652400E-2,6.4970310E-2,-6.4373000E-4,2.4000000E-2,2.4000000E-2,1.9800000E-2
0.0000000E+0,-1.0000000E-7,6.0000000E-7,-1.9606700E-2,6.4970310E-2,-7.3909800E-4,2.4000000E-2,2.4000000E-2,1.9800000E-2
0.0000000E+0,7.0000000E-7,-3.0000000E-7,-1.9560700E-2,6.4970310E-2,-8.1062300E-4,2.4000000E-2,2.4000000E-2,1.9800000E-2
0.0000000E+0,-8.0000000E-7,2.0000000E-7,-1.9504100E-2,6.4970310E-2,-7.3909800E-4,2.4000000E-2,2.4000000E-2,1.9800000E-2
0.0000000E+0,7.0000000E-7,6.0000000E-7,-1.9458200E-2,6.4970310E-2,-8.3446500E-4,2.4000000E-2,2.4000000E-2,1.9800000E-2
0.0000000E+0,-6.0000000E-7,-2.0000000E-7,-1.9406400E-2,6.4970310E-2,-6.9141400E-4,2.4000000E-2,2.4000000E-2,1.9800000E-2
0.0000000E+0,5.0000000E-7,4.0000000E-7,-1.9347400E-2,6.4970310E-2,-8.3446500E-4,2.4000000E-2,2.4000000E-2,1.9800000E-2
0.0000000E+0,-0.0000000E+0,7.0000000E-7,-1.9305300E-2,6.4970310E-2,-1.0967300E-3,2.4000000E-2,2.4000000E-2,1.9800000E-2
0.0000000E+0,1.0000000E-7,1.0000000E-7,-1.9256400E-2,6.4970310E-2,-6.9141400E-4,2.4000000E-2,2.4000000E-2,1.9800000E-2
0.0000000E+0,-8.0000000E-7,5.0000000E-7,-1.9203200E-2,6.4970310E-2,-7.8678100E-4,2.4000000E-2,2.4000000E-2,1.9800000E-2
0.0000000E+0,6.0000000E-7,-2.0000000E-7,-1.9152200E-2,6.4970310E-2,-6.4373000E-4,2.4000000E-2,2.4000000E-2,1.9800000E-2
0.0000000E+0,2.0000000E-7,6.0000000E-7,-1.9106400E-2,6.4970310E-2,-8.3446500E-4,2.4000000E-2,2.4000000E-2,1.9800000E-2
0.0000000E+0,-5.0000000E-7,2.0000000E-7,-1.9055800E-2,6.4970310E-2,-6.6757200E-4,2.4000000E-2,2.4000000E-2,1.9800000E-2
0.0000000E+0,9.0000000E-7,2.0000000E-7,-1.9002000E-2,6.4970310E-2,-3.0994400E-4,2.4000000E-2,2.4000000E-2,1.9800000E-2
0.0000000E+0,-4.0000000E-7,6.0000000E-7,-1.8967000E-2,6.4970310E-2,-4.0531200E-4,2.4000000E-2,2.4000000E-2,1.9800000E-2
0.0000000E+0,-5.0000000E-7,-2.0000000E-7,-1.8907100E-2,6.4970310E-2,-8.8214900E-4,2.4000000E-2,2.4000000E-2,1.9800000E-2
0.0000000E+0,6.0000000E-7,1.0000000E-7,-1.8859300E-2,6.4970310E-2,-9.5367400E-4,2.4000000E-2,2.4000000E-2,1.9800000E-2
0.0000000E+0,1.2000000E-6,5.0000000E-7,-1.8811600E-2,6.4970310E-2,-5.0067900E-4,2.4000000E-2,2.4000000E-2,1.9800000E-2
0.0000000E+0,-2.0000000E-7,2.0000000E-7,-1.8751700E-2,6.4970310E-2,-6.6757200E-4,2.4000000E-2,2.4000000E-2,1.9800000E-2
0.0000000E+0,-6.0000000E-7,-3.0000000E-7,-1.8705900E-2,6.4970310E-2,-5.2452100E-4,2.4000000E-2,2.4000000E-2,1.9800000E-2
0.0000000E+0,3.0000000E-7,-5.0000000E-7,-1.8652000E-2,6.4970310E-2,-7.3909800E-4,2.4000000E-2,2.4000000E-2,1.9800000E-2
0.0000000E+0,-1.0000000E-7,1.0000000E-7,-1.8606100E-2,6.4970310E-2,-5.4836300E-4,2.4000000E-2,2.4000000E-2,1.9800000E-2
0.0000000E+0,2.0000000E-7,4.0000000E-7,-1.8553600E-2,6.4970310E-2,-2.8610200E-4,2.4000000E-2,2.4000000E-2,1.9800000E-2
0.0000000E+0,0.0000000E+0,-5.0000000E-7,-1.8502000E-2,6.4970310E-2,-7.8678100E-4,2.4000000E-2,2.4000000E-2,1.9800000E-2
0.0000000E+0,-7.0000000E-7,6.0000000E-7,-1.8459000E-2,6.4970310E-2,-4.0531200E-4,2.4000000E-2,2.4000000E-2,1.9800000E-2
0.0000000E+0,-1.0000000E-7,-7.0000000E-7,-1.8405600E-2,6.4970310E-2,-5.0067900E-4,2.4000000E-2,2.4000000E-2,1.9800000E-2
0.0000000E+0,2.0000000E-7,2.0000000E-7,-1.8353800E-2,6.4970310E-2,-3.3378600E-4,2.4000000E-2,2.4000000E-2,1.9800000E-2
0.0000000E+0,-8.0000000E-7,-3.0000000E-7,-1.8305900E-2,6.4970310E-2,-2.8610200E-4,2.4000000E-2,2.4000000E-2,1.9800000E-2
0.0000000E+0,-1.0000000E-7,-3.0000000E-7,-1.8251300E-2,6.4970310E-2,-2.3841900E-4,2.4000000E-2,2.4000000E-2,1.9800000E-2
0.0000000E+0,-3.0000000E-7,4.0000000E-7,-1.8204800E-2,6.4970310E-2,-3.8147000E-4,2.4000000E-2,2.4000000E-2,1.9800000E-2
0.0000000E+0,2.0000000E-7,-0.0000000E+0,-1.8152700E-2,6.4970310E-2,-2.3841900E-4,2.4000000E-2,2.4000000E-2,1.9800000E-2
0.0000000E+0,-5.0000000E-7,4.0000000E-7,-1.8106900E-2,6.4970310E-2,-1.9073500E-4,2.4000000E-2,2.4000000E-2,1.9800000E-2
0.0000000E+0,-5.0000000E-7,-8.0000000E-7,-1.8054800E-2,6.4970310E-2,-2.8610200E-4,2.4000000E-2,2.4000000E-2,1.9800000E-2
0.0000000E+0,5.0000000E-7,-5.0000000E-7,-1.8003200E-2,6.4970310E-2,-3.3378600E-4,2.4000000E-2,2.4000000E-2,1.9800000E-2
0.0000000E+0,6.0000000E-7,-2.0000000E-7,-1.7957900E-2,6.4970310E-2,1.1920900E-4,2.4000000E-2,2.4000000E-2,1.9800000E-2
0.0000000E+0,1.0000000E-7,-4.0000000E-7,-1.7905200E-2,6.4970310E-2,-2.1457700E-4,2.4000000E-2,2.4000000E-2,1.9800000E-2
0.0000000E+0,3.0000000E-7,-3.0000000E-7,-1.7858000E-2,6.4970310E-2,-2.8610200E-4,2.4000000E-2,2.4000000E-2,1.9800000E-2
0.0000000E+0,-6.0000000E-7,3.0000000E-7,-1.7807700E-2,6.4970310E-2,-1.4305100E-4,2.4000000E-2,2.4000000E-2,1.9800000E-2
0.0000000E+0,-4.0000000E-7,1.0000000E-7,-1.7755800E-2,6.4970310E-2,-1.1920900E-4,2.4000000E-2,2.4000000E-2,1.9800000E-2
0.0000000E+0,-3.0000000E-7,-0.0000000E+0,-1.7702700E-2,6.4970310E-2,2.3841900E-5,2.4000000E-2,2.4000000E-2,1.9800000E-2
0.0000000E+0,-2.0000000E-7,-3.0000000E-7,-1.7659000E-2,6.4970310E-2,1.9073500E-4,2.4000000E-2,2.4000000E-2,1.9800000E-2
0.0000000E+0,5.0000000E-7,-2.0000000E-7,-1.7604700E-2,6.4970310E-2,2.6226000E-4,2.4000000E-2,2.4000000E-2,1.9800000E-2
0.0000000E+0,-6.0000000E-7,3.0000000E-7,-1.7553500E-2,6.4970310E-2,2.3841900E-5,2.4000000E-2,2.4000000E-2,1.9800000E-2
0.0000000E+0,-7.0000000E-7,-4.0000000E-7,-1.7500800E-2,6.4970310E-2,5.0067900E-4,2.4000000E-2,2.4000000E-2,1.9800000E-2
0.0000000E+0,3.0000000E-7,7.0000000E-7,-1.7458000E-2,6.4970310E-2,3.3378600E-4,2.4000000E-2,2.4000000E-2,1.9800000E-2
0.0000000E+0,7.0000000E-7,2.0000000E-7,-1.7405700E-2,6.4970310E-2,3.8147000E-4,2.4000000E-2,2.4000000E-2,1.9800000E-2
0.0000000E+0,-0.0000000E+0,-4.0000000E-7,-1.7352000E-2,6.4970310E-2,3.3378600E-4,2.4000000E-2,2.4000000E-2,1.9800000E-2
0.0000000E+0,-9.0000000E-7,-0.0000000E+0,-1.7304800E-2,6.4970310E-2,4.7683700E-4,2.4000000E-2,2.4000000E-2,1.9800000E-2
0.0000000E+0,-3.0000000E-7,-7.0000000E-7,-1.7253700E-2,6.4970310E-2,3.3378600E-4,2.4000000E-2,2.4000000E-2,1.9800000E-2
0.0000000E+0,0.0000000E+0,-1.0000000E-7,-1.7208200E-2,6.4970310E-2,2.8610200E-4,2.4000000E-2,2.4000000E-2,1.9800000E-2
0.0000000E+0,1.0000000E-7,4.0000000E-7,-1.7153000E-2,6.4970310E-2,2.3841900E-4,2.4000000E-2,2.4000000E-2,1.9800000E-2
0.0000000E+0,-0.0000000E+0,1.0000000E-7,-1.7105200E-2,6.4970310E-2,1.1920900E-4,2.4000000E-2,2.4000000E-2,1.9800000E-2
0.0000000E+0,9.0000000E-7,-0.0000000E+0,-1.7053300E-2,6.4970310E-2,-2.3841900E-5,2.4000000E-2,2.4000000E-2,1.9800000E-2
0.0000000E+0,2.0000000E-7,3.0000000E-7,-1.7007400E-2,6.4970310E-2,-9.5367400E-5,2.4000000E-2,2.4000000E-2,1.9800000E-2
0.0000000E+0,-1.0000000E-6,-1.0000000E-7,-1.6960900E-2,6.4970310E-2,3.8147000E-4,2.4000000E-2,2.4000000E-2,1.9800000E-2
0.0000000E+0,-3.0000000E-7,-7.0000000E-7,-1.6907500E-2,6.4970310E-2,-4.7683700E-5,2.4000000E-2,2.4000000E-2,1.9800000E-2
0.0000000E+0,-6.0000000E-7,-6.0000000E-7,-1.6856500E-2,6.4970310E-2,3.3378600E-4,2.4000000E-2,2.4000000E-2,1.9800000E-2
0.0000000E+0,2.0000000E-7,-6.0000000E-7,-1.6804900E-2,6.4970310E-2,2.8610200E-4,2.4000000E-2,2.4000000E-2,1.9800000E-2
0.0000000E+0,-4.0000000E-7,-0.0000000E+0,-1.6756100E-2,6.4970310E-2,5.7220500E-4,2.4000000E-2,2.4000000E-2,1.9800000E-2
0.0000000E+0,-0.0000000E+0,2.0000000E-7,-1.6703800E-2,6.4970310E-2,3.5762800E-4,2.4000000E-2,2.4000000E-2,1.9800000E-2
0.0000000E+0,-6.0000000E-7,-3.0000000E-7,-1.6657300E-2,6.4970310E-2,5.0067900E-4,2.4000000E-2,2.4000000E-2,1.9800000E-2
0.0000000E+0,-6.0000000E-7,-6.0000000E-7,-1.6607000E-2,6.4970310E-2,4.2915300E-4,2.4000000E-2,2.4000000E-2,1.9800000E-2
0.0000000E+0,7.0000000E-7,6.0000000E-7,-1.6557100E-2,6.4970310E-2,1.1920900E-4,2.4000000E-2,2.4000000E-2,1.9800000E-2
0.0000000E+0,3.0000000E-7,-4.0000000E-7,-1.6511300E-2,6.4970310E-2,3.8147000E-4,2.4000000E-2,2.4000000E-2,1.9800000E-2
0.0000000E+0,7.0000000E-7,-4.0000000E-7,-1.6453000E-2,6.4970310E-2,3.5762800E-4,2.4000000E-2,2.4000000E-2,1.9800000E-2
0.0000000E+0,3.0000000E-7,3.0000000E-7,-1.6405100E-2,6.4970310E-2,2.8610200E-4,2.4000000E-2,2.4000000E-2,1.9800000E-2
0.0000000E+0,6.0000000E-7,-9.0000000E-7,-1.6353500E-2,6.4970310E-2,-2.3841900E-5,2.4000000E-2,2.4000000E-2,1.9800000E-2
0.0000000E+0,-5.0000000E-7,-3.0000000E-7,-1.6308300E-2,6.4970310E-2,1.9073500E-4,2.4000000E-2,2.4000000E-2,1.9800000E-2
0.0000000E+0,-1.1000000E-6,-5.0000000E-7,-1.6259300E-2,6.4970310E-2,2.8610200E-4,2.4000000E-2,2.4000000E-2,1.9800000E-2
0.0000000E+0,-7.0000000E-7,1.0000000E-7,-1.6205700E-2,6.4970310E-2,5.0067900E-4,2.4000000E-2,2.4000000E-2,1.9800000E-2
0.0000000E+0,-7.0000000E-7,4.0000000E-7,-1.6155600E-2,6.4970310E-2,4.2915300E-4,2.4000000E-2,2.4000000E-2,1.9800000E-2
0.0000000E+0,7.0000000E-7,-6.0000000E-7,-1.6104100E-2,6.4970310E-2,2.8610200E-4,2.4000000E-2,2.4000000E-2,1.9800000E-2
0.0000000E+0,-7.0000000E-7,1.0000000E-7,-1.6051400E-2,6.4970310E-2,3.5762800E-4,2.4000000E-2,2.4000000E-2,1.9800000E-2
0.0000000E+0,1.0000000E-7,-5.0000000E-7,-1.5999800E-2,6.4970310E-2,7.6293900E-4,2.4000000E-2,2.4000000E-2,1.9800000E-2
0.0000000E+0,1.0000000E-7,5.0000000E-7,-1.5953400E-2,6.4970310E-2,3.8147000E-4,2.4000000E-2,2.4000000E-2,1.9800000E-2
0.0000000E+0,5.0000000E-7,7.0000000E-7,-1.5902000E-2,6.4970310E-2,5.9604600E-4,2.4000000E-2,2.4000000E-2,1.9800000E-2
0.0000000E+0,1.0000000E-7,-6.0000000E-7,-1.5856200E-2,6.4970310E-2,4.5299500E-4,2.4000000E-2,2.4000000E-2,1.9800000E-2
0.0000000E+0,-8.0000000E-7,4.0000000E-7,-1.5801700E-2,6.4970310E-2,5.7220500E-4,2.4000000E-2,2.4000000E-2,1.9800000E-2
0.0000000E+0,0.0000000E+0,-3.0000000E-7,-1.5757600E-2,6.4970310E-2,2.6226000E-4,2.4000000E-2,2.4000000E-2,1.9800000E-2
0.0000000E+0,-4.0000000E-7,-1.0000000E-7,-1.5702800E-2,6.4970310E-2,6.4373000E-4,2.4000000E-2,2.4000000E-2,1.9800000E-2
0.0000000E+0,0.0000000E+0,-2.0000000E-7,-1.5657600E-2,6.4970310E-2,4.2915300E-4,2.4000000E-2,2.4000000E-2,1.9800000E-2
0.0000000E+0,-6.0000000E-7,-3.0000000E-7,-1.5608000E-2,6.4970310E-2,6.1988800E-4,2.4000000E-2,2.4000000E-2,1.9800000E-2
0.0000000E+0,4.0000000E-7,1.0000000E-7,-1.5554100E-2,6.4970310E-2,7.1525600E-4,2.4000000E-2,2.4000000E-2,1.9800000E-2
0.0000000E+0,3.0000000E-7,-2.0000000E-7,-1.5507300E-2,6.4970310E-2,7.3909800E-4,2.4000000E-2,2.4000000E-2,1.9800000E-2
0.0000000E+0,0.0000000E+0,-4.0000000E-7,-1.5457000E-2,6.4970310E-2,1.0252000E-3,2.4000000E-2,2.4000000E-2,1.9800000E-2
0.0000000E+0,-1.0000000E-7,5.0000000E-7,-1.5406500E-2,6.4970310E-2,7.8678100E-4,2.4000000E-2,2.4000000E-2,1.9800000E-2
0.0000000E+0,1.0000000E-7,-1.0000000E-7,-1.5356400E-2,6.4970310E-2,1.0728800E-3,2.4000000E-2,2.4000000E-2,1.9800000E-2
0.0000000E+0,-8.0000000E-7,-7.0000000E-7,-1.5304600E-2,6.4970310E-2,1.1920900E-3,2.4000000E-2,2.4000000E-2,1.9800000E-2
0.0000000E+0,7.0000000E-7,6.0000000E-7,-1.5256900E-2,6.4970310E-2,9.2983200E-4,2.4000000E-2,2.4000000E-2,1.9800000E-2
0.0000000E+0,9.0000000E-7,0.0000000E+0,-1.5206800E-2,6.4970310E-2,9.2983200E-4,2.4000000E-2,2.4000000E-2,1.9800000E-2
0.0000000E+0,-1.0000000E-7,-4.0000000E-7,-1.5156800E-2,6.4970310E-2,9.5367400E-4,2.4000000E-2,2.4000000E-2,1.9800000E-2
0.0000000E+0,-3.0000000E-7,1.0000000E-7,-1.5108400E-2,6.4970310E-2,1.0013600E-3,2.4000000E-2,2.4000000E-2,1.9800000E-2
0.0000000E+0,1.0000000E-7,-0.0000000E+0,-1.5055200E-2,6.4970310E-2,1.3351400E-3,2.4000000E-2,2.4000000E-2,1.9800000E-2
0.0000000E+0,-8.0000000E-7,6.0000000E-7,-1.5003600E-2,6.4970310E-2,1.0967300E-3,2.4000000E-2,2.4000000E-2,1.9800000E-2
0.0000000E+0,2.0000000E-7,-8.0000000E-7,-1.4955100E-2,6.4970310E-2,1.1205700E-3,2.4000000E-2,2.4000000E-2,1.9800000E-2
0.0000000E+0,5.0000000E-7,2.0000000E-7,-1.4908100E-2,6.4970310E-2,1.5258800E-3,2.4000000E-2,2.4000000E-2,1.9800000E-2
0.0000000E+0,-1.0000000E-6,-9.0000000E-7,-1.4859600E-2,6.4970310E-2,1.3351400E-3,2.4000000E-2,2.4000000E-2,1.9800000E-2
0.0000000E+0,-5.0000000E-7,6.0000000E-7,-1.4807300E-2,6.4970310E-2,1.2397800E-3,2.4000000E-2,2.4000000E-2,1.9800000E-2
0.0000000E+0,8.0000000E-7,2.0000000E-7,-1.4755200E-2,6.4970310E-2,1.2874600E-3,2.4000000E-2,2.4000000E-2,1.9800000E-2
0.0000000E+0,-7.0000000E-7,0.0000000E+0,-1.4710400E-2,6.4970310E-2,1.0967300E-3,2.4000000E-2,2.4000000E-2,1.9800000E-2
0.0000000E+0,-6.0000000E-7,0.0000000E+0,-1.4657200E-2,6.4970310E-2,1.1682500E-3,2.4000000E-2,2.4000000E-2,1.9800000E-2
0.0000000E+0,2.0000000E-7,2.0000000E-7,-1.4605800E-2,6.4970310E-2,1.1682500E-3,2.4000000E-2,2.4000000E-2,1.9800000E-2
0.0000000E+0,-7.0000000E-7,-3.0000000E-7,-1.4553800E-2,6.4970310E-2,1.3113000E-3,2.4000000E-2,2.4000000E-2,1.9800000E-2
0.0000000E+0,7.0000000E-7,-4.0000000E-7,-1.4506300E-2,6.4970310E-2,1.3351400E-3,2.4000000E-2,2.4000000E-2,1.9800000E-2
0.0000000E+0,7.0000000E-7,1.0000000E-7,-1.4453300E-2,6.4970310E-2,1.6689300E-3,2.4000000E-2,2.4000000E-2,1.9800000E-2
0.0000000E+0,0.0000000E+0,5.0000000E-7,-1.4405500E-2,6.4970310E-2,1.6212500E-3,2.4000000E-2,2.4000000E-2,1.9800000E-2
0.0000000E+0,-9.0000000E-7,4.0000000E-7,-1.4356100E-2,6.4970310E-2,1.5497200E-3,2.4000000E-2,2.4000000E-2,1.9800000E-2
0.0000000E+0,-2.0000000E-7,1.0000000E-6,-1.4308200E-2,6.4970310E-2,1.1682500E-3,2.4000000E-2,2.4000000E-2,1.9800000E-2
0.0000000E+0,6.0000000E-7,1.0000000E-7,-1.4256300E-2,6.4970310E-2,1.4066700E-3,2.4000000E-2,2.4000000E-2,1.9800000E-2
0.0000000E+0,5.0000000E-7,-5.0000000E-7,-1.4206300E-2,6.4970310E-2,1.1205700E-3,2.4000000E-2,2.4000000E-2,1.9800000E-2
0.0000000E+0,-4.0000000E-7,3.0000000E-7,-1.4154900E-2,6.4970310E-2,1.5258800E-3,2.4000000E-2,2.4000000E-2,1.9800000E-2
0.0000000E+0,-2.0000000E-7,1.0000000E-7,-1.4105600E-2,6.4970310E-2,1.5974000E-3,2.4000000E-2,2.4000000E-2,1.9800000E-2
0.0000000E+0,-1.0000000E-7,-5.0000000E-7,-1.4055400E-2,6.4970310E-2,1.7881400E-3,2.4000000E-2,2.4000000E-2,1.9800000E-2
0.0000000E+0,5.0000000E-7,-9.0000000E-7,-1.4009500E-2,6.4970310E-2,1.4543500E-3,2.4000000E-2,2.4000000E-2,1.9800000E-2
0.0000000E+0,1.3000000E-6,-1.0000000E-7,-1.3957200E-2,6.4970310E-2,1.6212500E-3,2.4000000E-2,2.4000000E-2,1.9800000E-2
0.0000000E+0,4.0000000E-7,-1.0000000E-7,-1.3903700E-2,6.4970310E-2,1.7166100E-3,2.4000000E-2,2.4000000E-2,1.9800000E-2
0.0000000E+0,-3.0000000E-7,-8.0000000E-7,-1.3858600E-2,6.4970310E-2,1.7404600E-3,2.4000000E-2,2.4000000E-2,1.9800000E-2
0.0000000E+0,-5.0000000E-7,0.0000000E+0,-1.3806500E-2,6.4970310E-2,1.5258800E-3,2.4000000E-2,2.4000000E-2,1.9800000E-2
0.0000000E+0,-1.0000000E-7,3.0000000E-7,-1.3754800E-2,6.4970310E-2,1.8119800E-3,2.4000000E-2,2.4000000E-2,1.9800000E-2
0.0000000E+0,6.0000000E-7,-3.0000000E-7,-1.3704300E-2,6.4970310E-2,1.4543500E-3,2.4000000E-2,2.4000000E-2,1.9800000E-2
0.0000000E+0,1.0000000E-6,-0.0000000E+0,-1.3652400E-2,6.4970310E-2,1.5974000E-3,2.4000000E-2,2.4000000E-2,1.9800000E-2
0.0000000E+0,1.2000000E-6,3.0000000E-7,-1.3601500E-2,6.4970310E-2,1.8596600E-3,2.4000000E-2,2.4000000E-2,1.9800000E-2
0.0000000E+0,0.0000000E+0,-3.0000000E-7,-1.3561100E-2,6.4970310E-2,1.9550300E-3,2.4000000E-2,2.4000000E-2,1.9800000E-2
0.0000000E+0,1.0000000E-7,-2.0000000E-7,-1.3513300E-2,6.4970310E-2,1.8119800E-3,2.4000000E-2,2.4000000E-2,1.9800000E-2
0.0000000E+0,-1.0000000E-7,-1.0000000E-6,-1.3447700E-2,6.4970310E-2,1.5258800E-3,2.4000000E-2,2.4000000E-2,1.9800000E-2
0.0000000E+0,-6.0000000E-7,-6.0000000E-7,-1.3408500E-2,6.4970310E-2,1.5020400E-3,2.4000000E-2,2.4000000E-2,1.9800000E-2
0.0000000E+0,-4.0000000E-7,-2.0000000E-7,-1.3357000E-2,6.4970310E-2,1.3113000E-3,2.4000000E-2,2.4000000E-2,1.9800000E-2
0.0000000E+0,-8.0000000E-7,-2.0000000E-7,-1.3314100E-2,6.4970310E-2,1.6212500E-3,2.4000000E-2,2.4000000E-2,1.9800000E-2
0.0000000E+0,7.0000000E-7,9.0000000E-7,-1.3255600E-2,6.4970310E-2,1.4543500E-3,2.4000000E-2,2.4000000E-2,1.9800000E-2
0.0000000E+0,1.0000000E-7,3.0000000E-7,-1.3229200E-2,6.4970310E-2,1.1920900E-3,2.4000000E-2,2.4000000E-2,1.9800000E-2
0.0000000E+0,-2.0000000E-7,-2.0000000E-7,-1.3165400E-2,6.4970310E-2,1.3351400E-3,2.4000000E-2,2.4000000E-2,1.9800000E-2
0.0000000E+0,-4.0000000E-7,2.0000000E-7,-1.3118200E-2,6.4970310E-2,1.1920900E-3,2.4000000E-2,2.4000000E-2,1.9800000E-2
0.0000000E+0,-2.0000000E-7,1.0000000E-7,-1.3047900E-2,6.4970310E-2,1.1920900E-3,2.4000000E-2,2.4000000E-2,1.9800000E-2
0.0000000E+0,3.0000000E-7,1.0000000E-7,-1.3050100E-2,6.4970310E-2,1.2874600E-3,2.4000000E-2,2.4000000E-2,1.9800000E-2
0.0000000E+0,-3.0000000E-7,-1.0000000E-7,-1.2953700E-2,6.4970310E-2,1.4305100E-3,2.4000000E-2,2.4000000E-2,1.9800000E-2
0.0000000E+0,-6.0000000E-7,-1.2000000E-6,-1.2914000E-2,6.4970310E-2,1.2874600E-3,2.4000000E-2,2.4000000E-2,1.9800000E-2
0.0000000E+0,1.0000000E-7,2.0000000E-7,-1.2882800E-2,6.4970310E-2,1.2874600E-3,2.4000000E-2,2.4000000E-2,1.9800000E-2
0.0000000E+0,1.0000000E-6,0.0000000E+0,-1.2831600E-2,6.4970310E-2,1.3828300E-3,2.4000000E-2,2.4000000E-2,1.9800000E-2
0.0000000E+0,-8.0000000E-7,5.0000000E-7,-1.2808100E-2,6.4970310E-2,1.4066700E-3,2.4000000E-2,2.4000000E-2,1.9800000E-2
0.0000000E+0,7.0000000E-7,-1.8000000E-6,-1.2750900E-2,6.4970310E-2,1.4305100E-3,2.4000000E-2,2.4000000E-2,1.9800000E-2
0.0000000E+0,-2.0000000E-7,-5.0000000E-7,-1.2689800E-2,6.4970310E-2,1.1682500E-3,2.4000000E-2,2.4000000E-2,1.9800000E-2
0.0000000E+0,5.0000000E-7,2.0000000E-7,-1.2628100E-2,6.4970310E-2,1.3113000E-3,2.4000000E-2,2.4000000E-2,1.9800000E-2
0.0000000E+0,1.0000000E-7,-0.0000000E+0,-1.2546400E-2,6.4970310E-2,1.8358200E-3,2.4000000E-2,2.4000000E-2,1.9800000E-2
0.0000000E+0,-5.0000000E-7,2.0000000E-7,-1.2443600E-2,6.4970310E-2,1.4543500E-3,2.4000000E-2,2.4000000E-2,1.9800000E-2
0.0000000E+0,3.0000000E-7,4.0000000E-7,-1.2466200E-2,6.4970310E-2,1.6212500E-3,2.4000000E-2,2.4000000E-2,1.9800000E-2
0.0000000E+0,6.0000000E-7,1.0000000E-7,-1.2433600E-2,6.4970310E-2,1.9550300E-3,2.4000000E-2,2.4000000E-2,1.9800000E-2
0.0000000E+0,2.0000000E-7,5.0000000E-7,-1.2339000E-2,6.4970310E-2,1.5497200E-3,2.4000000E-2,2.4000000E-2,1.9800000E-2
0.0000000E+0,-3.0000000E-7,-0.0000000E+0,-1.2222800E-2,6.4970310E-2,1.5020400E-3,2.4000000E-2,2.4000000E-2,1.9800000E-2
0.0000000E+0,1.2000000E-6,1.0000000E-7,-1.2246100E-2,6.4970310E-2,1.5974000E-3,2.4000000E-2,2.4000000E-2,1.9800000E-2
0.0000000E+0,8.0000000E-7,2.0000000E-7,-1.2157200E-2,6.4970310E-2,1.6212500E-3,2.4000000E-2,2.4000000E-2,1.9800000E-2
0.0000000E+0,-1.1000000E-6,-4.0000000E-7,-1.2125300E-2,6.4970310E-2,2.0742400E-3,2.4000000E-2,2.4000000E-2,1.9800000E-2
0.0000000E+0,-2.0000000E-7,1.0000000E-7,-1.2112200E-2,6.4970310E-2,2.2411300E-3,2.4000000E-2,2.4000000E-2,1.9800000E-2
0.0000000E+0,-0.0000000E+0,3.0000000E-7,-1.1936000E-2,6.4970310E-2,1.7643000E-3,2.4000000E-2,2.4000000E-2,1.9800000E-2
0.0000000E+0,3.0000000E-7,-5.0000000E-7,-1.1962700E-2,6.4970310E-2,1.4305100E-3,2.4000000E-2,2.4000000E-2,1.9800000E-2
0.0000000E+0,6.0000000E-7,3.0000000E-7,-1.1795600E-2,6.4970310E-2,1.5497200E-3,2.4000000E-2,2.4000000E-2,1.9800000E-2
0.0000000E+0,-0.0000000E+0,-6.0000000E-7,-1.1825000E-2,6.4970310E-2,1.7643000E-3,2.4000000E-2,2.4000000E-2,1.9800000E-2
0.0000000E+0,-3.0000000E-7,-2.0000000E-7,-1.1698900E-2,6.4970310E-2,1.1920900E-3,2.4000000E-2,2.4000000E-2,1.9800000E-2
0.0000000E+0,-5.0000000E-7,-6.0000000E-7,-1.1654200E-2,6.4970310E-2,1.5258800E-3,2.4000000E-2,2.4000000E-2,1.9800000E-2
0.0000000E+0,1.0000000E-6,6.0000000E-7,-1.1643700E-2,6.4970310E-2,1.8119800E-3,2.4000000E-2,2.4000000E-2,1.9800000E-2
0.0000000E+0,5.0000000E-7,3.0000000E-7,-1.1469600E-2,6.4970310E-2,1.6689300E-3,2.4000000E-2,2.4000000E-2,1.9800000E-2
0.0000000E+0,9.0000000E-7,1.1000000E-6,-1.1528900E-2,6.4970310E-2,1.5735600E-3,2.4000000E-2,2.4000000E-2,1.9800000E-2
0.0000000E+0,-1.1000000E-6,-3.0000000E-7,-1.1300300E-2,6.4970310E-2,1.4305100E-3,2.4000000E-2,2.4000000E-2,1.9800000E-2
0.0000000E+0,1.0000000E-7,-4.0000000E-7,-1.1166200E-2,6.4970310E-2,1.9311900E-3,2.4000000E-2,2.4000000E-2,1.9800000E-2
0.0000000E+0,1.0000000E-7,-5.0000000E-7,-1.1128900E-2,6.4970310E-2,1.6927700E-3,2.4000000E-2,2.4000000E-2,1.9800000E-2
0.0000000E+0,-7.0000000E-7,4.0000000E-7,-1.1110500E-2,6.4970310E-2,1.8596600E-3,2.4000000E-2,2.4000000E-2,1.9800000E-2
0.0000000E+0,-5.0000000E-7,-6.0000000E-7,-1.1191400E-2,6.4970310E-2,1.8358200E-3,2.4000000E-2,2.4000000E-2,1.9800000E-2
0.0000000E+0,1.0000000E-7,1.0000000E-7,-1.0981600E-2,6.4970310E-2,1.5497200E-3,2.4000000E-2,2.4000000E-2,1.9800000E-2
0.0000000E+0,-3.0000000E-7,-2.0000000E-7,-1.0938400E-2,6.4970310E-2,1.5497200E-3,2.4000000E-2,2.4000000E-2,1.9800000E-2
0.0000000E+0,5.0000000E-7,3.0000000E-7,-1.0937300E-2,6.4970310E-2,1.3113000E-3,2.4000000E-2,2.4000000E-2,1.9800000E-2
0.0000000E+0,5.0000000E-7,-1.2000000E-6,-1.0888500E-2,6.4970310E-2,2.0027200E-3,2.4000000E-2,2.4000000E-2,1.9800000E-2
0.0000000E+0,-5.0000000E-7,3.0000000E-7,-1.0783200E-2,6.4970310E-2,1.9311900E-3,2.4000000E-2,2.4000000E-2,1.9800000E-2
0.0000000E+0,-3.0000000E-7,7.0000000E-7,-1.0812000E-2,6.4970310E-2,1.6212500E-3,2.4000000E-2,2.4000000E-2,1.9800000E-2
0.0000000E+0,-9.0000000E-7,-4.0000000E-7,-1.0676000E-2,6.4970310E-2,1.6212500E-3,2.4000000E-2,2.4000000E-2,1.9800000E-2
0.0000000E+0,0.0000000E+0,-9.0000000E-7,-1.0805400E-2,6.4970310E-2,1.5735600E-3,2.4000000E-2,2.4000000E-2,1.9800000E-2
0.0000000E+0,3.0000000E-7,5.0000000E-7,-1.0595100E-2,6.4970310E-2,1.4543500E-3,2.4000000E-2,2.4000000E-2,1.9800000E-2
0.0000000E+0,6.0000000E-7,-6.0000000E-7,-1.0469600E-2,6.4970310E-2,1.7881400E-3,2.4000000E-2,2.4000000E-2,1.9800000E-2
0.0000000E+0,-1.0000000E-7,2.0000000E-7,-1.0543000E-2,6.4970310E-2,1.5497200E-3,2.4000000E-2,2.4000000E-2,1.9800000E-2
0.0000000E+0,-4.0000000E-7,1.0000000E-7,-1.0472300E-2,6.4970310E-2,1.6927700E-3,2.4000000E-2,2.4000000E-2,1.9800000E-2
0.0000000E+0,-4.0000000E-7,-2.0000000E-7,-1.0347100E-2,6.4970310E-2,1.4305100E-3,2.4000000E-2,2.4000000E-2,1.9800000E-2
0.0000000E+0,0.0000000E+0,-1.0000000E-7,-1.0270200E-2,6.4970310E-2,1.8119800E-3,2.4000000E-2,2.4000000E-2,1.9800000E-2
0.0000000E+0,2.0000000E-7,-3.0000000E-7,-1.0266400E-2,6.4970310E-2,1.8119800E-3,2.4000000E-2,2.4000000E-2,1.9800000E-2
0.0000000E+0,5.0000000E-7,-0.0000000E+0,-1.0012700E-2,6.4970310E-2,1.7404600E-3,2.4000000E-2,2.4000000E-2,1.9800000E-2
0.0000000E+0,5.0000000E-7,-3.0000000E-7,-9.9724000E-3,6.4970310E-2,1.8119800E-3,2.4000000E-2,2.4000000E-2,1.9800000E-2
0.0000000E+0,1.0000000E-7,-1.0000000E-7,-1.0029300E-2,6.4970310E-2,1.9311900E-3,2.4000000E-2,2.4000000E-2,1.9800000E-2
0.0000000E+0,-1.1000000E-6,-0.0000000E+0,-1.0105300E-2,6.4970310E-2,1.6450900E-3,2.4000000E-2,2.4000000E-2,1.9800000E-2
0.0000000E+0,-3.0000000E-7,-9.0000000E-7,-1.0020400E-2,6.4970310E-2,1.6450900E-3,2.4000000E-2,2.4000000E-2,1.9800000E-2
0.0000000E+0,3.0000000E-7,-5.0000000E-7,-9.8181000E-3,6.4970310E-2,1.7166100E-3,2.4000000E-2,2.4000000E-2,1.9800000E-2
0.0000000E+0,3.0000000E-7,1.0000000E-7,-9.7111000E-3,6.4970310E-2,1.4066700E-3,2.4000000E-2,2.4000000E-2,1.9800000E-2
0.0000000E+0,-3.0000000E-7,-1.0000000E-7,-9.8496000E-3,6.4970310E-2,1.7166100E-3,2.4000000E-2,2.4000000E-2,1.9800000E-2
0.0000000E+0,-2.0000000E-7,4.0000000E-7,-9.5336000E-3,6.4970310E-2,1.7881400E-3,2.4000000E-2,2.4000000E-2,1.9800000E-2
0.0000000E+0,2.0000000E-7,-1.0000000E-7,-9.5331000E-3,6.4970310E-2,1.7404600E-3,2.4000000E-2,2.4000000E-2,1.9800000E-2
0.0000000E+0,-1.1000000E-6,-1.0000000E-7,-9.6211000E-3,6.4970310E-2,1.5258800E-3,2.4000000E-2,2.4000000E-2,1.9800000E-2
0.0000000E+0,6.0000000E-7,1.0000000E-7,-9.4598000E-3,6.4970310E-2,1.5735600E-3,2.4000000E-2,2.4000000E-2,1.9800000E-2
0.0000000E+0,1.0000000E-7,3.0000000E-7,-9.3643000E-3,6.4970310E-2,1.2874600E-3,2.4000000E-2,2.4000000E-2,1.9800000E-2
0.0000000E+0,-2.0000000E-7,1.1000000E-6,-9.3662000E-3,6.4970310E-2,1.1682500E-3,2.4000000E-2,2.4000000E-2,1.9800000E-2
0.0000000E+0,5.0000000E-7,2.0000000E-7,-9.2745000E-3,6.4970310E-2,1.3828300E-3,2.4000000E-2,2.4000000E-2,1.9800000E-2
0.0000000E+0,2.0000000E-7,0.0000000E+0,-9.0560000E-3,6.4970310E-2,1.5258800E-3,2.4000000E-2,2.4000000E-2,1.9800000E-2
0.0000000E+0,-2.0000000E-7,2.0000000E-7,-9.1433000E-3,6.4970310E-2,1.4543500E-3,2.4000000E-2,2.4000000E-2,1.9800000E-2
0.0000000E+0,-3.0000000E-7,-2.0000000E-7,-8.9835000E-3,6.4970310E-2,1.5020400E-3,2.4000000E-2,2.4000000E-2,1.9800000E-2
0.0000000E+0,7.0000000E-7,1.0000000E-7,-8.9766000E-3,6.4970310E-2,1.2159300E-3,2.4000000E-2,2.4000000E-2,1.9800000E-2
0.0000000E+0,-8.0000000E-7,-6.0000000E-7,-9.0351000E-3,6.4970310E-2,1.4305100E-3,2.4000000E-2,2.4000000E-2,1.9800000E-2
0.0000000E+0,7.0000000E-7,-4.0000000E-7,-8.8690000E-3,6.4970310E-2,1.5974000E-3,2.4000000E-2,2.4000000E-2,1.9800000E-2
0.0000000E+0,-1.1000000E-6,1.0000000E-7,-8.8971000E-3,6.4970310E-2,1.5974000E-3,2.4000000E-2,2.4000000E-2,1.9800000E-2
0.0000000E+0,-8.0000000E-7,-3.0000000E-7,-8.7428000E-3,6.4970310E-2,1.5258800E-3,2.4000000E-2,2.4000000E-2,1.9800000E-2
0.0000000E+0,3.0000000E-7,3.0000000E-7,-8.7284000E-3,6.4970310E-2,1.7166100E-3,2.4000000E-2,2.4000000E-2,1.9800000E-2
0.0000000E+0,-0.0000000E+0,3.0000000E-7,-8.6928000E-3,6.4970310E-2,1.7404600E-3,2.4000000E-2,2.4000000E-2,1.9800000E-2
0.0000000E+0,-3.0000000E-7,3.0000000E-7,-8.5846000E-3,6.4970310E-2,1.2159300E-3,2.4000000E-2,2.4000000E-2,1.9800000E-2
0.0000000E+0,-1.0000000E-7,1.0000000E-7,-8.6156000E-3,6.4970310E-2,1.6212500E-3,2.4000000E-2,2.4000000E-2,1.9800000E-2
0.0000000E+0,0.0000000E+0,1.0000000E-7,-8.5407000E-3,6.4970310E-2,1.6450900E-3,2.4000000E-2,2.4000000E-2,1.9800000E-2
0.0000000E+0,2.0000000E-7,1.0000000E-7,-8.5022000E-3,6.4970310E-2,1.6450900E-3,2.4000000E-2,2.4000000E-2,1.9800000E-2
0.0000000E+0,1.0000000E-7,-5.0000000E-7,-8.3732000E-3,6.4970310E-2,1.9550300E-3,2.4000000E-2,2.4000000E-2,1.9800000E-2
0.0000000E+0,-1.3000000E-6,2.0000000E-7,-8.3748000E-3,6.4970310E-2,1.8119800E-3,2.4000000E-2,2.4000000E-2,1.9800000E-2
0.0000000E+0,-1.0000000E-7,4.0000000E-7,-8.3145000E-3,6.4970310E-2,1.5020400E-3,2.4000000E-2,2.4000000E-2,1.9800000E-2
0.0000000E+0,4.0000000E-7,-2.0000000E-7,-8.2610000E-3,6.4970310E-2,1.3351400E-3,2.4000000E-2,2.4000000E-2,1.9800000E-2
0.0000000E+0,8.0000000E-7,-1.0000000E-6,-8.2221000E-3,6.4970310E-2,1.7881400E-3,2.4000000E-2,2.4000000E-2,1.9800000E-2
0.0000000E+0,4.0000000E-7,1.0000000E-7,-8.1615000E-3,6.4970310E-2,1.6927700E-3,2.4000000E-2,2.4000000E-2,1.9800000E-2
0.0000000E+0,0.0000000E+0,-3.0000000E-7,-8.1580000E-3,6.4970310E-2,1.3351400E-3,2.4000000E-2,2.4000000E-2,1.9800000E-2
0.0000000E+0,0.0000000E+0,-5.0000000E-7,-8.0895000E-3,6.4970310E-2,1.4543500E-3,2.4000000E-2,2.4000000E-2,1.9800000E-2
0.0000000E+0,6.0000000E-7,3.0000000E-7,-8.0190000E-3,6.4970310E-2,1.5020400E-3,2.4000000E-2,2.4000000E-2,1.9800000E-2
0.0000000E+0,2.0000000E-7,-5.0000000E-7,-7.8912000E-3,6.4970310E-2,1.4305100E-3,2.4000000E-2,2.4000000E-2,1.9800000E-2
0.0000000E+0,5.0000000E-7,3.0000000E-7,-7.9455000E-3,6.4970310E-2,1.7643000E-3,2.4000000E-2,2.4000000E-2,1.9800000E-2
0.0000000E+0,1.0000000E-7,6.0000000E-7,-7.7968000E-3,6.4970310E-2,1.7404600E-3,2.4000000E-2,2.4000000E-2,1.9800000E-2
0.0000000E+0,-7.0000000E-7,-2.0000000E-7,-7.7609000E-3,6.4970310E-2,1.6450900E-3,2.4000000E-2,2.4000000E-2,1.9800000E-2
0.0000000E+0,-9.0000000E-7,-3.0000000E-7,-7.7117000E-3,6.4970310E-2,1.4782000E-3,2.4000000E-2,2.4000000E-2,1.9800000E-2
0.0000000E+0,1.0000000E-6,-0.0000000E+0,-7.6751000E-3,6.4970310E-2,1.6212500E-3,2.4000000E-2,2.4000000E-2,1.9800000E-2
0.0000000E+0,-2.0000000E-7,-2.0000000E-7,-7.6171000E-3,6.4970310E-2,1.6450900E-3,2.4000000E-2,2.4000000E-2,1.9800000E-2
0.0000000E+0,0.0000000E+0,3.0000000E-7,-7.5510000E-3,6.4970310E-2,1.7166100E-3,2.4000000E-2,2.4000000E-2,1.9800000E-2
0.0000000E+0,3.0000000E-7,3.0000000E-7,-7.4633000E-3,6.4970310E-2,1.3351400E-3,2.4000000E-2,2.4000000E-2,1.9800000E-2
0.0000000E+0,5.0000000E-7,8.0000000E-7,-7.4458000E-3,6.4970310E-2,1.6450900E-3,2.4000000E-2,2.4000000E-2,1.9800000E-2
0.0000000E+0,4.0000000E-7,4.0000000E-7,-7.3985000E-3,6.4970310E-2,1.3351400E-3,2.4000000E-2,2.4000000E-2,1.9800000E-2
0.0000000E+0,0.0000000E+0,6.0000000E-7,-7.3549000E-3,6.4970310E-2,1.8596600E-3,2.4000000E-2,2.4000000E-2,1.9800000E-2
0.0000000E+0,3.0000000E-7,1.0000000E-7,-7.3110000E-3,6.4970310E-2,1.8596600E-3,2.4000000E-2,2.4000000E-2,1.9800000E-2
0.0000000E+0,-6.0000000E-7,1.0000000E-7,-7.2565000E-3,6.4970310E-2,1.8358200E-3,2.4000000E-2,2.4000000E-2,1.9800000E-2
0.0000000E+0,-6.0000000E-7,-4.0000000E-7,-7.1885000E-3,6.4970310E-2,1.3351400E-3,2.4000000E-2,2.4000000E-2,1.9800000E-2
0.0000000E+0,1.0000000E-7,-4.0000000E-7,-7.1650000E-3,6.4970310E-2,1.3113000E-3,2.4000000E-2,2.4000000E-2,1.9800000E-2
0.0000000E+0,-5.0000000E-7,1.0000000E-7,-7.1011000E-3,6.4970310E-2,1.4305100E-3,2.4000000E-2,2.4000000E-2,1.9800000E-2
0.0000000E+0,-8.0000000E-7,-5.0000000E-7,-7.0551000E-3,6.4970310E-2,1.2636200E-3,2.4000000E-2,2.4000000E-2,1.9800000E-2
0.0000000E+0,-1.0000000E-6,-1.0000000E-7,-7.0028000E-3,6.4970310E-2,1.5735600E-3,2.4000000E-2,2.4000000E-2,1.9800000E-2
0.0000000E+0,-3.0000000E-7,9.0000000E-7,-6.9597000E-3,6.4970310E-2,1.4305100E-3,2.4000000E-2,2.4000000E-2,1.9800000E-2
0.0000000E+0,-4.0000000E-7,3.0000000E-7,-6.9145000E-3,6.4970310E-2,1.6689300E-3,2.4000000E-2,2.4000000E-2,1.9800000E-2
0.0000000E+0,-1.0000000E-6,1.0000000E-7,-6.8505000E-3,6.4970310E-2,1.6212500E-3,2.4000000E-2,2.4000000E-2,1.9800000E-2
0.0000000E+0,-0.0000000E+0,-6.0000000E-7,-6.8131000E-3,6.4970310E-2,1.7881400E-3,2.4000000E-2,2.4000000E-2,1.9800000E-2
0.0000000E+0,1.0000000E-7,3.0000000E-7,-6.7599000E-3,6.4970310E-2,1.2636200E-3,2.4000000E-2,2.4000000E-2,1.9800000E-2
0.0000000E+0,3.0000000E-7,-3.0000000E-7,-6.7122000E-3,6.4970310E-2,1.5020400E-3,2.4000000E-2,2.4000000E-2,1.9800000E-2
0.0000000E+0,3.0000000E-7,-1.0000000E-7,-6.6550000E-3,6.4970310E-2,1.6927700E-3,2.4000000E-2,2.4000000E-2,1.9800000E-2
0.0000000E+0,-9.0000000E-7,-0.0000000E+0,-6.5943000E-3,6.4970310E-2,1.8119800E-3,2.4000000E-2,2.4000000E-2,1.9800000E-2
0.0000000E+0,2.0000000E-7,-4.0000000E-7,-6.5628000E-3,6.4970310E-2,1.5497200E-3,2.4000000E-2,2.4000000E-2,1.9800000E-2
0.0000000E+0,-4.0000000E-7,3.0000000E-7,-6.5030000E-3,6.4970310E-2,1.4543500E-3,2.4000000E-2,2.4000000E-2,1.9800000E-2
0.0000000E+0,-2.0000000E-7,1.0000000E-7,-6.4523000E-3,6.4970310E-2,1.7166100E-3,2.4000000E-2,2.4000000E-2,1.9800000E-2
0.0000000E+0,-7.0000000E-7,1.0000000E-6,-6.4037000E-3,6.4970310E-2,1.3351400E-3,2.4000000E-2,2.4000000E-2,1.9800000E-2
0.0000000E+0,1.5000000E-6,-2.0000000E-7,-6.3592000E-3,6.4970310E-2,1.1682500E-3,2.4000000E-2,2.4000000E-2,1.9800000E-2
0.0000000E+0,6.0000000E-7,5.0000000E-7,-6.3126000E-3,6.4970310E-2,1.2159300E-3,2.4000000E-2,2.4000000E-2,1.9800000E-2
0.0000000E+0,5.0000000E-7,-3.0000000E-7,-6.2532000E-3,6.4970310E-2,1.5497200E-3,2.4000000E-2,2.4000000E-2,1.9800000E-2
0.0000000E+0,-2.0000000E-7,-2.0000000E-7,-6.2023000E-3,6.4970310E-2,1.6450900E-3,2.4000000E-2,2.4000000E-2,1.9800000E-2
0.0000000E+0,7.0000000E-7,1.0000000E-7,-6.1582000E-3,6.4970310E-2,1.1920900E-3,2.4000000E-2,2.4000000E-2,1.9800000E-2
0.0000000E+0,4.0000000E-7,3.0000000E-7,-6.1030000E-3,6.4970310E-2,1.0728800E-3,2.4000000E-2,2.4000000E-2,1.9800000E-2
0.0000000E+0,-1.0000000E-7,2.0000000E-7,-6.0540000E-3,6.4970310E-2,1.3351400E-3,2.4000000E-2,2.4000000E-2,1.9800000E-2
0.0000000E+0,7.0000000E-7,3.0000000E-7,-6.0079000E-3,6.4970310E-2,1.3351400E-3,2.4000000E-2,2.4000000E-2,1.9800000E-2
0.0000000E+0,-0.0000000E+0,-5.0000000E-7,-5.9538000E-3,6.4970310E-2,1.6927700E-3,2.4000000E-2,2.4000000E-2,1.9800000E-2
0.0000000E+0,-1.1000000E-6,-6.0000000E-7,-5.9006000E-3,6.4970310E-2,1.4543500E-3,2.4000000E-2,2.4000000E-2,1.9800000E-2
0.0000000E+0,-3.0000000E-7,-4.0000000E-7,-5.8523000E-3,6.4970310E-2,1.1444100E-3,2.4000000E-2,2.4000000E-2,1.9800000E-2
0.0000000E+0,-6.0000000E-7,-0.0000000E+0,-5.8082000E-3,6.4970310E-2,1.6927700E-3,2.4000000E-2,2.4000000E-2,1.9800000E-2
0.0000000E+0,-1.0000000E-7,-9.0000000E-7,-5.7570000E-3,6.4970310E-2,1.5735600E-3,2.4000000E-2,2.4000000E-2,1.9800000E-2
0.0000000E+0,4.0000000E-7,3.0000000E-7,-5.7085000E-3,6.4970310E-2,1.5497200E-3,2.4000000E-2,2.4000000E-2,1.9800000E-2
0.0000000E+0,6.0000000E-7,-0.0000000E+0,-5.6491000E-3,6.4970310E-2,1.5020400E-3,2.4000000E-2,2.4000000E-2,1.9800000E-2
0.0000000E+0,-2.0000000E-7,1.0000000E-7,-5.6083000E-3,6.4970310E-2,1.2397800E-3,2.4000000E-2,2.4000000E-2,1.9800000E-2
0.0000000E+0,1.1000000E-6,-1.0000000E-7,-5.5556000E-3,6.4970310E-2,1.0967300E-3,2.4000000E-2,2.4000000E-2,1.9800000E-2
0.0000000E+0,5.0000000E-7,-0.0000000E+0,-5.5048000E-3,6.4970310E-2,1.0490400E-3,2.4000000E-2,2.4000000E-2,1.9800000E-2
0.0000000E+0,-6.0000000E-7,5.0000000E-7,-5.4514000E-3,6.4970310E-2,1.4543500E-3,2.4000000E-2,2.4000000E-2,1.9800000E-2
0.0000000E+0,-6.0000000E-7,-6.0000000E-7,-5.4078000E-3,6.4970310E-2,1.1682500E-3,2.4000000E-2,2.4000000E-2,1.9800000E-2
0.0000000E+0,4.0000000E-7,4.0000000E-7,-5.3550000E-3,6.4970310E-2,1.3589900E-3,2.4000000E-2,2.4000000E-2,1.9800000E-2
0.0000000E+0,-7.0000000E-7,-8.0000000E-7,-5.3043000E-3,6.4970310E-2,1.3113000E-3,2.4000000E-2,2.4000000E-2,1.9800000E-2
0.0000000E+0,6.0000000E-7,-5.0000000E-7,-5.2587000E-3,6.4970310E-2,1.0252000E-3,2.4000000E-2,2.4000000E-2,1.9800000E-2
0.0000000E+0,1.0000000E-7,-4.0000000E-7,-5.2035000E-3,6.4970310E-2,1.2874600E-3,2.4000000E-2,2.4000000E-2,1.9800000E-2
0.0000000E+0,-2.0000000E-7,6.0000000E-7,-5.1565000E-3,6.4970310E-2,1.5735600E-3,2.4000000E-2,2.4000000E-2,1.9800000E-2
0.0000000E+0,-1.0000000E-6,1.0000000E-7,-5.1053000E-3,6.4970310E-2,1.2874600E-3,2.4000000E-2,2.4000000E-2,1.9800000E-2
0.0000000E+0,3.0000000E-7,9.0000000E-7,-5.0561000E-3,6.4970310E-2,1.5497200E-3,2.4000000E-2,2.4000000E-2,1.9800000E-2
0.0000000E+0,-8.0000000E-7,2.0000000E-7,-5.0051000E-3,6.4970310E-2,1.5258800E-3,2.4000000E-2,2.4000000E-2,1.9800000E-2
0.0000000E+0,-3.0000000E-7,1.0000000E-7,-4.9577000E-3,6.4970310E-2,1.5974000E-3,2.4000000E-2,2.4000000E-2,1.9800000E-2
0.0000000E+0,0.0000000E+0,4.0000000E-7,-4.9045000E-3,6.4970310E-2,1.5258800E-3,2.4000000E-2,2.4000000E-2,1.9800000E-2
0.0000000E+0,-3.0000000E-7,-2.0000000E-7,-4.8540000E-3,6.4970310E-2,1.4066700E-3,2.4000000E-2,2.4000000E-2,1.9800000E-2
0.0000000E+0,0.0000000E+0,1.0000000E-7,-4.8055000E-3,6.4970310E-2,1.3828300E-3,2.4000000E-2,2.4000000E-2,1.9800000E-2
0.0000000E+0,5.0000000E-7,-2.0000000E-7,-4.7545000E-3,6.4970310E-2,1.4782000E-3,2.4000000E-2,2.4000000E-2,1.9800000E-2
0.0000000E+0,6.0000000E-7,2.0000000E-7,-4.7044000E-3,6.4970310E-2,1.6212500E-3,2.4000000E-2,2.4000000E-2,1.9800000E-2
0.0000000E+0,1.0000000E-7,-0.0000000E+0,-4.6570000E-3,6.4970310E-2,1.6212500E-3,2.4000000E-2,2.4000000E-2,1.9800000E-2
0.0000000E+0,1.0000000E-7,1.0000000E-7,-4.6027000E-3,6.4970310E-2,1.2636200E-3,2.4000000E-2,2.4000000E-2,1.9800000E-2
0.0000000E+0,-4.0000000E-7,-3.0000000E-7,-4.5552000E-3,6.4970310E-2,1.3351400E-3,2.4000000E-2,2.4000000E-2,1.9800000E-2
0.0000000E+0,6.0000000E-7,5.0000000E-7,-4.5043000E-3,6.4970310E-2,1.7643000E-3,2.4000000E-2,2.4000000E-2,1.9800000E-2
0.0000000E+0,2.0000000E-7,0.0000000E+0,-4.4517000E-3,6.4970310E-2,1.7881400E-3,2.4000000E-2,2.4000000E-2,1.9800000E-2
0.0000000E+0,3.0000000E-7,-4.0000000E-7,-4.4125000E-3,6.4970310E-2,1.4543500E-3,2.4000000E-2,2.4000000E-2,1.9800000E-2
0.0000000E+0,-7.0000000E-7,-1.0000000E-7,-4.3585000E-3,6.4970310E-2,1.3828300E-3,2.4000000E-2,2.4000000E-2,1.9800000E-2
0.0000000E+0,-3.0000000E-7,0.0000000E+0,-4.3071000E-3,6.4970310E-2,1.0728800E-3,2.4000000E-2,2.4000000E-2,1.9800000E-2
0.0000000E+0,9.0000000E-7,3.0000000E-7,-4.2528000E-3,6.4970310E-2,1.5258800E-3,2.4000000E-2,2.4000000E-2,1.9800000E-2
0.0000000E+0,3.0000000E-7,-2.0000000E-7,-4.2064000E-3,6.4970310E-2,1.7404600E-3,2.4000000E-2,2.4000000E-2,1.9800000E-2
0.0000000E+0,-1.0000000E-7,3.0000000E-7,-4.1572000E-3,6.4970310E-2,1.4782000E-3,2.4000000E-2,2.4000000E-2,1.9800000E-2
0.0000000E+0,4.0000000E-7,-0.0000000E+0,-4.1058000E-3,6.4970310E-2,1.3589900E-3,2.4000000E-2,2.4000000E-2,1.9800000E-2
0.0000000E+0,1.3000000E-6,6.0000000E-7,-4.0611000E-3,6.4970310E-2,1.4066700E-3,2.4000000E-2,2.4000000E-2,1.9800000E-2
0.0000000E+0,1.0000000E-7,-5.0000000E-7,-4.0088000E-3,6.4970310E-2,1.4782000E-3,2.4000000E-2,2.4000000E-2,1.9800000E-2
0.0000000E+0,3.0000000E-7,9.0000000E-7,-3.9567000E-3,6.4970310E-2,1.7881400E-3,2.4000000E-2,2.4000000E-2,1.9800000E-2
0.0000000E+0,-8.0000000E-7,0.0000000E+0,-3.9084000E-3,6.4970310E-2,1.5020400E-3,2.4000000E-2,2.4000000E-2,1.9800000E-2
0.0000000E+0,-1.1000000E-6,5.0000000E-7,-3.8565000E-3,6.4970310E-2,1.4305100E-3,2.4000000E-2,2.4000000E-2,1.9800000E-2
0.0000000E+0,-1.0000000E-6,0.0000000E+0,-3.8024000E-3,6.4970310E-2,1.3351400E-3,2.4000000E-2,2.4000000E-2,1.9800000E-2
0.0000000E+0,2.0000000E-7,6.0000000E-7,-3.7495000E-3,6.4970310E-2,1.4066700E-3,2.4000000E-2,2.4000000E-2,1.9800000E-2
0.0000000E+0,1.0000000E-7,1.0000000E-7,-3.7071000E-3,6.4970310E-2,1.3351400E-3,2.4000000E-2,2.4000000E-2,1.9800000E-2
0.0000000E+0,0.0000000E+0,-2.0000000E-7,-3.6511000E-3,6.4970310E-2,1.2397800E-3,2.4000000E-2,2.4000000E-2,1.9800000E-2
0.0000000E+0,-3.0000000E-7,4.0000000E-7,-3.6079000E-3,6.4970310E-2,1.5258800E-3,2.4000000E-2,2.4000000E-2,1.9800000E-2
0.0000000E+0,1.0000000E-7,5.0000000E-7,-3.5576000E-3,6.4970310E-2,1.0490400E-3,2.4000000E-2,2.4000000E-2,1.9800000E-2
0.0000000E+0,6.0000000E-7,-5.0000000E-7,-3.5024000E-3,6.4970310E-2,1.5497200E-3,2.4000000E-2,2.4000000E-2,1.9800000E-2
0.0000000E+0,-5.0000000E-7,8.0000000E-7,-3.4505000E-3,6.4970310E-2,1.5497200E-3,2.4000000E-2,2.4000000E-2,1.9800000E-2
0.0000000E+0,-5.0000000E-7,-1.0000000E-7,-3.4013000E-3,6.4970310E-2,1.6212500E-3,2.4000000E-2,2.4000000E-2,1.9800000E-2
0.0000000E+0,0.0000000E+0,7.0000000E-7,-3.3530000E-3,6.4970310E-2,1.4543500E-3,2.4000000E-2,2.4000000E-2,1.9800000E-2
0.0000000E+0,0.0000000E+0,-7.0000000E-7,-3.3025000E-3,6.4970310E-2,1.1444100E-3,2.4000000E-2,2.4000000E-2,1.9800000E-2
0.0000000E+0,-4.0000000E-7,-1.0000000E-7,-3.2581000E-3,6.4970310E-2,1.5974000E-3,2.4000000E-2,2.4000000E-2,1.9800000E-2
0.0000000E+0,1.0000000E-7,1.0000000E-7,-3.2041000E-3,6.4970310E-2,1.7643000E-3,2.4000000E-2,2.4000000E-2,1.9800000E-2
0.0000000E+0,-5.0000000E-7,-5.0000000E-7,-3.1571000E-3,6.4970310E-2,1.6927700E-3,2.4000000E-2,2.4000000E-2,1.9800000E-2
0.0000000E+0,2.0000000E-7,-6.0000000E-7,-3.1039000E-3,6.4970310E-2,1.1444100E-3,2.4000000E-2,2.4000000E-2,1.9800000E-2
0.0000000E+0,6.0000000E-7,1.0000000E-7,-3.0567000E-3,6.4970310E-2,1.5258800E-3,2.4000000E-2,2.4000000E-2,1.9800000E-2
0.0000000E+0,-1.0000000E-7,-0.0000000E+0,-3.0077000E-3,6.4970310E-2,1.3589900E-3,2.4000000E-2,2.4000000E-2,1.9800000E-2
0.0000000E+0,-0.0000000E+0,-4.0000000E-7,-2.9572000E-3,6.4970310E-2,1.2636200E-3,2.4000000E-2,2.4000000E-2,1.9800000E-2
0.0000000E+0,3.0000000E-7,-2.0000000E-7,-2.9034000E-3,6.4970310E-2,1.4782000E-3,2.4000000E-2,2.4000000E-2,1.9800000E-2
0.0000000E+0,5.0000000E-7,-1.0000000E-7,-2.8583000E-3,6.4970310E-2,1.3351400E-3,2.4000000E-2,2.4000000E-2,1.9800000E-2
0.0000000E+0,-5.0000000E-7,5.0000000E-7,-2.8027000E-3,6.4970310E-2,1.5735600E-3,2.4000000E-2,2.4000000E-2,1.9800000E-2
0.0000000E+0,-6.0000000E-7,-7.0000000E-7,-2.7562000E-3,6.4970310E-2,1.3113000E-3,2.4000000E-2,2.4000000E-2,1.9800000E-2
0.0000000E+0,0.0000000E+0,8.0000000E-7,-2.7147000E-3,6.4970310E-2,1.3828300E-3,2.4000000E-2,2.4000000E-2,1.9800000E-2
0.0000000E+0,-7.0000000E-7,-4.0000000E-7,-2.6613000E-3,6.4970310E-2,1.0967300E-3,2.4000000E-2,2.4000000E-2,1.9800000E-2
0.0000000E+0,-1.0000000E-7,-3.0000000E-7,-2.6090000E-3,6.4970310E-2,1.1205700E-3,2.4000000E-2,2.4000000E-2,1.9800000E-2
0.0000000E+0,-5.0000000E-7,-0.0000000E+0,-2.5568000E-3,6.4970310E-2,1.1682500E-3,2.4000000E-2,2.4000000E-2,1.9800000E-2
0.0000000E+0,2.0000000E-7,-4.0000000E-7,-2.5062000E-3,6.4970310E-2,1.1920900E-3,2.4000000E-2,2.4000000E-2,1.9800000E-2
0.0000000E+0,4.0000000E-7,-3.0000000E-7,-2.4550000E-3,6.4970310E-2,1.1444100E-3,2.4000000E-2,2.4000000E-2,1.9800000E-2
0.0000000E+0,-9.0000000E-7,-5.0000000E-7,-2.4065000E-3,6.4970310E-2,1.4305100E-3,2.4000000E-2,2.4000000E-2,1.9800000E-2
0.0000000E+0,6.0000000E-7,-3.0000000E-7,-2.3544000E-3,6.4970310E-2,1.4543500E-3,2.4000000E-2,2.4000000E-2,1.9800000E-2
0.0000000E+0,0.0000000E+0,-4.0000000E-7,-2.3028000E-3,6.4970310E-2,1.3828300E-3,2.4000000E-2,2.4000000E-2,1.9800000E-2
0.0000000E+0,-3.0000000E-7,-2.0000000E-7,-2.2556000E-3,6.4970310E-2,1.3828300E-3,2.4000000E-2,2.4000000E-2,1.9800000E-2
0.0000000E+0,-1.0000000E-7,8.0000000E-7,-2.2071000E-3,6.4970310E-2,1.4543500E-3,2.4000000E-2,2.4000000E-2,1.9800000E-2
0.0000000E+0,5.0000000E-7,-4.0000000E-7,-2.1516000E-3,6.4970310E-2,1.5020400E-3,2.4000000E-2,2.4000000E-2,1.9800000E-2
0.0000000E+0,-7.0000000E-7,-5.0000000E-7,-2.1018000E-3,6.4970310E-2,1.2636200E-3,2.4000000E-2,2.4000000E-2,1.9800000E-2
0.0000000E+0,-2.0000000E-7,-1.0000000E-7,-2.0559000E-3,6.4970310E-2,1.4543500E-3,2.4000000E-2,2.4000000E-2,1.9800000E-2
0.0000000E+0,-9.0000000E-7,1.0000000E-7,-2.0103000E-3,6.4970310E-2,1.4066700E-3,2.4000000E-2,2.4000000E-2,1.9800000E-2
0.0000000E+0,-6.0000000E-7,5.0000000E-7,-1.9606000E-3,6.4970310E-2,1.2159300E-3,2.4000000E-2,2.4000000E-2,1.9800000E-2
0.0000000E+0,6.0000000E-7,9.0000000E-7,-1.9050000E-3,6.4970310E-2,1.0967300E-3,2.4000000E-2,2.4000000E-2,1.9800000E-2
0.0000000E+0,4.0000000E-7,-9.0000000E-7,-1.8531000E-3,6.4970310E-2,1.1444100E-3,2.4000000E-2,2.4000000E-2,1.9800000E-2
0.0000000E+0,-7.0000000E-7,-3.0000000E-7,-1.8006000E-3,6.4970310E-2,1.1444100E-3,2.4000000E-2,2.4000000E-2,1.9800000E-2
0.0000000E+0,-3.0000000E-7,-9.0000000E-7,-1.7569000E-3,6.4970310E-2,1.5020400E-3,2.4000000E-2,2.4000000E-2,1.9800000E-2
0.0000000E+0,1.0000000E-7,7.0000000E-7,-1.7180000E-3,6.4970310E-2,1.0252000E-3,2.4000000E-2,2.4000000E-2,1.9800000E-2
0.0000000E+0,-7.0000000E-7,-3.0000000E-7,-1.6475000E-3,6.4970310E-2,1.1444100E-3,2.4000000E-2,2.4000000E-2,1.9800000E-2
0.0000000E+0,-9.0000000E-7,-0.0000000E+0,-1.6149000E-3,6.4970310E-2,9.0599100E-4,2.4000000E-2,2.4000000E-2,1.9800000E-2
0.0000000E+0,-7.0000000E-7,5.0000000E-7,-1.5601000E-3,6.4970310E-2,1.2874600E-3,2.4000000E-2,2.4000000E-2,1.9800000E-2
0.0000000E+0,1.0000000E-7,8.0000000E-7,-1.5034000E-3,6.4970310E-2,1.3351400E-3,2.4000000E-2,2.4000000E-2,1.9800000E-2
0.0000000E+0,-2.0000000E-7,-5.0000000E-7,-1.4615000E-3,6.4970310E-2,1.0252000E-3,2.4000000E-2,2.4000000E-2,1.9800000E-2
0.0000000E+0,3.0000000E-7,5.0000000E-7,-1.4026000E-3,6.4970310E-2,1.1205700E-3,2.4000000E-2,2.4000000E-2,1.9800000E-2
0.0000000E+0,-2.0000000E-7,-5.0000000E-7,-1.3632000E-3,6.4970310E-2,1.0252000E-3,2.4000000E-2,2.4000000E-2,1.9800000E-2
0.0000000E+0,8.0000000E-7,-1.0000000E-7,-1.3038000E-3,6.4970310E-2,8.3446500E-4,2.4000000E-2,2.4000000E-2,1.9800000E-2
0.0000000E+0,7.0000000E-7,1.0000000E-7,-1.2592000E-3,6.4970310E-2,1.0252000E-3,2.4000000E-2,2.4000000E-2,1.9800000E-2
0.0000000E+0,3.0000000E-7,-0.0000000E+0,-1.2031000E-3,6.4970310E-2,9.0599100E-4,2.4000000E-2,2.4000000E-2,1.9800000E-2
0.0000000E+0,2.0000000E-7,-5.0000000E-7,-1.1495000E-3,6.4970310E-2,1.0252000E-3,2.4000000E-2,2.4000000E-2,1.9800000E-2
0.0000000E+0,5.0000000E-7,6.0000000E-7,-1.1023000E-3,6.4970310E-2,1.1444100E-3,2.4000000E-2,2.4000000E-2,1.9800000E-2
0.0000000E+0,3.0000000E-7,1.0000000E-7,-1.0546000E-3,6.4970310E-2,8.1062300E-4,2.4000000E-2,2.4000000E-2,1.9800000E-2
0.0000000E+0,2.0000000E-7,-6.0000000E-7,-1.0121000E-3,6.4970310E-2,6.9141400E-4,2.4000000E-2,2.4000000E-2,1.9800000E-2
0.0000000E+0,-2.0000000E-7,-3.0000000E-7,-9.5290000E-4,6.4970310E-2,1.5020400E-3,2.4000000E-2,2.4000000E-2,1.9800000E-2
0.0000000E+0,-4.0000000E-7,-6.0000000E-7,-9.0200000E-4,6.4970310E-2,6.6757200E-4,2.4000000E-2,2.4000000E-2,1.9800000E-2
0.0000000E+0,3.0000000E-7,-4.0000000E-7,-8.5740000E-4,6.4970310E-2,1.1920900E-3,2.4000000E-2,2.4000000E-2,1.9800000E-2
0.0000000E+0,-3.0000000E-7,2.0000000E-7,-8.0670000E-4,6.4970310E-2,1.3351400E-3,2.4000000E-2,2.4000000E-2,1.9800000E-2
0.0000000E+0,5.0000000E-7,3.0000000E-7,-7.5550000E-4,6.4970310E-2,8.8214900E-4,2.4000000E-2,2.4000000E-2,1.9800000E-2
0.0000000E+0,1.0000000E-7,6.0000000E-7,-7.0030000E-4,6.4970310E-2,1.3828300E-3,2.4000000E-2,2.4000000E-2,1.9800000E-2
0.0000000E+0,1.0000000E-7,1.0000000E-6,-6.5780000E-4,6.4970310E-2,1.6450900E-3,2.4000000E-2,2.4000000E-2,1.9800000E-2
0.0000000E+0,-5.0000000E-7,-5.0000000E-7,-6.0340000E-4,6.4970310E-2,1.4066700E-3,2.4000000E-2,2.4000000E-2,1.9800000E-2
0.0000000E+0,5.0000000E-7,9.0000000E-7,-5.5090000E-4,6.4970310E-2,1.4782000E-3,2.4000000E-2,2.4000000E-2,1.9800000E-2
0.0000000E+0,6.0000000E-7,-1.0000000E-7,-5.1100000E-4,6.4970310E-2,1.1444100E-3,2.4000000E-2,2.4000000E-2,1.9800000E-2
0.0000000E+0,-1.0000000E-7,1.0000000E-7,-4.5900000E-4,6.4970310E-2,1.1444100E-3,2.4000000E-2,2.4000000E-2,1.9800000E-2
0.0000000E+0,7.0000000E-7,-5.0000000E-7,-4.0730000E-4,6.4970310E-2,1.3828300E-3,2.4000000E-2,2.4000000E-2,1.9800000E-2
0.0000000E+0,-1.0000000E-6,-3.0000000E-7,-3.5500000E-4,6.4970310E-2,1.3351400E-3,2.4000000E-2,2.4000000E-2,1.9800000E-2
0.0000000E+0,5.0000000E-7,2.0000000E-7,-3.0510000E-4,6.4970310E-2,1.4782000E-3,2.4000000E-2,2.4000000E-2,1.9800000E-2
0.0000000E+0,1.0000000E-7,1.0000000E-7,-2.5930000E-4,6.4970310E-2,1.6212500E-3,2.4000000E-2,2.4000000E-2,1.9800000E-2
0.0000000E+0,-3.0000000E-7,-1.3000000E-6,-2.0560000E-4,6.4970310E-2,1.4782000E-3,2.4000000E-2,2.4000000E-2,1.9800000E-2
0.0000000E+0,4.0000000E-7,2.0000000E-7,-1.5400000E-4,6.4970310E-2,1.5258800E-3,2.4000000E-2,2.4000000E-2,1.9800000E-2
0.0000000E+0,5.0000000E-7,1.0000000E-7,-1.0370000E-4,6.4970310E-2,1.2159300E-3,2.4000000E-2,2.4000000E-2,1.9800000E-2
0.0000000E+0,-3.0000000E-7,1.1000000E-6,-5.3800000E-5,6.4970310E-2,1.1920900E-3,2.4000000E-2,2.4000000E-2,1.9800000E-2
0.0000000E+0,3.0000000E-7,7.0000000E-7,-7.8000000E-6,6.4970310E-2,1.3351400E-3,2.4000000E-2,2.4000000E-2,1.9800000E-2
0.0000000E+0,-1.0000000E-7,-6.0000000E-7,3.6400000E-5,6.4970310E-2,1.0252000E-3,2.4000000E-2,2.4000000E-2,1.9800000E-2
0.0000000E+0,-5.0000000E-7,1.0000000E-6,9.5900000E-5,6.4970310E-2,1.3113000E-3,2.4000000E-2,2.4000000E-2,1.9800000E-2
0.0000000E+0,3.0000000E-7,-2.0000000E-7,1.4050000E-4,6.4970310E-2,1.1444100E-3,2.4000000E-2,2.4000000E-2,1.9800000E-2
0.0000000E+0,0.0000000E+0,5.0000000E-7,1.9410000E-4,6.4970310E-2,1.2397800E-3,2.4000000E-2,2.4000000E-2,1.9800000E-2
0.0000000E+0,-7.0000000E-7,-0.0000000E+0,2.4620000E-4,6.4970310E-2,1.0013600E-3,2.4000000E-2,2.4000000E-2,1.9800000E-2
0.0000000E+0,3.0000000E-7,4.0000000E-7,2.9480000E-4,6.4970310E-2,1.2874600E-3,2.4000000E-2,2.4000000E-2,1.9800000E-2
0.0000000E+0,-8.0000000E-7,4.0000000E-7,3.4750000E-4,6.4970310E-2,8.1062300E-4,2.4000000E-2,2.4000000E-2,1.9800000E-2
0.0000000E+0,-2.0000000E-7,3.0000000E-7,3.9380000E-4,6.4970310E-2,1.2159300E-3,2.4000000E-2,2.4000000E-2,1.9800000E-2
0.0000000E+0,-4.0000000E-7,-1.0000000E-6,4.4520000E-4,6.4970310E-2,1.2159300E-3,2.4000000E-2,2.4000000E-2,1.9800000E-2
0.0000000E+0,4.0000000E-7,2.0000000E-7,4.8980000E-4,6.4970310E-2,1.0728800E-3,2.4000000E-2,2.4000000E-2,1.9800000E-2
0.0000000E+0,-7.0000000E-7,1.0000000E-7,5.4810000E-4,6.4970310E-2,1.0252000E-3,2.4000000E-2,2.4000000E-2,1.9800000E-2
0.0000000E+0,-4.0000000E-7,-0.0000000E+0,5.9190000E-4,6.4970310E-2,8.8214900E-4,2.4000000E-2,2.4000000E-2,1.9800000E-2
0.0000000E+0,1.0000000E-7,-5.0000000E-7,6.4330000E-4,6.4970310E-2,1.0252000E-3,2.4000000E-2,2.4000000E-2,1.9800000E-2
0.0000000E+0,8.0000000E-7,1.0000000E-7,6.9780000E-4,6.4970310E-2,1.0013600E-3,2.4000000E-2,2.4000000E-2,1.9800000E-2
0.0000000E+0,-0.0000000E+0,-0.0000000E+0,7.4220000E-4,6.4970310E-2,1.2397800E-3,2.4000000E-2,2.4000000E-2,1.9800000E-2
0.0000000E+0,-1.0000000E-7,2.0000000E-7,7.9780000E-4,6.4970310E-2,1.2874600E-3,2.4000000E-2,2.4000000E-2,1.9800000E-2
0.0000000E+0,-5.0000000E-7,-2.0000000E-7,8.4830000E-4,6.4970310E-2,1.3351400E-3,2.4000000E-2,2.4000000E-2,1.9800000E-2
0.0000000E+0,-1.0000000E-7,1.0000000E-6,8.9040000E-4,6.4970310E-2,8.8214900E-4,2.4000000E-2,2.4000000E-2,1.9800000E-2
0.0000000E+0,-1.1000000E-6,5.0000000E-7,9.4720000E-4,6.4970310E-2,1.3351400E-3,2.4000000E-2,2.4000000E-2,1.9800000E-2
0.0000000E+0,4.0000000E-7,-1.0000000E-7,9.9310000E-4,6.4970310E-2,1.5020400E-3,2.4000000E-2,2.4000000E-2,1.9800000E-2
0.0000000E+0,2.0000000E-7,-3.0000000E-7,1.0400000E-3,6.4970310E-2,1.0967300E-3,2.4000000E-2,2.4000000E-2,1.9800000E-2
0.0000000E+0,-9.0000000E-7,8.0000000E-7,1.0990000E-3,6.4970310E-2,8.3446500E-4,2.4000000E-2,2.4000000E-2,1.9800000E-2
0.0000000E+0,2.0000000E-7,3.0000000E-7,1.1407000E-3,6.4970310E-2,7.3909800E-4,2.4000000E-2,2.4000000E-2,1.9800000E-2
0.0000000E+0,2.0000000E-7,-7.0000000E-7,1.1958000E-3,6.4970310E-2,9.0599100E-4,2.4000000E-2,2.4000000E-2,1.9800000E-2
0.0000000E+0,4.0000000E-7,-1.0000000E-7,1.2479000E-3,6.4970310E-2,7.8678100E-4,2.4000000E-2,2.4000000E-2,1.9800000E-2
0.0000000E+0,9.0000000E-7,1.0000000E-7,1.2854000E-3,6.4970310E-2,1.1920900E-3,2.4000000E-2,2.4000000E-2,1.9800000E-2
0.0000000E+0,-7.0000000E-7,1.0000000E-7,1.3412000E-3,6.4970310E-2,9.5367400E-4,2.4000000E-2,2.4000000E-2,1.9800000E-2
0.0000000E+0,-1.1000000E-6,9.0000000E-7,1.3953000E-3,6.4970310E-2,1.1682500E-3,2.4000000E-2,2.4000000E-2,1.9800000E-2
0.0000000E+0,5.0000000E-7,6.0000000E-7,1.4425000E-3,6.4970310E-2,7.6293900E-4,2.4000000E-2,2.4000000E-2,1.9800000E-2
0.0000000E+0,-4.0000000E-7,-2.0000000E-7,1.4914000E-3,6.4970310E-2,1.0252000E-3,2.4000000E-2,2.4000000E-2,1.9800000E-2
0.0000000E+0,-1.0000000E-7,2.0000000E-7,1.5468000E-3,6.4970310E-2,1.1920900E-3,2.4000000E-2,2.4000000E-2,1.9800000E-2
0.0000000E+0,1.0000000E-7,-5.0000000E-7,1.5918000E-3,6.4970310E-2,1.3828300E-3,2.4000000E-2,2.4000000E-2,1.9800000E-2
0.0000000E+0,-8.0000000E-7,-5.0000000E-7,1.6437000E-3,6.4970310E-2,9.2983200E-4,2.4000000E-2,2.4000000E-2,1.9800000E-2
0.0000000E+0,-1.0000000E-6,4.0000000E-7,1.6953000E-3,6.4970310E-2,8.3446500E-4,2.4000000E-2,2.4000000E-2,1.9800000E-2
0.0000000E+0,0.0000000E+0,-8.0000000E-7,1.7450000E-3,6.4970310E-2,1.1205700E-3,2.4000000E-2,2.4000000E-2,1.9800000E-2
0.0000000E+0,5.0000000E-7,-7.0000000E-7,1.7902000E-3,6.4970310E-2,1.3113000E-3,2.4000000E-2,2.4000000E-2,1.9800000E-2
0.0000000E+0,0.0000000E+0,-1.0000000E-7,1.8452000E-3,6.4970310E-2,1.1920900E-3,2.4000000E-2,2.4000000E-2,1.9800000E-2
0.0000000E+0,-3.0000000E-7,1.0000000E-7,1.8952000E-3,6.4970310E-2,1.1682500E-3,2.4000000E-2,2.4000000E-2,1.9800000E-2
0.0000000E+0,3.0000000E-7,3.0000000E-7,1.9446000E-3,6.4970310E-2,9.2983200E-4,2.4000000E-2,2.4000000E-2,1.9800000E-2
0.0000000E+0,6.0000000E-7,1.0000000E-7,1.9958000E-3,6.4970310E-2,1.0490400E-3,2.4000000E-2,2.4000000E-2,1.9800000E-2
0.0000000E+0,-3.0000000E-7,-0.0000000E+0,2.0479000E-3,6.4970310E-2,7.8678100E-4,2.4000000E-2,2.4000000E-2,1.9800000E-2
0.0000000E+0,3.0000000E-7,5.0000000E-7,2.0913000E-3,6.4970310E-2,1.0013600E-3,2.4000000E-2,2.4000000E-2,1.9800000E-2
0.0000000E+0,-1.0000000E-7,-2.0000000E-7,2.1421000E-3,6.4970310E-2,1.1205700E-3,2.4000000E-2,2.4000000E-2,1.9800000E-2
0.0000000E+0,0.0000000E+0,5.0000000E-7,2.1831000E-3,6.4970310E-2,7.1525600E-4,2.4000000E-2,2.4000000E-2,1.9800000E-2
0.0000000E+0,-1.0000000E-7,-7.0000000E-7,2.2465000E-3,6.4970310E-2,1.1920900E-3,2.4000000E-2,2.4000000E-2,1.9800000E-2
0.0000000E+0,1.0000000E-7,-6.0000000E-7,2.2921000E-3,6.4970310E-2,1.1682500E-3,2.4000000E-2,2.4000000E-2,1.9800000E-2
0.0000000E+0,2.0000000E-7,-5.0000000E-7,2.3462000E-3,6.4970310E-2,1.3351400E-3,2.4000000E-2,2.4000000E-2,1.9800000E-2
0.0000000E+0,-1.0000000E-7,3.0000000E-7,2.3959000E-3,6.4970310E-2,1.0967300E-3,2.4000000E-2,2.4000000E-2,1.9800000E-2
0.0000000E+0,-2.0000000E-7,1.0000000E-7,2.4424000E-3,6.4970310E-2,7.8678100E-4,2.4000000E-2,2.4000000E-2,1.9800000E-2
0.0000000E+0,1.0000000E-7,1.0000000E-6,2.4909000E-3,6.4970310E-2,6.1988800E-4,2.4000000E-2,2.4000000E-2,1.9800000E-2
0.0000000E+0,1.0000000E-7,1.5000000E-6,2.5419000E-3,6.4970310E-2,1.0728800E-3,2.4000000E-2,2.4000000E-2,1.9800000E-2
0.0000000E+0,-8.0000000E-7,5.0000000E-7,2.5931000E-3,6.4970310E-2,9.5367400E-4,2.4000000E-2,2.4000000E-2,1.9800000E-2
0.0000000E+0,7.0000000E-7,5.0000000E-7,2.6487000E-3,6.4970310E-2,1.0490400E-3,2.4000000E-2,2.4000000E-2,1.9800000E-2
0.0000000E+0,3.0000000E-7,1.0000000E-7,2.6904000E-3,6.4970310E-2,1.0013600E-3,2.4000000E-2,2.4000000E-2,1.9800000E-2
0.0000000E+0,-4.0000000E-7,6.0000000E-7,2.7431000E-3,6.4970310E-2,6.1988800E-4,2.4000000E-2,2.4000000E-2,1.9800000E-2
0.0000000E+0,-2.0000000E-7,1.0000000E-7,2.7950000E-3,6.4970310E-2,7.1525600E-4,2.4000000E-2,2.4000000E-2,1.9800000E-2
0.0000000E+0,8.0000000E-7,-3.0000000E-7,2.8444000E-3,6.4970310E-2,7.1525600E-4,2.4000000E-2,2.4000000E-2,1.9800000E-2
0.0000000E+0,1.0000000E-7,5.0000000E-7,2.8987000E-3,6.4970310E-2,9.2983200E-4,2.4000000E-2,2.4000000E-2,1.9800000E-2
0.0000000E+0,-1.0000000E-7,8.0000000E-7,2.9452000E-3,6.4970310E-2,5.0067900E-4,2.4000000E-2,2.4000000E-2,1.9800000E-2
0.0000000E+0,0.0000000E+0,-5.0000000E-7,2.9975000E-3,6.4970310E-2,8.1062300E-4,2.4000000E-2,2.4000000E-2,1.9800000E-2
0.0000000E+0,5.0000000E-7,3.0000000E-7,3.0434000E-3,6.4970310E-2,1.1205700E-3,2.4000000E-2,2.4000000E-2,1.9800000E-2
0.0000000E+0,5.0000000E-7,-8.0000000E-7,3.0964000E-3,6.4970310E-2,7.8678100E-4,2.4000000E-2,2.4000000E-2,1.9800000E-2
0.0000000E+0,-3.0000000E-7,-1.0000000E-7,3.1427000E-3,6.4970310E-2,9.2983200E-4,2.4000000E-2,2.4000000E-2,1.9800000E-2
0.0000000E+0,8.0000000E-7,-3.0000000E-7,3.1932000E-3,6.4970310E-2,9.2983200E-4,2.4000000E-2,2.4000000E-2,1.9800000E-2
0.0000000E+0,2.0000000E-7,-1.0000000E-7,3.2424000E-3,6.4970310E-2,9.0599100E-4,2.4000000E-2,2.4000000E-2,1.9800000E-2
0.0000000E+0,3.0000000E-7,-3.0000000E-7,3.2958000E-3,6.4970310E-2,7.3909800E-4,2.4000000E-2,2.4000000E-2,1.9800000E-2
0.0000000E+0,-8.0000000E-7,-1.0000000E-7,3.3461000E-3,6.4970310E-2,8.5830700E-4,2.4000000E-2,2.4000000E-2,1.9800000E-2
0.0000000E+0,2.0000000E-7,3.0000000E-7,3.3973000E-3,6.4970310E-2,1.3113000E-3,2.4000000E-2,2.4000000E-2,1.9800000E-2
0.0000000E+0,2.0000000E-7,-1.0000000E-7,3.4428000E-3,6.4970310E-2,1.1205700E-3,2.4000000E-2,2.4000000E-2,1.9800000E-2
0.0000000E+0,1.0000000E-7,3.0000000E-7,3.4937000E-3,6.4970310E-2,1.3351400E-3,2.4000000E-2,2.4000000E-2,1.9800000E-2
0.0000000E+0,-5.0000000E-7,-2.0000000E-7,3.5460000E-3,6.4970310E-2,1.1920900E-3,2.4000000E-2,2.4000000E-2,1.9800000E-2
0.0000000E+0,3.0000000E-7,-2.0000000E-7,3.5914000E-3,6.4970310E-2,4.2915300E-4,2.4000000E-2,2.4000000E-2,1.9800000E-2
0.0000000E+0,4.0000000E-7,6.0000000E-7,3.6455000E-3,6.4970310E-2,9.2983200E-4,2.4000000E-2,2.4000000E-2,1.9800000E-2
0.0000000E+0,6.0000000E-7,-2.0000000E-7,3.6932000E-3,6.4970310E-2,1.1682500E-3,2.4000000E-2,2.4000000E-2,1.9800000E-2
0.0000000E+0,-5.0000000E-7,9.0000000E-7,3.7514000E-3,6.4970310E-2,6.6757200E-4,2.4000000E-2,2.4000000E-2,1.9800000E-2
0.0000000E+0,2.0000000E-7,-4.0000000E-7,3.7916000E-3,6.4970310E-2,1.0013600E-3,2.4000000E-2,2.4000000E-2,1.9800000E-2
0.0000000E+0,-3.0000000E-7,1.0000000E-7,3.8490000E-3,6.4970310E-2,1.0490400E-3,2.4000000E-2,2.4000000E-2,1.9800000E-2
0.0000000E+0,8.0000000E-7,1.0000000E-7,3.8911000E-3,6.4970310E-2,9.2983200E-4,2.4000000E-2,2.4000000E-2,1.9800000E-2
0.0000000E+0,-2.0000000E-7,7.0000000E-7,3.9440000E-3,6.4970310E-2,8.5830700E-4,2.4000000E-2,2.4000000E-2,1.9800000E-2
0.0000000E+0,5.0000000E-7,-1.0000000E-7,3.9919000E-3,6.4970310E-2,1.2159300E-3,2.4000000E-2,2.4000000E-2,1.9800000E-2
0.0000000E+0,3.0000000E-7,-1.0000000E-7,4.0478000E-3,6.4970310E-2,1.2874600E-3,2.4000000E-2,2.4000000E-2,1.9800000E-2
0.0000000E+0,-7.0000000E-7,6.0000000E-7,4.0945000E-3,6.4970310E-2,1.0728800E-3,2.4000000E-2,2.4000000E-2,1.9800000E-2
0.0000000E+0,-5.0000000E-7,3.0000000E-7,4.1430000E-3,6.4970310E-2,1.0967300E-3,2.4000000E-2,2.4000000E-2,1.9800000E-2
0.0000000E+0,1.0000000E-7,-1.0000000E-7,4.1918000E-3,6.4970310E-2,1.0728800E-3,2.4000000E-2,2.4000000E-2,1.9800000E-2
0.0000000E+0,9.0000000E-7,3.0000000E-7,4.2443000E-3,6.4970310E-2,1.1205700E-3,2.4000000E-2,2.4000000E-2,1.9800000E-2
0.0000000E+0,6.0000000E-7,-6.0000000E-7,4.3010000E-3,6.4970310E-2,1.1205700E-3,2.4000000E-2,2.4000000E-2,1.9800000E-2
0.0000000E+0,-4.0000000E-7,-7.0000000E-7,4.3443000E-3,6.4970310E-2,1.1682500E-3,2.4000000E-2,2.4000000E-2,1.9800000E-2
0.0000000E+0,3.0000000E-7,-2.0000000E-7,4.3950000E-3,6.4970310E-2,8.1062300E-4,2.4000000E-2,2.4000000E-2,1.9800000E-2
0.0000000E+0,3.0000000E-7,-7.0000000E-7,4.4424000E-3,6.4970310E-2,9.7751600E-4,2.4000000E-2,2.4000000E-2,1.9800000E-2
0.0000000E+0,-9.0000000E-7,1.0000000E-7,4.4903000E-3,6.4970310E-2,1.1920900E-3,2.4000000E-2,2.4000000E-2,1.9800000E-2
0.0000000E+0,1.0000000E-7,4.0000000E-7,4.5406000E-3,6.4970310E-2,1.0252000E-3,2.4000000E-2,2.4000000E-2,1.9800000E-2
0.0000000E+0,-5.0000000E-7,8.0000000E-7,4.5951000E-3,6.4970310E-2,8.8214900E-4,2.4000000E-2,2.4000000E-2,1.9800000E-2
0.0000000E+0,-6.0000000E-7,-5.0000000E-7,4.6441000E-3,6.4970310E-2,9.2983200E-4,2.4000000E-2,2.4000000E-2,1.9800000E-2
0.0000000E+0,1.0000000E-7,-4.0000000E-7,4.6966000E-3,6.4970310E-2,1.2159300E-3,2.4000000E-2,2.4000000E-2,1.9800000E-2
0.0000000E+0,-4.0000000E-7,-0.0000000E+0,4.7403000E-3,6.4970310E-2,7.8678100E-4,2.4000000E-2,2.4000000E-2,1.9800000E-2
0.0000000E+0,-0.0000000E+0,-3.0000000E-7,4.7906000E-3,6.4970310E-2,6.4373000E-4,2.4000000E-2,2.4000000E-2,1.9800000E-2
0.0000000E+0,-1.0000000E-7,1.0000000E-6,4.8445000E-3,6.4970310E-2,1.0967300E-3,2.4000000E-2,2.4000000E-2,1.9800000E-2
0.0000000E+0,0.0000000E+0,1.0000000E-7,4.8963000E-3,6.4970310E-2,1.1682500E-3,2.4000000E-2,2.4000000E-2,1.9800000E-2
0.0000000E+0,4.0000000E-7,-6.0000000E-7,4.9404000E-3,6.4970310E-2,7.8678100E-4,2.4000000E-2,2.4000000E-2,1.9800000E-2
0.0000000E+0,-1.1000000E-6,1.0000000E-7,4.9972000E-3,6.4970310E-2,8.1062300E-4,2.4000000E-2,2.4000000E-2,1.9800000E-2
0.0000000E+0,-1.0000000E-7,-0.0000000E+0,5.0450000E-3,6.4970310E-2,1.0728800E-3,2.4000000E-2,2.4000000E-2,1.9800000E-2
0.0000000E+0,1.0000000E-7,6.0000000E-7,5.0984000E-3,6.4970310E-2,8.1062300E-4,2.4000000E-2,2.4000000E-2,1.9800000E-2
0.0000000E+0,1.0000000E-7,-0.0000000E+0,5.1470000E-3,6.4970310E-2,9.0599100E-4,2.4000000E-2,2.4000000E-2,1.9800000E-2
0.0000000E+0,-0.0000000E+0,5.0000000E-7,5.1990000E-3,6.4970310E-2,8.3446500E-4,2.4000000E-2,2.4000000E-2,1.9800000E-2
0.0000000E+0,5.0000000E-7,-0.0000000E+0,5.2412000E-3,6.4970310E-2,6.9141400E-4,2.4000000E-2,2.4000000E-2,1.9800000E-2
0.0000000E+0,-1.0000000E-7,-4.0000000E-7,5.2966000E-3,6.4970310E-2,9.7751600E-4,2.4000000E-2,2.4000000E-2,1.9800000E-2
0.0000000E+0,2.0000000E-7,-1.0000000E-7,5.3453000E-3,6.4970310E-2,1.4305100E-3,2.4000000E-2,2.4000000E-2,1.9800000E-2
0.0000000E+0,9.0000000E-7,5.0000000E-7,5.3945000E-3,6.4970310E-2,1.1920900E-3,2.4000000E-2,2.4000000E-2,1.9800000E-2
0.0000000E+0,-6.0000000E-7,7.0000000E-7,5.4448000E-3,6.4970310E-2,1.0728800E-3,2.4000000E-2,2.4000000E-2,1.9800000E-2
0.0000000E+0,0.0000000E+0,0.0000000E+0,5.4958000E-3,6.4970310E-2,1.0967300E-3,2.4000000E-2,2.4000000E-2,1.9800000E-2
0.0000000E+0,-1.2000000E-6,5.0000000E-7,5.5425000E-3,6.4970310E-2,9.2983200E-4,2.4000000E-2,2.4000000E-2,1.9800000E-2
0.0000000E+0,3.0000000E-7,-1.0000000E-7,5.5966000E-3,6.4970310E-2,1.0728800E-3,2.4000000E-2,2.4000000E-2,1.9800000E-2
0.0000000E+0,8.0000000E-7,-1.0000000E-7,5.6507000E-3,6.4970310E-2,1.0490400E-3,2.4000000E-2,2.4000000E-2,1.9800000E-2
0.0000000E+0,-1.0000000E-7,-1.0000000E-7,5.6954000E-3,6.4970310E-2,8.3446500E-4,2.4000000E-2,2.4000000E-2,1.9800000E-2
0.0000000E+0,-0.0000000E+0,-1.0000000E-7,5.7400000E-3,6.4970310E-2,9.0599100E-4,2.4000000E-2,2.4000000E-2,1.9800000E-2
0.0000000E+0,5.0000000E-7,8.0000000E-7,5.7976000E-3,6.4970310E-2,9.2983200E-4,2.4000000E-2,2.4000000E-2,1.9800000E-2
0.0000000E+0,6.0000000E-7,5.0000000E-7,5.8508000E-3,6.4970310E-2,1.2397800E-3,2.4000000E-2,2.4000000E-2,1.9800000E-2
0.0000000E+0,-2.0000000E-7,2.0000000E-7,5.8953000E-3,6.4970310E-2,1.3113000E-3,2.4000000E-2,2.4000000E-2,1.9800000E-2
0.0000000E+0,-2.0000000E-7,-3.0000000E-7,5.9452000E-3,6.4970310E-2,8.5830700E-4,2.4000000E-2,2.4000000E-2,1.9800000E-2
0.0000000E+0,3.0000000E-7,2.0000000E-7,5.9937000E-3,6.4970310E-2,1.2874600E-3,2.4000000E-2,2.4000000E-2,1.9800000E-2
0.0000000E+0,-7.0000000E-7,8.0000000E-7,6.0441000E-3,6.4970310E-2,1.1205700E-3,2.4000000E-2,2.4000000E-2,1.9800000E-2
0.0000000E+0,-5.0000000E-7,-1.0000000E-7,6.0890000E-3,6.4970310E-2,1.1920900E-3,2.4000000E-2,2.4000000E-2,1.9800000E-2
0.0000000E+0,-1.0000000E-7,5.0000000E-7,6.1404000E-3,6.4970310E-2,1.4066700E-3,2.4000000E-2,2.4000000E-2,1.9800000E-2
0.0000000E+0,1.0000000E-7,-8.0000000E-7,6.1916000E-3,6.4970310E-2,1.2874600E-3,2.4000000E-2,2.4000000E-2,1.9800000E-2
0.0000000E+0,7.0000000E-7,6.0000000E-7,6.2475000E-3,6.4970310E-2,1.3113000E-3,2.4000000E-2,2.4000000E-2,1.9800000E-2
0.0000000E+0,-7.0000000E-7,-3.0000000E-7,6.2920000E-3,6.4970310E-2,7.6293900E-4,2.4000000E-2,2.4000000E-2,1.9800000E-2
0.0000000E+0,-2.0000000E-7,-4.0000000E-7,6.3439000E-3,6.4970310E-2,8.5830700E-4,2.4000000E-2,2.4000000E-2,1.9800000E-2
0.0000000E+0,-9.0000000E-7,-3.0000000E-7,6.3962000E-3,6.4970310E-2,1.0728800E-3,2.4000000E-2,2.4000000E-2,1.9800000E-2
0.0000000E+0,-3.0000000E-7,1.0000000E-7,6.4394000E-3,6.4970310E-2,1.3351400E-3,2.4000000E-2,2.4000000E-2,1.9800000E-2
0.0000000E+0,7.0000000E-7,2.0000000E-7,6.4899000E-3,6.4970310E-2,1.0490400E-3,2.4000000E-2,2.4000000E-2,1.9800000E-2
0.0000000E+0,-0.0000000E+0,-8.0000000E-7,6.5491000E-3,6.4970310E-2,1.0728800E-3,2.4000000E-2,2.4000000E-2,1.9800000E-2
0.0000000E+0,-5.0000000E-7,-2.0000000E-7,6.5928000E-3,6.4970310E-2,1.2397800E-3,2.4000000E-2,2.4000000E-2,1.9800000E-2
0.0000000E+0,-8.0000000E-7,-6.0000000E-7,6.6426000E-3,6.4970310E-2,1.0252000E-3,2.4000000E-2,2.4000000E-2,1.9800000E-2
0.0000000E+0,3.0000000E-7,-6.0000000E-7,6.6934000E-3,6.4970310E-2,1.3113000E-3,2.4000000E-2,2.4000000E-2,1.9800000E-2
0.0000000E+0,6.0000000E-7,3.0000000E-7,6.7432000E-3,6.4970310E-2,1.1682500E-3,2.4000000E-2,2.4000000E-2,1.9800000E-2
0.0000000E+0,-5.0000000E-7,-1.1000000E-6,6.7942000E-3,6.4970310E-2,1.1920900E-3,2.4000000E-2,2.4000000E-2,1.9800000E-2
0.0000000E+0,2.0000000E-7,3.0000000E-7,6.8427000E-3,6.4970310E-2,1.3113000E-3,2.4000000E-2,2.4000000E-2,1.9800000E-2
0.0000000E+0,-4.0000000E-7,-1.1000000E-6,6.8968000E-3,6.4970310E-2,9.2983200E-4,2.4000000E-2,2.4000000E-2,1.9800000E-2
0.0000000E+0,-2.0000000E-7,1.0000000E-7,6.9378000E-3,6.4970310E-2,1.4066700E-3,2.4000000E-2,2.4000000E-2,1.9800000E-2
0.0000000E+0,-9.0000000E-7,-3.0000000E-7,6.9912000E-3,6.4970310E-2,1.0490400E-3,2.4000000E-2,2.4000000E-2,1.9800000E-2
0.0000000E+0,-3.0000000E-7,5.0000000E-7,7.0442000E-3,6.4970310E-2,1.3113000E-3,2.4000000E-2,2.4000000E-2,1.9800000E-2
0.0000000E+0,3.0000000E-7,3.0000000E-7,7.0967000E-3,6.4970310E-2,9.5367400E-4,2.4000000E-2,2.4000000E-2,1.9800000E-2
0.0000000E+0,7.0000000E-7,2.0000000E-7,7.1455000E-3,6.4970310E-2,1.2159300E-3,2.4000000E-2,2.4000000E-2,1.9800000E-2
0.0000000E+0,0.0000000E+0,-2.0000000E-7,7.1969000E-3,6.4970310E-2,9.5367400E-4,2.4000000E-2,2.4000000E-2,1.9800000E-2
0.0000000E+0,-3.0000000E-7,1.0000000E-7,7.2412000E-3,6.4970310E-2,1.0252000E-3,2.4000000E-2,2.4000000E-2,1.9800000E-2
0.0000000E+0,2.0000000E-7,-3.0000000E-7,7.2931000E-3,6.4970310E-2,1.1682500E-3,2.4000000E-2,2.4000000E-2,1.9800000E-2
0.0000000E+0,5.0000000E-7,1.0000000E-7,7.3482000E-3,6.4970310E-2,1.1205700E-3,2.4000000E-2,2.4000000E-2,1.9800000E-2
0.0000000E+0,-0.0000000E+0,8.0000000E-7,7.3939000E-3,6.4970310E-2,1.3351400E-3,2.4000000E-2,2.4000000E-2,1.9800000E-2
0.0000000E+0,9.0000000E-7,2.0000000E-7,7.4473000E-3,6.4970310E-2,1.1205700E-3,2.4000000E-2,2.4000000E-2,1.9800000E-2
0.0000000E+0,3.0000000E-7,-2.0000000E-7,7.4985000E-3,6.4970310E-2,1.0252000E-3,2.4000000E-2,2.4000000E-2,1.9800000E-2
0.0000000E+0,5.0000000E-7,-6.0000000E-7,7.5450000E-3,6.4970310E-2,1.0728800E-3,2.4000000E-2,2.4000000E-2,1.9800000E-2
0.0000000E+0,4.0000000E-7,5.0000000E-7,7.5993000E-3,6.4970310E-2,9.7751600E-4,2.4000000E-2,2.4000000E-2,1.9800000E-2
0.0000000E+0,7.0000000E-7,-2.0000000E-7,7.6448000E-3,6.4970310E-2,8.1062300E-4,2.4000000E-2,2.4000000E-2,1.9800000E-2
0.0000000E+0,-5.0000000E-7,2.0000000E-7,7.6920000E-3,6.4970310E-2,1.1205700E-3,2.4000000E-2,2.4000000E-2,1.9800000E-2
0.0000000E+0,1.0000000E-7,-5.0000000E-7,7.7443000E-3,6.4970310E-2,7.3909800E-4,2.4000000E-2,2.4000000E-2,1.9800000E-2
0.0000000E+0,7.0000000E-7,3.0000000E-7,7.7908000E-3,6.4970310E-2,1.0490400E-3,2.4000000E-2,2.4000000E-2,1.9800000E-2
0.0000000E+0,-5.0000000E-7,4.0000000E-7,7.8413000E-3,6.4970310E-2,1.0967300E-3,2.4000000E-2,2.4000000E-2,1.9800000E-2
0.0000000E+0,-1.0000000E-7,5.0000000E-7,7.8919000E-3,6.4970310E-2,1.3113000E-3,2.4000000E-2,2.4000000E-2,1.9800000E-2
0.0000000E+0,-1.0000000E-6,3.0000000E-7,7.9452000E-3,6.4970310E-2,1.2636200E-3,2.4000000E-2,2.4000000E-2,1.9800000E-2
0.0000000E+0,-3.0000000E-7,1.0000000E-7,7.9978000E-3,6.4970310E-2,8.5830700E-4,2.4000000E-2,2.4000000E-2,1.9800000E-2
0.0000000E+0,-2.0000000E-7,-4.0000000E-7,8.0488000E-3,6.4970310E-2,1.2397800E-3,2.4000000E-2,2.4000000E-2,1.9800000E-2
0.0000000E+0,3.0000000E-7,3.0000000E-7,8.0933000E-3,6.4970310E-2,1.0728800E-3,2.4000000E-2,2.4000000E-2,1.9800000E-2
0.0000000E+0,2.0000000E-7,-0.0000000E+0,8.1423000E-3,6.4970310E-2,8.3446500E-4,2.4000000E-2,2.4000000E-2,1.9800000E-2
0.0000000E+0,-5.0000000E-7,-6.0000000E-7,8.1968000E-3,6.4970310E-2,9.7751600E-4,2.4000000E-2,2.4000000E-2,1.9800000E-2
0.0000000E+0,-2.0000000E-7,3.0000000E-7,8.2449000E-3,6.4970310E-2,9.7751600E-4,2.4000000E-2,2.4000000E-2,1.9800000E-2
0.0000000E+0,-1.0000000E-7,1.0000000E-7,8.2916000E-3,6.4970310E-2,1.3113000E-3,2.4000000E-2,2.4000000E-2,1.9800000E-2
0.0000000E+0,6.0000000E-7,-3.0000000E-7,8.3492000E-3,6.4970310E-2,1.0490400E-3,2.4000000E-2,2.4000000E-2,1.9800000E-2
0.0000000E+0,0.0000000E+0,2.0000000E-7,8.3974000E-3,6.4970310E-2,1.0013600E-3,2.4000000E-2,2.4000000E-2,1.9800000E-2
0.0000000E+0,7.0000000E-7,-4.0000000E-7,8.4437000E-3,6.4970310E-2,1.1205700E-3,2.4000000E-2,2.4000000E-2,1.9800000E-2
0.0000000E+0,-3.0000000E-7,-2.0000000E-7,8.4951000E-3,6.4970310E-2,1.3113000E-3,2.4000000E-2,2.4000000E-2,1.9800000E-2
0.0000000E+0,-3.0000000E-7,3.0000000E-7,8.5450000E-3,6.4970310E-2,9.2983200E-4,2.4000000E-2,2.4000000E-2,1.9800000E-2
0.0000000E+0,8.0000000E-7,1.0000000E-7,8.5988000E-3,6.4970310E-2,8.8214900E-4,2.4000000E-2,2.4000000E-2,1.9800000E-2
0.0000000E+0,3.0000000E-7,-6.0000000E-7,8.6455000E-3,6.4970310E-2,1.1682500E-3,2.4000000E-2,2.4000000E-2,1.9800000E-2
0.0000000E+0,0.0000000E+0,3.0000000E-7,8.6956000E-3,6.4970310E-2,1.2874600E-3,2.4000000E-2,2.4000000E-2,1.9800000E-2
0.0000000E+0,3.0000000E-7,-1.0000000E-7,8.7448000E-3,6.4970310E-2,1.0728800E-3,2.4000000E-2,2.4000000E-2,1.9800000E-2
0.0000000E+0,-6.0000000E-7,6.0000000E-7,8.7956000E-3,6.4970310E-2,1.1682500E-3,2.4000000E-2,2.4000000E-2,1.9800000E-2
0.0000000E+0,-6.0000000E-7,2.0000000E-7,8.8490000E-3,6.4970310E-2,1.3589900E-3,2.4000000E-2,2.4000000E-2,1.9800000E-2
0.0000000E+0,6.0000000E-7,1.0000000E-7,8.8958000E-3,6.4970310E-2,1.5020400E-3,2.4000000E-2,2.4000000E-2,1.9800000E-2
0.0000000E+0,-1.0000000E-7,-4.0000000E-7,8.9418000E-3,6.4970310E-2,1.2159300E-3,2.4000000E-2,2.4000000E-2,1.9800000E-2
0.0000000E+0,-2.0000000E-7,1.0000000E-7,8.9931000E-3,6.4970310E-2,8.3446500E-4,2.4000000E-2,2.4000000E-2,1.9800000E-2
0.0000000E+0,6.0000000E-7,-2.0000000E-7,9.0420000E-3,6.4970310E-2,8.3446500E-4,2.4000000E-2,2.4000000E-2,1.9800000E-2
0.0000000E+0,2.0000000E-7,-6.0000000E-7,9.0965000E-3,6.4970310E-2,1.2397800E-3,2.4000000E-2,2.4000000E-2,1.9800000E-2
0.0000000E+0,1.0000000E-7,3.0000000E-7,9.1451000E-3,6.4970310E-2,1.2159300E-3,2.4000000E-2,2.4000000E-2,1.9800000E-2
0.0000000E+0,9.0000000E-7,-0.0000000E+0,9.1881000E-3,6.4970310E-2,1.0967300E-3,2.4000000E-2,2.4000000E-2,1.9800000E-2
0.0000000E+0,-8.0000000E-7,-4.0000000E-7,9.2430000E-3,6.4970310E-2,1.4305100E-3,2.4000000E-2,2.4000000E-2,1.9800000E-2
0.0000000E+0,1.0000000E-6,5.0000000E-7,9.2987000E-3,6.4970310E-2,1.3113000E-3,2.4000000E-2,2.4000000E-2,1.9800000E-2
0.0000000E+0,-1.1000000E-6,1.2000000E-6,9.3448000E-3,6.4970310E-2,1.3589900E-3,2.4000000E-2,2.4000000E-2,1.9800000E-2
0.0000000E+0,0.0000000E+0,-2.0000000E-7,9.3913000E-3,6.4970310E-2,1.1920900E-3,2.4000000E-2,2.4000000E-2,1.9800000E-2
0.0000000E+0,3.0000000E-7,-0.0000000E+0,9.4418000E-3,6.4970310E-2,1.3113000E-3,2.4000000E-2,2.4000000E-2,1.9800000E-2
0.0000000E+0,-1.0000000E-7,-7.0000000E-7,9.4974000E-3,6.4970310E-2,1.3828300E-3,2.4000000E-2,2.4000000E-2,1.9800000E-2
0.0000000E+0,-4.0000000E-7,-3.0000000E-7,9.5437000E-3,6.4970310E-2,1.1205700E-3,2.4000000E-2,2.4000000E-2,1.9800000E-2
0.0000000E+0,-7.0000000E-7,3.0000000E-7,9.5936000E-3,6.4970310E-2,1.0967300E-3,2.4000000E-2,2.4000000E-2,1.9800000E-2
0.0000000E+0,-2.0000000E-7,-2.0000000E-7,9.6472000E-3,6.4970310E-2,1.5497200E-3,2.4000000E-2,2.4000000E-2,1.9800000E-2
0.0000000E+0,-3.0000000E-7,2.0000000E-7,9.6956000E-3,6.4970310E-2,1.3113000E-3,2.4000000E-2,2.4000000E-2,1.9800000E-2
0.0000000E+0,4.0000000E-7,-9.0000000E-7,9.7405000E-3,6.4970310E-2,1.0490400E-3,2.4000000E-2,2.4000000E-2,1.9800000E-2
0.0000000E+0,5.0000000E-7,-1.1000000E-6,9.7933000E-3,6.4970310E-2,1.0967300E-3,2.4000000E-2,2.4000000E-2,1.9800000E-2
0.0000000E+0,4.0000000E-7,-2.0000000E-7,9.8443000E-3,6.4970310E-2,1.0967300E-3,2.4000000E-2,2.4000000E-2,1.9800000E-2
0.0000000E+0,-3.0000000E-7,-1.1000000E-6,9.8955000E-3,6.4970310E-2,1.1682500E-3,2.4000000E-2,2.4000000E-2,1.9800000E-2
0.0000000E+0,1.0000000E-7,-7.0000000E-7,9.9411000E-3,6.4970310E-2,1.1920900E-3,2.4000000E-2,2.4000000E-2,1.9800000E-2
0.0000000E+0,1.0000000E-7,-0.0000000E+0,9.9994000E-3,6.4970310E-2,1.1920900E-3,2.4000000E-2,2.4000000E-2,1.9800000E-2
0.0000000E+0,4.0000000E-7,7.0000000E-7,1.0046200E-2,6.4970310E-2,1.2874600E-3,2.4000000E-2,2.4000000E-2,1.9800000E-2
0.0000000E+0,-0.0000000E+0,-1.0000000E-7,1.0092300E-2,6.4970310E-2,1.2397800E-3,2.4000000E-2,2.4000000E-2,1.9800000E-2
0.0000000E+0,8.0000000E-7,-6.0000000E-7,1.0142600E-2,6.4970310E-2,1.2397800E-3,2.4000000E-2,2.4000000E-2,1.9800000E-2
0.0000000E+0,5.0000000E-7,-8.0000000E-7,1.0194200E-2,6.4970310E-2,1.0490400E-3,2.4000000E-2,2.4000000E-2,1.9800000E-2
0.0000000E+0,1.0000000E-7,7.0000000E-7,1.0240500E-2,6.4970310E-2,1.3351400E-3,2.4000000E-2,2.4000000E-2,1.9800000E-2
0.0000000E+0,8.0000000E-7,-4.0000000E-7,1.0295700E-2,6.4970310E-2,1.3589900E-3,2.4000000E-2,2.4000000E-2,1.9800000E-2
0.0000000E+0,-1.3000000E-6,3.0000000E-7,1.0349800E-2,6.4970310E-2,1.3113000E-3,2.4000000E-2,2.4000000E-2,1.9800000E-2
0.0000000E+0,-3.0000000E-7,4.0000000E-7,1.0400500E-2,6.4970310E-2,9.7751600E-4,2.4000000E-2,2.4000000E-2,1.9800000E-2
0.0000000E+0,-0.0000000E+0,7.0000000E-7,1.0447100E-2,6.4970310E-2,8.5830700E-4,2.4000000E-2,2.4000000E-2,1.9800000E-2
0.0000000E+0,1.0000000E-7,1.0000000E-7,1.0489800E-2,6.4970310E-2,1.1205700E-3,2.4000000E-2,2.4000000E-2,1.9800000E-2
0.0000000E+0,-1.0000000E-7,1.0000000E-7,1.0541700E-2,6.4970310E-2,9.0599100E-4,2.4000000E-2,2.4000000E-2,1.9800000E-2
0.0000000E+0,-1.0000000E-7,-5.0000000E-7,1.0594400E-2,6.4970310E-2,9.5367400E-4,2.4000000E-2,2.4000000E-2,1.9800000E-2
0.0000000E+0,-3.0000000E-7,-5.0000000E-7,1.0641900E-2,6.4970310E-2,1.1444100E-3,2.4000000E-2,2.4000000E-2,1.9800000E-2
0.0000000E+0,4.0000000E-7,-5.0000000E-7,1.0693200E-2,6.4970310E-2,1.1444100E-3,2.4000000E-2,2.4000000E-2,1.9800000E-2
0.0000000E+0,-1.0000000E-7,1.0000000E-6,1.0742000E-2,6.4970310E-2,8.8214900E-4,2.4000000E-2,2.4000000E-2,1.9800000E-2
0.0000000E+0,-1.0000000E-7,-0.0000000E+0,1.0796700E-2,6.4970310E-2,1.4305100E-3,2.4000000E-2,2.4000000E-2,1.9800000E-2
0.0000000E+0,3.0000000E-7,1.0000000E-7,1.0844600E-2,6.4970310E-2,1.2636200E-3,2.4000000E-2,2.4000000E-2,1.9800000E-2
0.0000000E+0,4.0000000E-7,2.0000000E-7,1.0891200E-2,6.4970310E-2,1.2636200E-3,2.4000000E-2,2.4000000E-2,1.9800000E-2
0.0000000E+0,-5.0000000E-7,-0.0000000E+0,1.0947400E-2,6.4970310E-2,1.4782000E-3,2.4000000E-2,2.4000000E-2,1.9800000E-2
0.0000000E+0,-3.0000000E-7,1.0000000E-7,1.0993500E-2,6.4970310E-2,1.7166100E-3,2.4000000E-2,2.4000000E-2,1.9800000E-2
0.0000000E+0,9.0000000E-7,4.0000000E-7,1.1043400E-2,6.4970310E-2,1.0013600E-3,2.4000000E-2,2.4000000E-2,1.9800000E-2
0.0000000E+0,-2.0000000E-7,-4.0000000E-7,1.1096100E-2,6.4970310E-2,1.1444100E-3,2.4000000E-2,2.4000000E-2,1.9800000E-2
0.0000000E+0,6.0000000E-7,-2.0000000E-7,1.1142900E-2,6.4970310E-2,1.0252000E-3,2.4000000E-2,2.4000000E-2,1.9800000E-2
0.0000000E+0,-4.0000000E-7,1.0000000E-7,1.1194500E-2,6.4970310E-2,1.5020400E-3,2.4000000E-2,2.4000000E-2,1.9800000E-2
0.0000000E+0,-4.0000000E-7,-5.0000000E-7,1.1238200E-2,6.4970310E-2,1.4066700E-3,2.4000000E-2,2.4000000E-2,1.9800000E-2
0.0000000E+0,-1.5000000E-6,3.0000000E-7,1.1296100E-2,6.4970310E-2,1.1205700E-3,2.4000000E-2,2.4000000E-2,1.9800000E-2
0.0000000E+0,-3.0000000E-7,1.0000000E-7,1.1345500E-2,6.4970310E-2,1.4066700E-3,2.4000000E-2,2.4000000E-2,1.9800000E-2
0.0000000E+0,8.0000000E-7,-5.0000000E-7,1.1394200E-2,6.4970310E-2,1.5497200E-3,2.4000000E-2,2.4000000E-2,1.9800000E-2
0.0000000E+0,-3.0000000E-7,7.0000000E-7,1.1445200E-2,6.4970310E-2,1.6689300E-3,2.4000000E-2,2.4000000E-2,1.9800000E-2
0.0000000E+0,-3.0000000E-7,3.0000000E-7,1.1498800E-2,6.4970310E-2,1.9073500E-3,2.4000000E-2,2.4000000E-2,1.9800000E-2
0.0000000E+0,1.0000000E-7,5.0000000E-7,1.1545400E-2,6.4970310E-2,1.3113000E-3,2.4000000E-2,2.4000000E-2,1.9800000E-2
0.0000000E+0,3.0000000E-7,-2.0000000E-7,1.1592500E-2,6.4970310E-2,1.1920900E-3,2.4000000E-2,2.4000000E-2,1.9800000E-2
0.0000000E+0,-2.0000000E-7,8.0000000E-7,1.1646800E-2,6.4970310E-2,1.3589900E-3,2.4000000E-2,2.4000000E-2,1.9800000E-2
0.0000000E+0,4.0000000E-7,7.0000000E-7,1.1694100E-2,6.4970310E-2,1.7404600E-3,2.4000000E-2,2.4000000E-2,1.9800000E-2
0.0000000E+0,-1.0000000E-6,3.0000000E-7,1.1741000E-2,6.4970310E-2,1.6927700E-3,2.4000000E-2,2.4000000E-2,1.9800000E-2
0.0000000E+0,1.0000000E-7,1.0000000E-7,1.1794200E-2,6.4970310E-2,1.5974000E-3,2.4000000E-2,2.4000000E-2,1.9800000E-2
0.0000000E+0,0.0000000E+0,-5.0000000E-7,1.1842600E-2,6.4970310E-2,1.1444100E-3,2.4000000E-2,2.4000000E-2,1.9800000E-2
0.0000000E+0,1.1000000E-6,4.0000000E-7,1.1891300E-2,6.4970310E-2,1.5258800E-3,2.4000000E-2,2.4000000E-2,1.9800000E-2
0.0000000E+0,1.0000000E-7,1.0000000E-7,1.1944900E-2,6.4970310E-2,1.4543500E-3,2.4000000E-2,2.4000000E-2,1.9800000E-2
0.0000000E+0,-3.0000000E-7,8.0000000E-7,1.2003400E-2,6.4970310E-2,1.5258800E-3,2.4000000E-2,2.4000000E-2,1.9800000E-2
0.0000000E+0,-2.0000000E-7,6.0000000E-7,1.2046700E-2,6.4970310E-2,1.4066700E-3,2.4000000E-2,2.4000000E-2,1.9800000E-2
0.0000000E+0,0.0000000E+0,-3.0000000E-7,1.2091200E-2,6.4970310E-2,1.4543500E-3,2.4000000E-2,2.4000000E-2,1.9800000E-2
0.0000000E+0,-1.0000000E-7,-2.0000000E-7,1.2143100E-2,6.4970310E-2,1.1920900E-3,2.4000000E-2,2.4000000E-2,1.9800000E-2
0.0000000E+0,5.0000000E-7,1.0000000E-7,1.2199100E-2,6.4970310E-2,1.5258800E-3,2.4000000E-2,2.4000000E-2,1.9800000E-2
0.0000000E+0,-1.0000000E-7,-3.0000000E-7,1.2242100E-2,6.4970310E-2,1.4066700E-3,2.4000000E-2,2.4000000E-2,1.9800000E-2
0.0000000E+0,-6.0000000E-7,-1.2000000E-6,1.2294200E-2,6.4970310E-2,1.3828300E-3,2.4000000E-2,2.4000000E-2,1.9800000E-2
0.0000000E+0,-1.3000000E-6,-0.0000000E+0,1.2344000E-2,6.4970310E-2,1.3113000E-3,2.4000000E-2,2.4000000E-2,1.9800000E-2
0.0000000E+0,-3.0000000E-7,-7.0000000E-7,1.2389500E-2,6.4970310E-2,1.2636200E-3,2.4000000E-2,2.4000000E-2,1.9800000E-2
0.0000000E+0,8.0000000E-7,2.0000000E-7,1.2444000E-2,6.4970310E-2,1.0013600E-3,2.4000000E-2,2.4000000E-2,1.9800000E-2
0.0000000E+0,5.0000000E-7,6.0000000E-7,1.2497800E-2,6.4970310E-2,8.3446500E-4,2.4000000E-2,2.4000000E-2,1.9800000E-2
0.0000000E+0,-0.0000000E+0,1.0000000E-7,1.2543300E-2,6.4970310E-2,1.0252000E-3,2.4000000E-2,2.4000000E-2,1.9800000E-2
0.0000000E+0,4.0000000E-7,-5.0000000E-7,1.2594200E-2,6.4970310E-2,1.4305100E-3,2.4000000E-2,2.4000000E-2,1.9800000E-2
0.0000000E+0,2.0000000E-7,4.0000000E-7,1.2648800E-2,6.4970310E-2,1.0728800E-3,2.4000000E-2,2.4000000E-2,1.9800000E-2
0.0000000E+0,-4.0000000E-7,-3.0000000E-7,1.2695300E-2,6.4970310E-2,1.4305100E-3,2.4000000E-2,2.4000000E-2,1.9800000E-2
0.0000000E+0,1.0000000E-7,1.1000000E-6,1.2743800E-2,6.4970310E-2,1.5020400E-3,2.4000000E-2,2.4000000E-2,1.9800000E-2
0.0000000E+0,-3.0000000E-7,-1.0000000E-7,1.2792800E-2,6.4970310E-2,1.2874600E-3,2.4000000E-2,2.4000000E-2,1.9800000E-2
0.0000000E+0,-4.0000000E-7,-5.0000000E-7,1.2843400E-2,6.4970310E-2,1.2397800E-3,2.4000000E-2,2.4000000E-2,1.9800000E-2
0.0000000E+0,-2.0000000E-7,-1.0000000E-7,1.2897400E-2,6.4970310E-2,1.5258800E-3,2.4000000E-2,2.4000000E-2,1.9800000E-2
0.0000000E+0,2.0000000E-7,1.0000000E-7,1.2942800E-2,6.4970310E-2,1.4066700E-3,2.4000000E-2,2.4000000E-2,1.9800000E-2
0.0000000E+0,-3.0000000E-7,6.0000000E-7,1.2992300E-2,6.4970310E-2,1.6927700E-3,2.4000000E-2,2.4000000E-2,1.9800000E-2
0.0000000E+0,-7.0000000E-7,-6.0000000E-7,1.3042400E-2,6.4970310E-2,1.2397800E-3,2.4000000E-2,2.4000000E-2,1.9800000E-2
0.0000000E+0,-4.0000000E-7,3.0000000E-7,1.3099500E-2,6.4970310E-2,1.2636200E-3,2.4000000E-2,2.4000000E-2,1.9800000E-2
0.0000000E+0,-1.0000000E-7,-1.2000000E-6,1.3145000E-2,6.4970310E-2,8.8214900E-4,2.4000000E-2,2.4000000E-2,1.9800000E-2
0.0000000E+0,2.0000000E-7,-1.0000000E-7,1.3192400E-2,6.4970310E-2,1.2159300E-3,2.4000000E-2,2.4000000E-2,1.9800000E-2
0.0000000E+0,4.0000000E-7,4.0000000E-7,1.3246000E-2,6.4970310E-2,1.2874600E-3,2.4000000E-2,2.4000000E-2,1.9800000E-2
0.0000000E+0,1.0000000E-7,5.0000000E-7,1.3288400E-2,6.4970310E-2,9.5367400E-4,2.4000000E-2,2.4000000E-2,1.9800000E-2
0.0000000E+0,2.0000000E-7,2.0000000E-7,1.3345500E-2,6.4970310E-2,1.1205700E-3,2.4000000E-2,2.4000000E-2,1.9800000E-2
0.0000000E+0,-1.0000000E-7,4.0000000E-7,1.3395600E-2,6.4970310E-2,8.8214900E-4,2.4000000E-2,2.4000000E-2,1.9800000E-2
0.0000000E+0,3.0000000E-7,-0.0000000E+0,1.3448600E-2,6.4970310E-2,1.2874600E-3,2.4000000E-2,2.4000000E-2,1.9800000E-2
0.0000000E+0,-2.0000000E-7,5.0000000E-7,1.3495800E-2,6.4970310E-2,1.3351400E-3,2.4000000E-2,2.4000000E-2,1.9800000E-2
0.0000000E+0,6.0000000E-7,5.0000000E-7,1.3540300E-2,6.4970310E-2,1.0013600E-3,2.4000000E-2,2.4000000E-2,1.9800000E-2
0.0000000E+0,-3.0000000E-7,7.0000000E-7,1.3591700E-2,6.4970310E-2,1.2397800E-3,2.4000000E-2,2.4000000E-2,1.9800000E-2
0.0000000E+0,-2.0000000E-7,1.1000000E-6,1.3644200E-2,6.4970310E-2,1.5020400E-3,2.4000000E-2,2.4000000E-2,1.9800000E-2
0.0000000E+0,-1.0000000E-7,-4.0000000E-7,1.3691900E-2,6.4970310E-2,1.3828300E-3,2.4000000E-2,2.4000000E-2,1.9800000E-2
0.0000000E+0,1.3000000E-6,2.0000000E-7,1.3745100E-2,6.4970310E-2,1.3113000E-3,2.4000000E-2,2.4000000E-2,1.9800000E-2
0.0000000E+0,0.0000000E+0,3.0000000E-7,1.3792700E-2,6.4970310E-2,1.1920900E-3,2.4000000E-2,2.4000000E-2,1.9800000E-2
0.0000000E+0,-2.0000000E-7,6.0000000E-7,1.3840100E-2,6.4970310E-2,1.0013600E-3,2.4000000E-2,2.4000000E-2,1.9800000E-2
0.0000000E+0,9.0000000E-7,-0.0000000E+0,1.3892900E-2,6.4970310E-2,1.4305100E-3,2.4000000E-2,2.4000000E-2,1.9800000E-2
0.0000000E+0,-9.0000000E-7,3.0000000E-7,1.3940600E-2,6.4970310E-2,1.2159300E-3,2.4000000E-2,2.4000000E-2,1.9800000E-2
0.0000000E+0,9.0000000E-7,1.0000000E-7,1.3996800E-2,6.4970310E-2,1.5020400E-3,2.4000000E-2,2.4000000E-2,1.9800000E-2
0.0000000E+0,5.0000000E-7,-1.0000000E-7,1.4044500E-2,6.4970310E-2,1.2874600E-3,2.4000000E-2,2.4000000E-2,1.9800000E-2
0.0000000E+0,-1.0000000E-7,2.0000000E-7,1.4097200E-2,6.4970310E-2,1.3351400E-3,2.4000000E-2,2.4000000E-2,1.9800000E-2
0.0000000E+0,2.0000000E-7,-2.0000000E-7,1.4141800E-2,6.4970310E-2,1.2397800E-3,2.4000000E-2,2.4000000E-2,1.9800000E-2
0.0000000E+0,8.0000000E-7,1.0000000E-7,1.4189600E-2,6.4970310E-2,1.1682500E-3,2.4000000E-2,2.4000000E-2,1.9800000E-2
0.0000000E+0,4.0000000E-7,-3.0000000E-7,1.4248100E-2,6.4970310E-2,1.0967300E-3,2.4000000E-2,2.4000000E-2,1.9800000E-2
0.0000000E+0,5.0000000E-7,-7.0000000E-7,1.4292700E-2,6.4970310E-2,1.3113000E-3,2.4000000E-2,2.4000000E-2,1.9800000E-2
0.0000000E+0,5.0000000E-7,7.0000000E-7,1.4342800E-2,6.4970310E-2,1.4305100E-3,2.4000000E-2,2.4000000E-2,1.9800000E-2
0.0000000E+0,-2.0000000E-7,7.0000000E-7,1.4388400E-2,6.4970310E-2,1.3828300E-3,2.4000000E-2,2.4000000E-2,1.9800000E-2
0.0000000E+0,-5.0000000E-7,-5.0000000E-7,1.4447800E-2,6.4970310E-2,1.0728800E-3,2.4000000E-2,2.4000000E-2,1.9800000E-2
0.0000000E+0,2.0000000E-7,-3.0000000E-7,1.4493700E-2,6.4970310E-2,1.5735600E-3,2.4000000E-2,2.4000000E-2,1.9800000E-2
0.0000000E+0,-2.0000000E-7,3.0000000E-7,1.4541300E-2,6.4970310E-2,1.1920900E-3,2.4000000E-2,2.4000000E-2,1.9800000E-2
0.0000000E+0,-1.0000000E-7,6.0000000E-7,1.4595400E-2,6.4970310E-2,1.4543500E-3,2.4000000E-2,2.4000000E-2,1.9800000E-2
0.0000000E+0,7.0000000E-7,-6.0000000E-7,1.4649100E-2,6.4970310E-2,1.3351400E-3,2.4000000E-2,2.4000000E-2,1.9800000E-2
0.0000000E+0,2.0000000E-7,2.0000000E-7,1.4694500E-2,6.4970310E-2,9.2983200E-4,2.4000000E-2,2.4000000E-2,1.9800000E-2
0.0000000E+0,-6.0000000E-7,5.0000000E-7,1.4747000E-2,6.4970310E-2,1.2397800E-3,2.4000000E-2,2.4000000E-2,1.9800000E-2
0.0000000E+0,-5.0000000E-7,0.0000000E+0,1.4796000E-2,6.4970310E-2,1.3351400E-3,2.4000000E-2,2.4000000E-2,1.9800000E-2
0.0000000E+0,1.0000000E-7,4.0000000E-7,1.4840300E-2,6.4970310E-2,1.0490400E-3,2.4000000E-2,2.4000000E-2,1.9800000E-2
0.0000000E+0,-2.0000000E-7,5.0000000E-7,1.4896200E-2,6.4970310E-2,1.5258800E-3,2.4000000E-2,2.4000000E-2,1.9800000E-2
0.0000000E+0,6.0000000E-7,-6.0000000E-7,1.4943600E-2,6.4970310E-2,1.6689300E-3,2.4000000E-2,2.4000000E-2,1.9800000E-2
0.0000000E+0,3.0000000E-7,1.0000000E-7,1.4995000E-2,6.4970310E-2,1.2874600E-3,2.4000000E-2,2.4000000E-2,1.9800000E-2
0.0000000E+0,1.0000000E-7,-6.0000000E-7,1.5038400E-2,6.4970310E-2,1.2874600E-3,2.4000000E-2,2.4000000E-2,1.9800000E-2
0.0000000E+0,-7.0000000E-7,6.0000000E-7,1.5092000E-2,6.4970310E-2,1.2874600E-3,2.4000000E-2,2.4000000E-2,1.9800000E-2
0.0000000E+0,-4.0000000E-7,5.0000000E-7,1.5144800E-2,6.4970310E-2,1.3828300E-3,2.4000000E-2,2.4000000E-2,1.9800000E-2
0.0000000E+0,9.0000000E-7,-2.0000000E-7,1.5191800E-2,6.4970310E-2,1.0967300E-3,2.4000000E-2,2.4000000E-2,1.9800000E-2
0.0000000E+0,2.0000000E-7,1.0000000E-7,1.5240700E-2,6.4970310E-2,1.3589900E-3,2.4000000E-2,2.4000000E-2,1.9800000E-2
0.0000000E+0,-1.0000000E-6,2.0000000E-7,1.5297200E-2,6.4970310E-2,9.2983200E-4,2.4000000E-2,2.4000000E-2,1.9800000E-2
0.0000000E+0,6.0000000E-7,1.0000000E-7,1.5340900E-2,6.4970310E-2,1.2159300E-3,2.4000000E-2,2.4000000E-2,1.9800000E-2
0.0000000E+0,-9.0000000E-7,1.0000000E-7,1.5392500E-2,6.4970310E-2,1.4305100E-3,2.4000000E-2,2.4000000E-2,1.9800000E-2
0.0000000E+0,2.0000000E-7,-6.0000000E-7,1.5444200E-2,6.4970310E-2,1.1920900E-3,2.4000000E-2,2.4000000E-2,1.9800000E-2
0.0000000E+0,5.0000000E-7,2.0000000E-7,1.5494100E-2,6.4970310E-2,1.2397800E-3,2.4000000E-2,2.4000000E-2,1.9800000E-2
0.0000000E+0,-9.0000000E-7,-3.0000000E-7,1.5540200E-2,6.4970310E-2,1.5020400E-3,2.4000000E-2,2.4000000E-2,1.9800000E-2
0.0000000E+0,-1.1000000E-6,-8.0000000E-7,1.5594000E-2,6.4970310E-2,1.4782000E-3,2.4000000E-2,2.4000000E-2,1.9800000E-2
0.0000000E+0,5.0000000E-7,4.0000000E-7,1.5649400E-2,6.4970310E-2,1.2874600E-3,2.4000000E-2,2.4000000E-2,1.9800000E-2
0.0000000E+0,3.0000000E-7,-5.0000000E-7,1.5693300E-2,6.4970310E-2,1.0967300E-3,2.4000000E-2,2.4000000E-2,1.9800000E-2
0.0000000E+0,1.1000000E-6,-3.0000000E-7,1.5746200E-2,6.4970310E-2,1.5497200E-3,2.4000000E-2,2.4000000E-2,1.9800000E-2
0.0000000E+0,-3.0000000E-7,2.0000000E-7,1.5793200E-2,6.4970310E-2,1.8119800E-3,2.4000000E-2,2.4000000E-2,1.9800000E-2
0.0000000E+0,5.0000000E-7,4.0000000E-7,1.5845500E-2,6.4970310E-2,1.1920900E-3,2.4000000E-2,2.4000000E-2,1.9800000E-2
0.0000000E+0,3.0000000E-7,-0.0000000E+0,1.5902000E-2,6.4970310E-2,1.1920900E-3,2.4000000E-2,2.4000000E-2,1.9800000E-2
0.0000000E+0,-1.0000000E-7,-0.0000000E+0,1.5944600E-2,6.4970310E-2,1.1920900E-3,2.4000000E-2,2.4000000E-2,1.9800000E-2
0.0000000E+0,6.0000000E-7,-1.0000000E-7,1.5994700E-2,6.4970310E-2,1.1444100E-3,2.4000000E-2,2.4000000E-2,1.9800000E-2
0.0000000E+0,-3.0000000E-7,-3.0000000E-7,1.6043200E-2,6.4970310E-2,1.0252000E-3,2.4000000E-2,2.4000000E-2,1.9800000E-2
0.0000000E+0,-7.0000000E-7,-0.0000000E+0,1.6093900E-2,6.4970310E-2,1.0013600E-3,2.4000000E-2,2.4000000E-2,1.9800000E-2
0.0000000E+0,-3.0000000E-7,1.0000000E-7,1.6140000E-2,6.4970310E-2,9.0599100E-4,2.4000000E-2,2.4000000E-2,1.9800000E-2
0.0000000E+0,-5.0000000E-7,4.0000000E-7,1.6191200E-2,6.4970310E-2,1.3351400E-3,2.4000000E-2,2.4000000E-2,1.9800000E-2
0.0000000E+0,1.0000000E-7,-5.0000000E-7,1.6246700E-2,6.4970310E-2,7.6293900E-4,2.4000000E-2,2.4000000E-2,1.9800000E-2
0.0000000E+0,8.0000000E-7,8.0000000E-7,1.6296300E-2,6.4970310E-2,1.0013600E-3,2.4000000E-2,2.4000000E-2,1.9800000E-2
0.0000000E+0,8.0000000E-7,7.0000000E-7,1.6344100E-2,6.4970310E-2,1.2159300E-3,2.4000000E-2,2.4000000E-2,1.9800000E-2
0.0000000E+0,2.0000000E-7,-1.0000000E-7,1.6393400E-2,6.4970310E-2,1.0490400E-3,2.4000000E-2,2.4000000E-2,1.9800000E-2
0.0000000E+0,-1.0000000E-7,1.0000000E-7,1.6443900E-2,6.4970310E-2,7.8678100E-4,2.4000000E-2,2.4000000E-2,1.9800000E-2
0.0000000E+0,3.0000000E-7,-5.0000000E-7,1.6488600E-2,6.4970310E-2,1.1920900E-3,2.4000000E-2,2.4000000E-2,1.9800000E-2
0.0000000E+0,-5.0000000E-7,1.0000000E-7,1.6546500E-2,6.4970310E-2,1.1920900E-3,2.4000000E-2,2.4000000E-2,1.9800000E-2
0.0000000E+0,-9.0000000E-7,7.0000000E-7,1.6591500E-2,6.4970310E-2,9.0599100E-4,2.4000000E-2,2.4000000E-2,1.9800000E-2
0.0000000E+0,1.0000000E-7,-5.0000000E-7,1.6644200E-2,6.4970310E-2,1.0252000E-3,2.4000000E-2,2.4000000E-2,1.9800000E-2
0.0000000E+0,-3.0000000E-7,-3.0000000E-7,1.6695900E-2,6.4970310E-2,1.0013600E-3,2.4000000E-2,2.4000000E-2,1.9800000E-2
0.0000000E+0,5.0000000E-7,5.0000000E-7,1.6747500E-2,6.4970310E-2,9.7751600E-4,2.4000000E-2,2.4000000E-2,1.9800000E-2
0.0000000E+0,-9.0000000E-7,2.0000000E-7,1.6797300E-2,6.4970310E-2,8.1062300E-4,2.4000000E-2,2.4000000E-2,1.9800000E-2
0.0000000E+0,-5.0000000E-7,1.0000000E-7,1.6839000E-2,6.4970310E-2,6.6757200E-4,2.4000000E-2,2.4000000E-2,1.9800000E-2
0.0000000E+0,2.0000000E-7,-0.0000000E+0,1.6891500E-2,6.4970310E-2,7.8678100E-4,2.4000000E-2,2.4000000E-2,1.9800000E-2
0.0000000E+0,-3.0000000E-7,-2.0000000E-7,1.6947000E-2,6.4970310E-2,8.3446500E-4,2.4000000E-2,2.4000000E-2,1.9800000E-2
0.0000000E+0,-6.0000000E-7,-1.0000000E-7,1.6994800E-2,6.4970310E-2,7.8678100E-4,2.4000000E-2,2.4000000E-2,1.9800000E-2
0.0000000E+0,-1.1000000E-6,1.0000000E-6,1.7044900E-2,6.4970310E-2,1.2159300E-3,2.4000000E-2,2.4000000E-2,1.9800000E-2
0.0000000E+0,7.0000000E-7,-8.0000000E-7,1.7100100E-2,6.4970310E-2,8.3446500E-4,2.4000000E-2,2.4000000E-2,1.9800000E-2
0.0000000E+0,-1.4000000E-6,2.0000000E-7,1.7142000E-2,6.4970310E-2,5.9604600E-4,2.4000000E-2,2.4000000E-2,1.9800000E-2
0.0000000E+0,1.0000000E-7,-1.3000000E-6,1.7192500E-2,6.4970310E-2,8.3446500E-4,2.4000000E-2,2.4000000E-2,1.9800000E-2
0.0000000E+0,5.0000000E-7,-1.0000000E-7,1.7243700E-2,6.4970310E-2,1.0252000E-3,2.4000000E-2,2.4000000E-2,1.9800000E-2
0.0000000E+0,7.0000000E-7,-0.0000000E+0,1.7289500E-2,6.4970310E-2,8.3446500E-4,2.4000000E-2,2.4000000E-2,1.9800000E-2
0.0000000E+0,3.0000000E-7,1.0000000E-6,1.7346300E-2,6.4970310E-2,8.1062300E-4,2.4000000E-2,2.4000000E-2,1.9800000E-2
0.0000000E+0,-4.0000000E-7,1.0000000E-7,1.7393100E-2,6.4970310E-2,9.0599100E-4,2.4000000E-2,2.4000000E-2,1.9800000E-2
0.0000000E+0,-3.0000000E-7,-1.0000000E-7,1.7445100E-2,6.4970310E-2,9.2983200E-4,2.4000000E-2,2.4000000E-2,1.9800000E-2
0.0000000E+0,-4.0000000E-7,5.0000000E-7,1.7491200E-2,6.4970310E-2,1.0252000E-3,2.4000000E-2,2.4000000E-2,1.9800000E-2
0.0000000E+0,-2.0000000E-7,1.0000000E-7,1.7546000E-2,6.4970310E-2,7.1525600E-4,2.4000000E-2,2.4000000E-2,1.9800000E-2
0.0000000E+0,-5.0000000E-7,7.0000000E-7,1.7591000E-2,6.4970310E-2,7.6293900E-4,2.4000000E-2,2.4000000E-2,1.9800000E-2
0.0000000E+0,2.0000000E-7,-6.0000000E-7,1.7647000E-2,6.4970310E-2,9.5367400E-4,2.4000000E-2,2.4000000E-2,1.9800000E-2
0.0000000E+0,-1.0000000E-7,3.0000000E-7,1.7692900E-2,6.4970310E-2,9.5367400E-4,2.4000000E-2,2.4000000E-2,1.9800000E-2
0.0000000E+0,1.1000000E-6,-2.0000000E-7,1.7745200E-2,6.4970310E-2,9.2983200E-4,2.4000000E-2,2.4000000E-2,1.9800000E-2
0.0000000E+0,-2.0000000E-7,5.0000000E-7,1.7799500E-2,6.4970310E-2,1.1205700E-3,2.4000000E-2,2.4000000E-2,1.9800000E-2
0.0000000E+0,1.0000000E-7,2.0000000E-7,1.7844300E-2,6.4970310E-2,9.2983200E-4,2.4000000E-2,2.4000000E-2,1.9800000E-2
0.0000000E+0,9.0000000E-7,-1.0000000E-7,1.7898300E-2,6.4970310E-2,6.1988800E-4,2.4000000E-2,2.4000000E-2,1.9800000E-2
0.0000000E+0,3.0000000E-7,-2.0000000E-7,1.7945500E-2,6.4970310E-2,5.0067900E-4,2.4000000E-2,2.4000000E-2,1.9800000E-2
0.0000000E+0,4.0000000E-7,1.0000000E-6,1.7999000E-2,6.4970310E-2,5.7220500E-4,2.4000000E-2,2.4000000E-2,1.9800000E-2
0.0000000E+0,4.0000000E-7,-1.0000000E-7,1.8047900E-2,6.4970310E-2,9.5367400E-4,2.4000000E-2,2.4000000E-2,1.9800000E-2
0.0000000E+0,-0.0000000E+0,1.0000000E-7,1.8091400E-2,6.4970310E-2,1.0967300E-3,2.4000000E-2,2.4000000E-2,1.9800000E-2
0.0000000E+0,-3.0000000E-7,-1.0000000E-7,1.8142800E-2,6.4970310E-2,1.1920900E-3,2.4000000E-2,2.4000000E-2,1.9800000E-2
0.0000000E+0,-1.0000000E-7,1.0000000E-7,1.8191500E-2,6.4970310E-2,8.8214900E-4,2.4000000E-2,2.4000000E-2,1.9800000E-2
0.0000000E+0,6.0000000E-7,1.0000000E-7,1.8244000E-2,6.4970310E-2,7.8678100E-4,2.4000000E-2,2.4000000E-2,1.9800000E-2
0.0000000E+0,2.0000000E-7,6.0000000E-7,1.8294800E-2,6.4970310E-2,1.0013600E-3,2.4000000E-2,2.4000000E-2,1.9800000E-2
0.0000000E+0,3.0000000E-7,-7.0000000E-7,1.8346900E-2,6.4970310E-2,1.0490400E-3,2.4000000E-2,2.4000000E-2,1.9800000E-2
0.0000000E+0,5.0000000E-7,-6.0000000E-7,1.8395900E-2,6.4970310E-2,1.2636200E-3,2.4000000E-2,2.4000000E-2,1.9800000E-2
0.0000000E+0,-9.0000000E-7,1.0000000E-7,1.8444600E-2,6.4970310E-2,1.0967300E-3,2.4000000E-2,2.4000000E-2,1.9800000E-2
0.0000000E+0,4.0000000E-7,3.0000000E-7,1.8492700E-2,6.4970310E-2,7.1525600E-4,2.4000000E-2,2.4000000E-2,1.9800000E-2
0.0000000E+0,-9.0000000E-7,5.0000000E-7,1.8548300E-2,6.4970310E-2,1.0728800E-3,2.4000000E-2,2.4000000E-2,1.9800000E-2
0.0000000E+0,3.0000000E-7,3.0000000E-7,1.8592400E-2,6.4970310E-2,8.5830700E-4,2.4000000E-2,2.4000000E-2,1.9800000E-2
0.0000000E+0,-3.0000000E-7,6.0000000E-7,1.8647100E-2,6.4970310E-2,9.5367400E-4,2.4000000E-2,2.4000000E-2,1.9800000E-2
0.0000000E+0,-5.0000000E-7,7.0000000E-7,1.8698800E-2,6.4970310E-2,9.5367400E-4,2.4000000E-2,2.4000000E-2,1.9800000E-2
0.0000000E+0,-6.0000000E-7,-1.0000000E-7,1.8746000E-2,6.4970310E-2,1.0013600E-3,2.4000000E-2,2.4000000E-2,1.9800000E-2
0.0000000E+0,9.0000000E-7,-9.0000000E-7,1.8791200E-2,6.4970310E-2,9.2983200E-4,2.4000000E-2,2.4000000E-2,1.9800000E-2
0.0000000E+0,-8.0000000E-7,-3.0000000E-7,1.8844200E-2,6.4970310E-2,1.0252000E-3,2.4000000E-2,2.4000000E-2,1.9800000E-2
0.0000000E+0,1.0000000E-7,6.0000000E-7,1.8891800E-2,6.4970310E-2,1.0728800E-3,2.4000000E-2,2.4000000E-2,1.9800000E-2
0.0000000E+0,3.0000000E-7,-1.0000000E-7,1.8943000E-2,6.4970310E-2,6.9141400E-4,2.4000000E-2,2.4000000E-2,1.9800000E-2
0.0000000E+0,-7.0000000E-7,1.0000000E-7,1.8992200E-2,6.4970310E-2,8.8214900E-4,2.4000000E-2,2.4000000E-2,1.9800000E-2
0.0000000E+0,-2.0000000E-7,-4.0000000E-7,1.9043000E-2,6.4970310E-2,9.5367400E-4,2.4000000E-2,2.4000000E-2,1.9800000E-2
0.0000000E+0,2.0000000E-7,2.0000000E-7,1.9097900E-2,6.4970310E-2,9.2983200E-4,2.4000000E-2,2.4000000E-2,1.9800000E-2
0.0000000E+0,2.0000000E-7,6.0000000E-7,1.9138700E-2,6.4970310E-2,6.4373000E-4,2.4000000E-2,2.4000000E-2,1.9800000E-2
0.0000000E+0,0.0000000E+0,1.0000000E-7,1.9193200E-2,6.4970310E-2,9.5367400E-4,2.4000000E-2,2.4000000E-2,1.9800000E-2
0.0000000E+0,8.0000000E-7,6.0000000E-7,1.9242400E-2,6.4970310E-2,1.0013600E-3,2.4000000E-2,2.4000000E-2,1.9800000E-2
0.0000000E+0,0.0000000E+0,-4.0000000E-7,1.9296000E-2,6.4970310E-2,8.8214900E-4,2.4000000E-2,2.4000000E-2,1.9800000E-2
0.0000000E+0,3.0000000E-7,3.0000000E-7,1.9343300E-2,6.4970310E-2,1.4305100E-3,2.4000000E-2,2.4000000E-2,1.9800000E-2
0.0000000E+0,-9.0000000E-7,-7.0000000E-7,1.9398600E-2,6.4970310E-2,1.2636200E-3,2.4000000E-2,2.4000000E-2,1.9800000E-2
0.0000000E+0,1.0000000E-7,-3.0000000E-7,1.9450300E-2,6.4970310E-2,9.7751600E-4,2.4000000E-2,2.4000000E-2,1.9800000E-2
0.0000000E+0,5.0000000E-7,5.0000000E-7,1.9497700E-2,6.4970310E-2,8.8214900E-4,2.4000000E-2,2.4000000E-2,1.9800000E-2
0.0000000E+0,-6.0000000E-7,-2.0000000E-7,1.9546500E-2,6.4970310E-2,9.2983200E-4,2.4000000E-2,2.4000000E-2,1.9800000E-2
0.0000000E+0,-5.0000000E-7,6.0000000E-7,1.9593500E-2,6.4970310E-2,1.0967300E-3,2.4000000E-2,2.4000000E-2,1.9800000E-2
0.0000000E+0,8.0000000E-7,-0.0000000E+0,1.9647700E-2,6.4970310E-2,1.3351400E-3,2.4000000E-2,2.4000000E-2,1.9800000E-2
0.0000000E+0,2.0000000E-7,-2.0000000E-7,1.9696500E-2,6.4970310E-2,8.3446500E-4,2.4000000E-2,2.4000000E-2,1.9800000E-2
0.0000000E+0,-4.0000000E-7,6.0000000E-7,1.9743700E-2,6.4970310E-2,5.9604600E-4,2.4000000E-2,2.4000000E-2,1.9800000E-2
0.0000000E+0,5.0000000E-7,2.0000000E-7,1.9793100E-2,6.4970310E-2,9.5367400E-4,2.4000000E-2,2.4000000E-2,1.9800000E-2
0.0000000E+0,-3.0000000E-7,-4.0000000E-7,1.9837500E-2,6.4970310E-2,1.0967300E-3,2.4000000E-2,2.4000000E-2,1.9800000E-2
0.0000000E+0,5.0000000E-7,-3.0000000E-7,1.9895700E-2,6.4970310E-2,8.8214900E-4,2.4000000E-2,2.4000000E-2,1.9800000E-2
0.0000000E+0,-4.0000000E-7,-2.0000000E-7,1.9944000E-2,6.4970310E-2,7.3909800E-4,2.4000000E-2,2.4000000E-2,1.9800000E-2
0.0000000E+0,6.0000000E-7,4.0000000E-7,1.9993400E-2,6.4970310E-2,7.3909800E-4,2.4000000E-2,2.4000000E-2,1.9800000E-2
