Idc,Bz,V_bg,Vdc_adc,dBz,
nA,T,V,mV,T/min,
0.0000000E+0,-1.4997600E-2,5.0002200E+1,6.4970310E-2,1.9800000E-2
0.0000000E+0,-1.4954900E-2,5.0002300E+1,6.4970310E-2,1.9800000E-2
0.0000000E+0,-1.4913600E-2,5.0002600E+1,6.4970310E-2,1.9800000E-2
0.0000000E+0,-1.4857800E-2,5.0002400E+1,6.4970310E-2,1.9800000E-2
0.0000000E+0,-1.4809100E-2,5.0001900E+1,6.4970310E-2,1.9800000E-2
0.0000000E+0,-1.4749900E-2,5.0001900E+1,6.4970310E-2,1.9800000E-2
0.0000000E+0,-1.4703300E-2,5.0002500E+1,6.4970310E-2,1.9800000E-2
0.0000000E+0,-1.4651000E-2,5.0002400E+1,6.4970310E-2,1.9800000E-2
0.0000000E+0,-1.4609600E-2,5.0002300E+1,6.4970310E-2,1.9800000E-2
0.0000000E+0,-1.4561500E-2,5.0002600E+1,6.4970310E-2,1.9800000E-2
0.0000000E+0,-1.4504500E-2,5.0002600E+1,6.4970310E-2,1.9800000E-2
0.0000000E+0,-1.4462200E-2,5.0002300E+1,6.4970310E-2,1.9800000E-2
0.0000000E+0,-1.4416100E-2,5.0002300E+1,6.4970310E-2,1.9800000E-2
0.0000000E+0,-1.4357400E-2,5.0002100E+1,6.4970310E-2,1.9800000E-2
0.0000000E+0,-1.4308000E-2,5.0002600E+1,6.4970310E-2,1.9800000E-2
0.0000000E+0,-1.4259700E-2,5.0002900E+1,6.4970310E-2,1.9800000E-2
0.0000000E+0,-1.4206300E-2,5.0002400E+1,6.4970310E-2,1.9800000E-2
0.0000000E+0,-1.4164100E-2,5.0002500E+1,6.4970310E-2,1.9800000E-2
0.0000000E+0,-1.4107600E-2,5.0002500E+1,6.4970310E-2,1.9800000E-2
0.0000000E+0,-1.4057300E-2,5.0002500E+1,6.4970310E-2,1.9800000E-2
0.0000000E+0,-1.4019900E-2,5.0002600E+1,6.4970310E-2,1.9800000E-2
0.0000000E+0,-1.3955600E-2,5.0002500E+1,6.4970310E-2,1.9800000E-2
0.0000000E+0,-1.3915500E-2,5.0002500E+1,6.4970310E-2,1.9800000E-2
0.0000000E+0,-1.3837300E-2,5.0002200E+1,6.4970310E-2,1.9800000E-2
0.0000000E+0,-1.3792300E-2,5.0002100E+1,6.4970310E-2,1.9800000E-2
0.0000000E+0,-1.3756000E-2,5.0002400E+1,6.4970310E-2,1.9800000E-2
0.0000000E+0,-1.3713400E-2,5.0002700E+1,6.4970310E-2,1.9800000E-2
0.0000000E+0,-1.3674200E-2,5.0002300E+1,6.4970310E-2,1.9800000E-2
0.0000000E+0,-1.3610800E-2,5.0002200E+1,6.4970310E-2,1.9800000E-2
0.0000000E+0,-1.3546800E-2,5.0002600E+1,6.4970310E-2,1.9800000E-2
0.0000000E+0,-1.3553200E-2,5.0002200E+1,6.4970310E-2,1.9800000E-2
0.0000000E+0,-1.3459200E-2,5.0002200E+1,6.4970310E-2,1.9800000E-2
0.0000000E+0,-1.3398000E-2,5.0001900E+1,6.4970310E-2,1.9800000E-2
0.0000000E+0,-1.3316300E-2,5.0001600E+1,6.4970310E-2,1.9800000E-2
0.0000000E+0,-1.3322200E-2,5.0001800E+1,6.4970310E-2,1.9800000E-2
0.0000000E+0,-1.3269900E-2,5.0002100E+1,6.4970310E-2,1.9800000E-2
0.0000000E+0,-1.3222300E-2,5.0001800E+1,6.4970310E-2,1.9800000E-2
0.0000000E+0,-1.3174000E-2,5.0001800E+1,6.4970310E-2,1.9800000E-2
0.0000000E+0,-1.3108200E-2,5.0001800E+1,6.4970310E-2,1.9800000E-2
0.0000000E+0,-1.3051600E-2,5.0002200E+1,6.4970310E-2,1.9800000E-2
0.0000000E+0,-1.3022900E-2,5.0001600E+1,6.4970310E-2,1.9800000E-2
0.0000000E+0,-1.2908500E-2,5.0001600E+1,6.4970310E-2,1.9800000E-2
0.0000000E+0,-1.2963200E-2,5.0001500E+1,6.4970310E-2,1.9800000E-2
0.0000000E+0,-1.2919300E-2,5.0001800E+1,6.4970310E-2,1.9800000E-2
0.0000000E+0,-1.2786000E-2,5.0001700E+1,6.4970310E-2,1.9800000E-2
0.0000000E+0,-1.2767500E-2,5.0002000E+1,6.4970310E-2,1.9800000E-2
0.0000000E+0,-1.2688400E-2,5.0002000E+1,6.4970310E-2,1.9800000E-2
0.0000000E+0,-1.2661900E-2,5.0002000E+1,6.4970310E-2,1.9800000E-2
0.0000000E+0,-1.2635900E-2,5.0001400E+1,6.4970310E-2,1.9800000E-2
0.0000000E+0,-1.2591600E-2,5.0001500E+1,6.4970310E-2,1.9800000E-2
0.0000000E+0,-1.2470400E-2,5.0001300E+1,6.4970310E-2,1.9800000E-2
0.0000000E+0,-1.2470600E-2,5.0002200E+1,6.4970310E-2,1.9800000E-2
0.0000000E+0,-1.2401200E-2,5.0002000E+1,6.4970310E-2,1.9800000E-2
0.0000000E+0,-1.2348200E-2,5.0002000E+1,6.4970310E-2,1.9800000E-2
0.0000000E+0,-1.2134400E-2,5.0002100E+1,6.4970310E-2,1.9800000E-2
0.0000000E+0,-1.2149500E-2,5.0001700E+1,6.4970310E-2,1.9800000E-2
0.0000000E+0,-1.2139900E-2,5.0001600E+1,6.4970310E-2,1.9800000E-2
0.0000000E+0,-1.1996800E-2,5.0001600E+1,6.4970310E-2,1.9800000E-2
0.0000000E+0,-1.1958200E-2,5.0001500E+1,6.4970310E-2,1.9800000E-2
0.0000000E+0,-1.1948300E-2,5.0001600E+1,6.4970310E-2,1.9800000E-2
0.0000000E+0,-1.1781200E-2,5.0001700E+1,6.4970310E-2,1.9800000E-2
0.0000000E+0,-1.1730200E-2,5.0001500E+1,6.4970310E-2,1.9800000E-2
0.0000000E+0,-1.1732400E-2,5.0001800E+1,6.4970310E-2,1.9800000E-2
0.0000000E+0,-1.1692500E-2,5.0001800E+1,6.4970310E-2,1.9800000E-2
0.0000000E+0,-1.1651500E-2,5.0001900E+1,6.4970310E-2,1.9800000E-2
0.0000000E+0,-1.1605400E-2,5.0002100E+1,6.4970310E-2,1.9800000E-2
0.0000000E+0,-1.1537600E-2,5.0001600E+1,6.4970310E-2,1.9800000E-2
0.0000000E+0,-1.1456300E-2,5.0001800E+1,6.4970310E-2,1.9800000E-2
0.0000000E+0,-1.1401800E-2,5.0001800E+1,6.4970310E-2,1.9800000E-2
0.0000000E+0,-1.1370900E-2,5.0001900E+1,6.4970310E-2,1.9800000E-2
0.0000000E+0,-1.1347500E-2,5.0001800E+1,6.4970310E-2,1.9800000E-2
0.0000000E+0,-1.1247300E-2,5.0001700E+1,6.4970310E-2,1.9800000E-2
0.0000000E+0,-1.1213600E-2,5.0001600E+1,6.4970310E-2,1.9800000E-2
0.0000000E+0,-1.1187200E-2,5.0001800E+1,6.4970310E-2,1.9800000E-2
0.0000000E+0,-1.1065300E-2,5.0001900E+1,6.4970310E-2,1.9800000E-2
0.0000000E+0,-1.1153800E-2,5.0001400E+1,6.4970310E-2,1.9800000E-2
0.0000000E+0,-1.0896300E-2,5.0001600E+1,6.4970310E-2,1.9800000E-2
0.0000000E+0,-1.0906500E-2,5.0001600E+1,6.4970310E-2,1.9800000E-2
0.0000000E+0,-1.0844900E-2,5.0001600E+1,6.4970310E-2,1.9800000E-2
0.0000000E+0,-1.0711900E-2,5.0000900E+1,6.4970310E-2,1.9800000E-2
0.0000000E+0,-1.0868100E-2,5.0001400E+1,6.4970310E-2,1.9800000E-2
0.0000000E+0,-1.0685700E-2,5.0001200E+1,6.4970310E-2,1.9800000E-2
0.0000000E+0,-1.0598400E-2,5.0001000E+1,6.4970310E-2,1.9800000E-2
0.0000000E+0,-1.0537200E-2,5.0001100E+1,6.4970310E-2,1.9800000E-2
0.0000000E+0,-1.0501300E-2,5.0001300E+1,6.4970310E-2,1.9800000E-2
0.0000000E+0,-1.0449200E-2,5.0001100E+1,6.4970310E-2,1.9800000E-2
0.0000000E+0,-1.0319400E-2,5.0001100E+1,6.4970310E-2,1.9800000E-2
0.0000000E+0,-1.0255300E-2,5.0001400E+1,6.4970310E-2,1.9800000E-2
0.0000000E+0,-1.0304800E-2,5.0001400E+1,6.4970310E-2,1.9800000E-2
0.0000000E+0,-1.0218800E-2,5.0001500E+1,6.4970310E-2,1.9800000E-2
0.0000000E+0,-1.0162900E-2,5.0001400E+1,6.4970310E-2,1.9800000E-2
0.0000000E+0,-1.0088900E-2,5.0001600E+1,6.4970310E-2,1.9800000E-2
0.0000000E+0,-1.0067400E-2,5.0001500E+1,6.4970310E-2,1.9800000E-2
0.0000000E+0,-1.0003100E-2,5.0001100E+1,6.4970310E-2,1.9800000E-2
0.0000000E+0,-9.9462000E-3,5.0001400E+1,6.4970310E-2,1.9800000E-2
0.0000000E+0,-9.9192000E-3,5.0001000E+1,6.4970310E-2,1.9800000E-2
0.0000000E+0,-9.8318000E-3,5.0001500E+1,6.4970310E-2,1.9800000E-2
0.0000000E+0,-9.9081000E-3,5.0001000E+1,6.4970310E-2,1.9800000E-2
0.0000000E+0,-9.7454000E-3,5.0001200E+1,6.4970310E-2,1.9800000E-2
0.0000000E+0,-9.7789000E-3,5.0001000E+1,6.4970310E-2,1.9800000E-2
0.0000000E+0,-9.6709000E-3,5.0000500E+1,6.4970310E-2,1.9800000E-2
0.0000000E+0,-9.6291000E-3,5.0000500E+1,6.4970310E-2,1.9800000E-2
0.0000000E+0,-9.6173000E-3,5.0000800E+1,6.4970310E-2,1.9800000E-2
0.0000000E+0,-9.5440000E-3,5.0000800E+1,6.4970310E-2,1.9800000E-2
0.0000000E+0,-9.4813000E-3,5.0001000E+1,6.4970310E-2,1.9800000E-2
0.0000000E+0,-9.3687000E-3,5.0000800E+1,6.4970310E-2,1.9800000E-2
0.0000000E+0,-9.4221000E-3,5.0000500E+1,6.4970310E-2,1.9800000E-2
0.0000000E+0,-9.2628000E-3,5.0000900E+1,6.4970310E-2,1.9800000E-2
0.0000000E+0,-9.2882000E-3,5.0000900E+1,6.4970310E-2,1.9800000E-2
0.0000000E+0,-9.2118000E-3,5.0001100E+1,6.4970310E-2,1.9800000E-2
0.0000000E+0,-9.1586000E-3,5.0000700E+1,6.4970310E-2,1.9800000E-2
0.0000000E+0,-9.1400000E-3,5.0000400E+1,6.4970310E-2,1.9800000E-2
0.0000000E+0,-9.0566000E-3,5.0000800E+1,6.4970310E-2,1.9800000E-2
0.0000000E+0,-9.0274000E-3,5.0000700E+1,6.4970310E-2,1.9800000E-2
0.0000000E+0,-8.9368000E-3,5.0000500E+1,6.4970310E-2,1.9800000E-2
0.0000000E+0,-8.9111000E-3,5.0000700E+1,6.4970310E-2,1.9800000E-2
0.0000000E+0,-8.8483000E-3,5.0000500E+1,6.4970310E-2,1.9800000E-2
0.0000000E+0,-8.7982000E-3,5.0000800E+1,6.4970310E-2,1.9800000E-2
0.0000000E+0,-8.7703000E-3,5.0000200E+1,6.4970310E-2,1.9800000E-2
0.0000000E+0,-8.7371000E-3,5.0000700E+1,6.4970310E-2,1.9800000E-2
0.0000000E+0,-8.6580000E-3,5.0000500E+1,6.4970310E-2,1.9800000E-2
0.0000000E+0,-8.5999000E-3,5.0000500E+1,6.4970310E-2,1.9800000E-2
0.0000000E+0,-8.5815000E-3,5.0000400E+1,6.4970310E-2,1.9800000E-2
0.0000000E+0,-8.5334000E-3,5.0000300E+1,6.4970310E-2,1.9800000E-2
0.0000000E+0,-8.4650000E-3,5.0000500E+1,6.4970310E-2,1.9800000E-2
0.0000000E+0,-8.4027000E-3,5.0000800E+1,6.4970310E-2,1.9800000E-2
0.0000000E+0,-8.3630000E-3,5.0000400E+1,6.4970310E-2,1.9800000E-2
0.0000000E+0,-8.3216000E-3,5.0000500E+1,6.4970310E-2,1.9800000E-2
0.0000000E+0,-8.2648000E-3,5.0000700E+1,6.4970310E-2,1.9800000E-2
0.0000000E+0,-8.2048000E-3,5.0001000E+1,6.4970310E-2,1.9800000E-2
0.0000000E+0,-8.1571000E-3,5.0000800E+1,6.4970310E-2,1.9800000E-2
0.0000000E+0,-8.0960000E-3,5.0000900E+1,6.4970310E-2,1.9800000E-2
0.0000000E+0,-8.0534000E-3,5.0000800E+1,6.4970310E-2,1.9800000E-2
0.0000000E+0,-8.0237000E-3,5.0000700E+1,6.4970310E-2,1.9800000E-2
0.0000000E+0,-7.9725000E-3,5.0000600E+1,6.4970310E-2,1.9800000E-2
0.0000000E+0,-7.9127000E-3,5.0000500E+1,6.4970310E-2,1.9800000E-2
0.0000000E+0,-7.8557000E-3,5.0000600E+1,6.4970310E-2,1.9800000E-2
0.0000000E+0,-7.8176000E-3,5.0000600E+1,6.4970310E-2,1.9800000E-2
0.0000000E+0,-7.7604000E-3,5.0000700E+1,6.4970310E-2,1.9800000E-2
0.0000000E+0,-7.7134000E-3,5.0000900E+1,6.4970310E-2,1.9800000E-2
0.0000000E+0,-7.6587000E-3,5.0000800E+1,6.4970310E-2,1.9800000E-2
0.0000000E+0,-7.6064000E-3,5.0000600E+1,6.4970310E-2,1.9800000E-2
0.0000000E+0,-7.5554000E-3,5.0000500E+1,6.4970310E-2,1.9800000E-2
0.0000000E+0,-7.5045000E-3,5.0000500E+1,6.4970310E-2,1.9800000E-2
0.0000000E+0,-7.4548000E-3,5.0000800E+1,6.4970310E-2,1.9800000E-2
0.0000000E+0,-7.4092000E-3,5.0001000E+1,6.4970310E-2,1.9800000E-2
0.0000000E+0,-7.3595000E-3,5.0000700E+1,6.4970310E-2,1.9800000E-2
0.0000000E+0,-7.3108000E-3,5.0000900E+1,6.4970310E-2,1.9800000E-2
0.0000000E+0,-7.2571000E-3,5.0000600E+1,6.4970310E-2,1.9800000E-2
0.0000000E+0,-7.2086000E-3,5.0000600E+1,6.4970310E-2,1.9800000E-2
0.0000000E+0,-7.1561000E-3,5.0000600E+1,6.4970310E-2,1.9800000E-2
0.0000000E+0,-7.1135000E-3,5.0000700E+1,6.4970310E-2,1.9800000E-2
0.0000000E+0,-7.0528000E-3,5.0000300E+1,6.4970310E-2,1.9800000E-2
0.0000000E+0,-7.0065000E-3,5.0000500E+1,6.4970310E-2,1.9800000E-2
0.0000000E+0,-6.9536000E-3,5.0000500E+1,6.4970310E-2,1.9800000E-2
0.0000000E+0,-6.9123000E-3,5.0000800E+1,6.4970310E-2,1.9800000E-2
0.0000000E+0,-6.8582000E-3,5.0000900E+1,6.4970310E-2,1.9800000E-2
0.0000000E+0,-6.8084000E-3,5.0000500E+1,6.4970310E-2,1.9800000E-2
0.0000000E+0,-6.7567000E-3,5.0000700E+1,6.4970310E-2,1.9800000E-2
0.0000000E+0,-6.7095000E-3,5.0000900E+1,6.4970310E-2,1.9800000E-2
0.0000000E+0,-6.6535000E-3,5.0000800E+1,6.4970310E-2,1.9800000E-2
0.0000000E+0,-6.6054000E-3,5.0000600E+1,6.4970310E-2,1.9800000E-2
0.0000000E+0,-6.5558000E-3,5.0000700E+1,6.4970310E-2,1.9800000E-2
0.0000000E+0,-6.5030000E-3,5.0000900E+1,6.4970310E-2,1.9800000E-2
0.0000000E+0,-6.4587000E-3,5.0000800E+1,6.4970310E-2,1.9800000E-2
0.0000000E+0,-6.4000000E-3,5.0000700E+1,6.4970310E-2,1.9800000E-2
0.0000000E+0,-6.3583000E-3,5.0000400E+1,6.4970310E-2,1.9800000E-2
0.0000000E+0,-6.3075000E-3,5.0001000E+1,6.4970310E-2,1.9800000E-2
0.0000000E+0,-6.2570000E-3,5.0000600E+1,6.4970310E-2,1.9800000E-2
0.0000000E+0,-6.2054000E-3,5.0001000E+1,6.4970310E-2,1.9800000E-2
0.0000000E+0,-6.1600000E-3,5.0000600E+1,6.4970310E-2,1.9800000E-2
0.0000000E+0,-6.1105000E-3,5.0000500E+1,6.4970310E-2,1.9800000E-2
0.0000000E+0,-6.0542000E-3,5.0000400E+1,6.4970310E-2,1.9800000E-2
0.0000000E+0,-6.0092000E-3,5.0001000E+1,6.4970310E-2,1.9800000E-2
0.0000000E+0,-5.9525000E-3,5.0000800E+1,6.4970310E-2,1.9800000E-2
0.0000000E+0,-5.9064000E-3,5.0000800E+1,6.4970310E-2,1.9800000E-2
0.0000000E+0,-5.8579000E-3,5.0000200E+1,6.4970310E-2,1.9800000E-2
0.0000000E+0,-5.8072000E-3,5.0000800E+1,6.4970310E-2,1.9800000E-2
0.0000000E+0,-5.7562000E-3,5.0000300E+1,6.4970310E-2,1.9800000E-2
0.0000000E+0,-5.7076000E-3,5.0000900E+1,6.4970310E-2,1.9800000E-2
0.0000000E+0,-5.6593000E-3,5.0000700E+1,6.4970310E-2,1.9800000E-2
0.0000000E+0,-5.6099000E-3,5.0000900E+1,6.4970310E-2,1.9800000E-2
0.0000000E+0,-5.5591000E-3,5.0000800E+1,6.4970310E-2,1.9800000E-2
0.0000000E+0,-5.5058000E-3,5.0000700E+1,6.4970310E-2,1.9800000E-2
0.0000000E+0,-5.4535000E-3,5.0000600E+1,6.4970310E-2,1.9800000E-2
0.0000000E+0,-5.4085000E-3,5.0000300E+1,6.4970310E-2,1.9800000E-2
0.0000000E+0,-5.3570000E-3,5.0000600E+1,6.4970310E-2,1.9800000E-2
0.0000000E+0,-5.3079000E-3,5.0000200E+1,6.4970310E-2,1.9800000E-2
0.0000000E+0,-5.2578000E-3,5.0000700E+1,6.4970310E-2,1.9800000E-2
0.0000000E+0,-5.2072000E-3,5.0000700E+1,6.4970310E-2,1.9800000E-2
0.0000000E+0,-5.1576000E-3,5.0000700E+1,6.4970310E-2,1.9800000E-2
0.0000000E+0,-5.1062000E-3,5.0000700E+1,6.4970310E-2,1.9800000E-2
0.0000000E+0,-5.0501000E-3,5.0000600E+1,6.4970310E-2,1.9800000E-2
0.0000000E+0,-5.0095000E-3,5.0000800E+1,6.4970310E-2,1.9800000E-2
0.0000000E+0,-4.9599000E-3,5.0000500E+1,6.4970310E-2,1.9800000E-2
0.0000000E+0,-4.9049000E-3,5.0000600E+1,6.4970310E-2,1.9800000E-2
0.0000000E+0,-4.8558000E-3,5.0000700E+1,6.4970310E-2,1.9800000E-2
0.0000000E+0,-4.8059000E-3,5.0000600E+1,6.4970310E-2,1.9800000E-2
0.0000000E+0,-4.7607000E-3,5.0000500E+1,6.4970310E-2,1.9800000E-2
0.0000000E+0,-4.7071000E-3,5.0000900E+1,6.4970310E-2,1.9800000E-2
0.0000000E+0,-4.6579000E-3,5.0000500E+1,6.4970310E-2,1.9800000E-2
0.0000000E+0,-4.6049000E-3,5.0000400E+1,6.4970310E-2,1.9800000E-2
0.0000000E+0,-4.5552000E-3,5.0000200E+1,6.4970310E-2,1.9800000E-2
0.0000000E+0,-4.5050000E-3,5.0000500E+1,6.4970310E-2,1.9800000E-2
0.0000000E+0,-4.4504000E-3,5.0000700E+1,6.4970310E-2,1.9800000E-2
0.0000000E+0,-4.4074000E-3,5.0000900E+1,6.4970310E-2,1.9800000E-2
0.0000000E+0,-4.3618000E-3,5.0000500E+1,6.4970310E-2,1.9800000E-2
0.0000000E+0,-4.3112000E-3,5.0000500E+1,6.4970310E-2,1.9800000E-2
0.0000000E+0,-4.2609000E-3,5.0000600E+1,6.4970310E-2,1.9800000E-2
0.0000000E+0,-4.2020000E-3,5.0000400E+1,6.4970310E-2,1.9800000E-2
0.0000000E+0,-4.1535000E-3,5.0000400E+1,6.4970310E-2,1.9800000E-2
0.0000000E+0,-4.1087000E-3,5.0000300E+1,6.4970310E-2,1.9800000E-2
0.0000000E+0,-4.0582000E-3,5.0000600E+1,6.4970310E-2,1.9800000E-2
0.0000000E+0,-4.0056000E-3,5.0000600E+1,6.4970310E-2,1.9800000E-2
0.0000000E+0,-3.9567000E-3,5.0000800E+1,6.4970310E-2,1.9800000E-2
0.0000000E+0,-3.9093000E-3,5.0000700E+1,6.4970310E-2,1.9800000E-2
0.0000000E+0,-3.8570000E-3,5.0000800E+1,6.4970310E-2,1.9800000E-2
0.0000000E+0,-3.8077000E-3,5.0000500E+1,6.4970310E-2,1.9800000E-2
0.0000000E+0,-3.7568000E-3,5.0000700E+1,6.4970310E-2,1.9800000E-2
0.0000000E+0,-3.7102000E-3,5.0000600E+1,6.4970310E-2,1.9800000E-2
0.0000000E+0,-3.6588000E-3,5.0000400E+1,6.4970310E-2,1.9800000E-2
0.0000000E+0,-3.6067000E-3,5.0000700E+1,6.4970310E-2,1.9800000E-2
0.0000000E+0,-3.5545000E-3,5.0000500E+1,6.4970310E-2,1.9800000E-2
0.0000000E+0,-3.5050000E-3,5.0000300E+1,6.4970310E-2,1.9800000E-2
0.0000000E+0,-3.4569000E-3,5.0000500E+1,6.4970310E-2,1.9800000E-2
0.0000000E+0,-3.4128000E-3,5.0000400E+1,6.4970310E-2,1.9800000E-2
0.0000000E+0,-3.3574000E-3,5.0000400E+1,6.4970310E-2,1.9800000E-2
0.0000000E+0,-3.3074000E-3,5.0000400E+1,6.4970310E-2,1.9800000E-2
0.0000000E+0,-3.2595000E-3,5.0000500E+1,6.4970310E-2,1.9800000E-2
0.0000000E+0,-3.2118000E-3,5.0000300E+1,6.4970310E-2,1.9800000E-2
0.0000000E+0,-3.1587000E-3,5.0000200E+1,6.4970310E-2,1.9800000E-2
0.0000000E+0,-3.1066000E-3,5.0000400E+1,6.4970310E-2,1.9800000E-2
0.0000000E+0,-3.0540000E-3,5.0000000E+1,6.4970310E-2,1.9800000E-2
0.0000000E+0,-3.0082000E-3,5.0000400E+1,6.4970310E-2,1.9800000E-2
0.0000000E+0,-2.9537000E-3,5.0000200E+1,6.4970310E-2,1.9800000E-2
0.0000000E+0,-2.9038000E-3,5.0000600E+1,6.4970310E-2,1.9800000E-2
0.0000000E+0,-2.8506000E-3,5.0000500E+1,6.4970310E-2,1.9800000E-2
0.0000000E+0,-2.8081000E-3,4.9999900E+1,6.4970310E-2,1.9800000E-2
0.0000000E+0,-2.7560000E-3,5.0000100E+1,6.4970310E-2,1.9800000E-2
0.0000000E+0,-2.7119000E-3,5.0000500E+1,6.4970310E-2,1.9800000E-2
0.0000000E+0,-2.6569000E-3,5.0000200E+1,6.4970310E-2,1.9800000E-2
0.0000000E+0,-2.6068000E-3,5.0000400E+1,6.4970310E-2,1.9800000E-2
0.0000000E+0,-2.5570000E-3,5.0000100E+1,6.4970310E-2,1.9800000E-2
0.0000000E+0,-2.5093000E-3,5.0000200E+1,6.4970310E-2,1.9800000E-2
0.0000000E+0,-2.4561000E-3,5.0000100E+1,6.4970310E-2,1.9800000E-2
0.0000000E+0,-2.4023000E-3,4.9999900E+1,6.4970310E-2,1.9800000E-2
0.0000000E+0,-2.3551000E-3,5.0000000E+1,6.4970310E-2,1.9800000E-2
0.0000000E+0,-2.3072000E-3,5.0000400E+1,6.4970310E-2,1.9800000E-2
0.0000000E+0,-2.2587000E-3,5.0000400E+1,6.4970310E-2,1.9800000E-2
0.0000000E+0,-2.2071000E-3,5.0000600E+1,6.4970310E-2,1.9800000E-2
0.0000000E+0,-2.1536000E-3,5.0000500E+1,6.4970310E-2,1.9800000E-2
0.0000000E+0,-2.0951000E-3,5.0000100E+1,6.4970310E-2,1.9800000E-2
0.0000000E+0,-2.0606000E-3,5.0000200E+1,6.4970310E-2,1.9800000E-2
0.0000000E+0,-2.0080000E-3,5.0000000E+1,6.4970310E-2,1.9800000E-2
0.0000000E+0,-1.9542000E-3,5.0000400E+1,6.4970310E-2,1.9800000E-2
0.0000000E+0,-1.9083000E-3,5.0000300E+1,6.4970310E-2,1.9800000E-2
0.0000000E+0,-1.8647000E-3,5.0000400E+1,6.4970310E-2,1.9800000E-2
0.0000000E+0,-1.8121000E-3,5.0000400E+1,6.4970310E-2,1.9800000E-2
0.0000000E+0,-1.7536000E-3,5.0000500E+1,6.4970310E-2,1.9800000E-2
0.0000000E+0,-1.7069000E-3,5.0000400E+1,6.4970310E-2,1.9800000E-2
0.0000000E+0,-1.6608000E-3,5.0000500E+1,6.4970310E-2,1.9800000E-2
0.0000000E+0,-1.6180000E-3,5.0000100E+1,6.4970310E-2,1.9800000E-2
0.0000000E+0,-1.5601000E-3,5.0000100E+1,6.4970310E-2,1.9800000E-2
0.0000000E+0,-1.5059000E-3,5.0000700E+1,6.4970310E-2,1.9800000E-2
0.0000000E+0,-1.4611000E-3,5.0000600E+1,6.4970310E-2,1.9800000E-2
0.0000000E+0,-1.4048000E-3,5.0000700E+1,6.4970310E-2,1.9800000E-2
0.0000000E+0,-1.3656000E-3,5.0000500E+1,6.4970310E-2,1.9800000E-2
0.0000000E+0,-1.3120000E-3,5.0000400E+1,6.4970310E-2,1.9800000E-2
0.0000000E+0,-1.2661000E-3,5.0001000E+1,6.4970310E-2,1.9800000E-2
0.0000000E+0,-1.2038000E-3,5.0000800E+1,6.4970310E-2,1.9800000E-2
0.0000000E+0,-1.1608000E-3,5.0000600E+1,6.4970310E-2,1.9800000E-2
0.0000000E+0,-1.1089000E-3,5.0000900E+1,6.4970310E-2,1.9800000E-2
0.0000000E+0,-1.0598000E-3,5.0000700E+1,6.4970310E-2,1.9800000E-2
0.0000000E+0,-1.0055000E-3,5.0000500E+1,6.4970310E-2,1.9800000E-2
0.0000000E+0,-9.5870000E-4,5.0000500E+1,6.4970310E-2,1.9800000E-2
0.0000000E+0,-9.0790000E-4,5.0000700E+1,6.4970310E-2,1.9800000E-2
0.0000000E+0,-8.5920000E-4,5.0000800E+1,6.4970310E-2,1.9800000E-2
0.0000000E+0,-8.0580000E-4,5.0000700E+1,6.4970310E-2,1.9800000E-2
0.0000000E+0,-7.5570000E-4,5.0000300E+1,6.4970310E-2,1.9800000E-2
0.0000000E+0,-7.0960000E-4,5.0000500E+1,6.4970310E-2,1.9800000E-2
0.0000000E+0,-6.5160000E-4,5.0000600E+1,6.4970310E-2,1.9800000E-2
0.0000000E+0,-6.0850000E-4,5.0000800E+1,6.4970310E-2,1.9800000E-2
0.0000000E+0,-5.5600000E-4,5.0000600E+1,6.4970310E-2,1.9800000E-2
0.0000000E+0,-5.0900000E-4,5.0000500E+1,6.4970310E-2,1.9800000E-2
0.0000000E+0,-4.5680000E-4,5.0000600E+1,6.4970310E-2,1.9800000E-2
0.0000000E+0,-4.0330000E-4,5.0000800E+1,6.4970310E-2,1.9800000E-2
0.0000000E+0,-3.5970000E-4,5.0000600E+1,6.4970310E-2,1.9800000E-2
0.0000000E+0,-3.0520000E-4,5.0000400E+1,6.4970310E-2,1.9800000E-2
0.0000000E+0,-2.5680000E-4,5.0000500E+1,6.4970310E-2,1.9800000E-2
0.0000000E+0,-2.0940000E-4,5.0000700E+1,6.4970310E-2,1.9800000E-2
0.0000000E+0,-1.5250000E-4,5.0000900E+1,6.4970310E-2,1.9800000E-2
0.0000000E+0,-1.0660000E-4,5.0000400E+1,6.4970310E-2,1.9800000E-2
0.0000000E+0,-5.5800000E-5,5.0000500E+1,6.4970310E-2,1.9800000E-2
0.0000000E+0,-5.5000000E-6,5.0000100E+1,6.4970310E-2,1.9800000E-2
0.0000000E+0,4.4500000E-5,5.0000500E+1,6.4970310E-2,1.9800000E-2
0.0000000E+0,9.4200000E-5,5.0000300E+1,6.4970310E-2,1.9800000E-2
0.0000000E+0,1.4410000E-4,5.0000600E+1,6.4970310E-2,1.9800000E-2
0.0000000E+0,1.9830000E-4,5.0000400E+1,6.4970310E-2,1.9800000E-2
0.0000000E+0,2.3940000E-4,5.0000800E+1,6.4970310E-2,1.9800000E-2
0.0000000E+0,2.9900000E-4,5.0000500E+1,6.4970310E-2,1.9800000E-2
0.0000000E+0,3.4200000E-4,5.0000400E+1,6.4970310E-2,1.9800000E-2
0.0000000E+0,3.9140000E-4,5.0000500E+1,6.4970310E-2,1.9800000E-2
0.0000000E+0,4.4850000E-4,5.0000200E+1,6.4970310E-2,1.9800000E-2
0.0000000E+0,4.9260000E-4,5.0000500E+1,6.4970310E-2,1.9800000E-2
0.0000000E+0,5.4340000E-4,5.0000400E+1,6.4970310E-2,1.9800000E-2
0.0000000E+0,5.9100000E-4,5.0000400E+1,6.4970310E-2,1.9800000E-2
0.0000000E+0,6.4070000E-4,5.0000700E+1,6.4970310E-2,1.9800000E-2
0.0000000E+0,6.9920000E-4,5.0000700E+1,6.4970310E-2,1.9800000E-2
0.0000000E+0,7.4260000E-4,5.0000400E+1,6.4970310E-2,1.9800000E-2
0.0000000E+0,7.8980000E-4,5.0000100E+1,6.4970310E-2,1.9800000E-2
0.0000000E+0,8.4300000E-4,5.0000100E+1,6.4970310E-2,1.9800000E-2
0.0000000E+0,8.9670000E-4,5.0000300E+1,6.4970310E-2,1.9800000E-2
0.0000000E+0,9.4270000E-4,5.0000300E+1,6.4970310E-2,1.9800000E-2
0.0000000E+0,9.9130000E-4,5.0000300E+1,6.4970310E-2,1.9800000E-2
0.0000000E+0,1.0434000E-3,5.0000400E+1,6.4970310E-2,1.9800000E-2
0.0000000E+0,1.0945000E-3,5.0000100E+1,6.4970310E-2,1.9800000E-2
0.0000000E+0,1.1387000E-3,5.0000300E+1,6.4970310E-2,1.9800000E-2
0.0000000E+0,1.1932000E-3,5.0000800E+1,6.4970310E-2,1.9800000E-2
0.0000000E+0,1.2470000E-3,5.0000000E+1,6.4970310E-2,1.9800000E-2
0.0000000E+0,1.2962000E-3,5.0000200E+1,6.4970310E-2,1.9800000E-2
0.0000000E+0,1.3459000E-3,5.0000000E+1,6.4970310E-2,1.9800000E-2
0.0000000E+0,1.3970000E-3,5.0000600E+1,6.4970310E-2,1.9800000E-2
0.0000000E+0,1.4436000E-3,5.0000600E+1,6.4970310E-2,1.9800000E-2
0.0000000E+0,1.4963000E-3,4.9999900E+1,6.4970310E-2,1.9800000E-2
0.0000000E+0,1.5464000E-3,5.0000400E+1,6.4970310E-2,1.9800000E-2
0.0000000E+0,1.5938000E-3,5.0000200E+1,6.4970310E-2,1.9800000E-2
0.0000000E+0,1.6428000E-3,5.0000500E+1,6.4970310E-2,1.9800000E-2
0.0000000E+0,1.6951000E-3,5.0000300E+1,6.4970310E-2,1.9800000E-2
0.0000000E+0,1.7459000E-3,5.0000500E+1,6.4970310E-2,1.9800000E-2
0.0000000E+0,1.7926000E-3,5.0000800E+1,6.4970310E-2,1.9800000E-2
0.0000000E+0,1.8425000E-3,5.0000600E+1,6.4970310E-2,1.9800000E-2
0.0000000E+0,1.8917000E-3,5.0000500E+1,6.4970310E-2,1.9800000E-2
0.0000000E+0,1.9393000E-3,5.0000500E+1,6.4970310E-2,1.9800000E-2
0.0000000E+0,1.9918000E-3,5.0000500E+1,6.4970310E-2,1.9800000E-2
0.0000000E+0,2.0439000E-3,5.0000400E+1,6.4970310E-2,1.9800000E-2
0.0000000E+0,2.1011000E-3,5.0000200E+1,6.4970310E-2,1.9800000E-2
0.0000000E+0,2.1434000E-3,5.0000100E+1,6.4970310E-2,1.9800000E-2
0.0000000E+0,2.1922000E-3,5.0000300E+1,6.4970310E-2,1.9800000E-2
0.0000000E+0,2.2430000E-3,5.0000400E+1,6.4970310E-2,1.9800000E-2
0.0000000E+0,2.2968000E-3,5.0000400E+1,6.4970310E-2,1.9800000E-2
0.0000000E+0,2.3424000E-3,5.0000500E+1,6.4970310E-2,1.9800000E-2
0.0000000E+0,2.3912000E-3,5.0000400E+1,6.4970310E-2,1.9800000E-2
0.0000000E+0,2.4422000E-3,5.0000600E+1,6.4970310E-2,1.9800000E-2
0.0000000E+0,2.4929000E-3,5.0000300E+1,6.4970310E-2,1.9800000E-2
0.0000000E+0,2.5439000E-3,5.0000200E+1,6.4970310E-2,1.9800000E-2
0.0000000E+0,2.5931000E-3,5.0000200E+1,6.4970310E-2,1.9800000E-2
0.0000000E+0,2.6474000E-3,5.0000400E+1,6.4970310E-2,1.9800000E-2
0.0000000E+0,2.6946000E-3,5.0000600E+1,6.4970310E-2,1.9800000E-2
0.0000000E+0,2.7422000E-3,5.0000200E+1,6.4970310E-2,1.9800000E-2
0.0000000E+0,2.7947000E-3,5.0000300E+1,6.4970310E-2,1.9800000E-2
0.0000000E+0,2.8473000E-3,5.0000100E+1,6.4970310E-2,1.9800000E-2
0.0000000E+0,2.8916000E-3,5.0000200E+1,6.4970310E-2,1.9800000E-2
0.0000000E+0,2.9435000E-3,5.0000500E+1,6.4970310E-2,1.9800000E-2
0.0000000E+0,2.9951000E-3,5.0000500E+1,6.4970310E-2,1.9800000E-2
0.0000000E+0,3.0478000E-3,5.0000400E+1,6.4970310E-2,1.9800000E-2
0.0000000E+0,3.0886000E-3,5.0000300E+1,6.4970310E-2,1.9800000E-2
0.0000000E+0,3.1425000E-3,5.0000400E+1,6.4970310E-2,1.9800000E-2
0.0000000E+0,3.1968000E-3,5.0000400E+1,6.4970310E-2,1.9800000E-2
0.0000000E+0,3.2391000E-3,5.0000200E+1,6.4970310E-2,1.9800000E-2
0.0000000E+0,3.2934000E-3,5.0000400E+1,6.4970310E-2,1.9800000E-2
0.0000000E+0,3.3393000E-3,5.0000400E+1,6.4970310E-2,1.9800000E-2
0.0000000E+0,3.3940000E-3,5.0000500E+1,6.4970310E-2,1.9800000E-2
0.0000000E+0,3.4421000E-3,5.0000400E+1,6.4970310E-2,1.9800000E-2
0.0000000E+0,3.4993000E-3,5.0000800E+1,6.4970310E-2,1.9800000E-2
0.0000000E+0,3.5453000E-3,5.0000800E+1,6.4970310E-2,1.9800000E-2
0.0000000E+0,3.5935000E-3,5.0000500E+1,6.4970310E-2,1.9800000E-2
0.0000000E+0,3.6384000E-3,5.0000700E+1,6.4970310E-2,1.9800000E-2
0.0000000E+0,3.6910000E-3,5.0000400E+1,6.4970310E-2,1.9800000E-2
0.0000000E+0,3.7466000E-3,5.0000600E+1,6.4970310E-2,1.9800000E-2
0.0000000E+0,3.7953000E-3,5.0000500E+1,6.4970310E-2,1.9800000E-2
0.0000000E+0,3.8443000E-3,5.0000400E+1,6.4970310E-2,1.9800000E-2
0.0000000E+0,3.8926000E-3,5.0000200E+1,6.4970310E-2,1.9800000E-2
0.0000000E+0,3.9414000E-3,5.0000700E+1,6.4970310E-2,1.9800000E-2
0.0000000E+0,3.9939000E-3,5.0000500E+1,6.4970310E-2,1.9800000E-2
0.0000000E+0,4.0367000E-3,5.0000300E+1,6.4970310E-2,1.9800000E-2
0.0000000E+0,4.0947000E-3,5.0000500E+1,6.4970310E-2,1.9800000E-2
0.0000000E+0,4.1437000E-3,5.0000900E+1,6.4970310E-2,1.9800000E-2
0.0000000E+0,4.1985000E-3,5.0000600E+1,6.4970310E-2,1.9800000E-2
0.0000000E+0,4.2501000E-3,5.0000600E+1,6.4970310E-2,1.9800000E-2
0.0000000E+0,4.2909000E-3,5.0000500E+1,6.4970310E-2,1.9800000E-2
0.0000000E+0,4.3427000E-3,5.0000600E+1,6.4970310E-2,1.9800000E-2
0.0000000E+0,4.3946000E-3,5.0000700E+1,6.4970310E-2,1.9800000E-2
0.0000000E+0,4.4416000E-3,5.0000800E+1,6.4970310E-2,1.9800000E-2
0.0000000E+0,4.4959000E-3,5.0000800E+1,6.4970310E-2,1.9800000E-2
0.0000000E+0,4.5406000E-3,5.0000300E+1,6.4970310E-2,1.9800000E-2
0.0000000E+0,4.5963000E-3,5.0000300E+1,6.4970310E-2,1.9800000E-2
0.0000000E+0,4.6419000E-3,5.0000500E+1,6.4970310E-2,1.9800000E-2
0.0000000E+0,4.6986000E-3,5.0000200E+1,6.4970310E-2,1.9800000E-2
0.0000000E+0,4.7434000E-3,5.0000500E+1,6.4970310E-2,1.9800000E-2
0.0000000E+0,4.7902000E-3,5.0000500E+1,6.4970310E-2,1.9800000E-2
0.0000000E+0,4.8433000E-3,5.0000500E+1,6.4970310E-2,1.9800000E-2
0.0000000E+0,4.8988000E-3,5.0000400E+1,6.4970310E-2,1.9800000E-2
0.0000000E+0,4.9397000E-3,5.0000700E+1,6.4970310E-2,1.9800000E-2
0.0000000E+0,4.9958000E-3,5.0000600E+1,6.4970310E-2,1.9800000E-2
0.0000000E+0,5.0390000E-3,5.0000900E+1,6.4970310E-2,1.9800000E-2
0.0000000E+0,5.0978000E-3,5.0000600E+1,6.4970310E-2,1.9800000E-2
0.0000000E+0,5.1434000E-3,5.0000600E+1,6.4970310E-2,1.9800000E-2
0.0000000E+0,5.1906000E-3,5.0000400E+1,6.4970310E-2,1.9800000E-2
0.0000000E+0,5.2407000E-3,5.0000500E+1,6.4970310E-2,1.9800000E-2
0.0000000E+0,5.2952000E-3,5.0000600E+1,6.4970310E-2,1.9800000E-2
0.0000000E+0,5.3424000E-3,5.0000600E+1,6.4970310E-2,1.9800000E-2
0.0000000E+0,5.3950000E-3,5.0000400E+1,6.4970310E-2,1.9800000E-2
0.0000000E+0,5.4401000E-3,5.0000500E+1,6.4970310E-2,1.9800000E-2
0.0000000E+0,5.4931000E-3,5.0000300E+1,6.4970310E-2,1.9800000E-2
0.0000000E+0,5.5425000E-3,5.0000500E+1,6.4970310E-2,1.9800000E-2
0.0000000E+0,5.5937000E-3,5.0000900E+1,6.4970310E-2,1.9800000E-2
0.0000000E+0,5.6487000E-3,5.0000600E+1,6.4970310E-2,1.9800000E-2
0.0000000E+0,5.7001000E-3,5.0000500E+1,6.4970310E-2,1.9800000E-2
0.0000000E+0,5.7435000E-3,5.0000600E+1,6.4970310E-2,1.9800000E-2
0.0000000E+0,5.7903000E-3,5.0000600E+1,6.4970310E-2,1.9800000E-2
0.0000000E+0,5.8426000E-3,5.0000700E+1,6.4970310E-2,1.9800000E-2
0.0000000E+0,5.8914000E-3,5.0000600E+1,6.4970310E-2,1.9800000E-2
0.0000000E+0,5.9470000E-3,5.0000400E+1,6.4970310E-2,1.9800000E-2
0.0000000E+0,5.9926000E-3,5.0000700E+1,6.4970310E-2,1.9800000E-2
0.0000000E+0,6.0440000E-3,5.0000900E+1,6.4970310E-2,1.9800000E-2
0.0000000E+0,6.0910000E-3,5.0000600E+1,6.4970310E-2,1.9800000E-2
0.0000000E+0,6.1433000E-3,5.0000700E+1,6.4970310E-2,1.9800000E-2
0.0000000E+0,6.1938000E-3,5.0000600E+1,6.4970310E-2,1.9800000E-2
0.0000000E+0,6.2453000E-3,5.0000500E+1,6.4970310E-2,1.9800000E-2
0.0000000E+0,6.2929000E-3,5.0000700E+1,6.4970310E-2,1.9800000E-2
0.0000000E+0,6.3457000E-3,5.0000800E+1,6.4970310E-2,1.9800000E-2
0.0000000E+0,6.3913000E-3,5.0000400E+1,6.4970310E-2,1.9800000E-2
0.0000000E+0,6.4438000E-3,5.0000600E+1,6.4970310E-2,1.9800000E-2
0.0000000E+0,6.4899000E-3,5.0000600E+1,6.4970310E-2,1.9800000E-2
0.0000000E+0,6.5482000E-3,5.0000300E+1,6.4970310E-2,1.9800000E-2
0.0000000E+0,6.5937000E-3,5.0000500E+1,6.4970310E-2,1.9800000E-2
0.0000000E+0,6.6428000E-3,5.0000100E+1,6.4970310E-2,1.9800000E-2
0.0000000E+0,6.6885000E-3,5.0000300E+1,6.4970310E-2,1.9800000E-2
0.0000000E+0,6.7435000E-3,5.0000200E+1,6.4970310E-2,1.9800000E-2
0.0000000E+0,6.7915000E-3,5.0000500E+1,6.4970310E-2,1.9800000E-2
0.0000000E+0,6.8399000E-3,5.0000500E+1,6.4970310E-2,1.9800000E-2
0.0000000E+0,6.8948000E-3,5.0000500E+1,6.4970310E-2,1.9800000E-2
0.0000000E+0,6.9427000E-3,5.0000800E+1,6.4970310E-2,1.9800000E-2
0.0000000E+0,6.9970000E-3,5.0000800E+1,6.4970310E-2,1.9800000E-2
0.0000000E+0,7.0404000E-3,5.0000600E+1,6.4970310E-2,1.9800000E-2
0.0000000E+0,7.0894000E-3,5.0000600E+1,6.4970310E-2,1.9800000E-2
0.0000000E+0,7.1402000E-3,5.0000500E+1,6.4970310E-2,1.9800000E-2
0.0000000E+0,7.1951000E-3,5.0000500E+1,6.4970310E-2,1.9800000E-2
0.0000000E+0,7.2396000E-3,5.0000700E+1,6.4970310E-2,1.9800000E-2
0.0000000E+0,7.2913000E-3,5.0000600E+1,6.4970310E-2,1.9800000E-2
0.0000000E+0,7.3402000E-3,5.0000900E+1,6.4970310E-2,1.9800000E-2
0.0000000E+0,7.3948000E-3,5.0000700E+1,6.4970310E-2,1.9800000E-2
0.0000000E+0,7.4451000E-3,5.0000600E+1,6.4970310E-2,1.9800000E-2
0.0000000E+0,7.4980000E-3,5.0001000E+1,6.4970310E-2,1.9800000E-2
0.0000000E+0,7.5450000E-3,5.0001100E+1,6.4970310E-2,1.9800000E-2
0.0000000E+0,7.5904000E-3,5.0000800E+1,6.4970310E-2,1.9800000E-2
0.0000000E+0,7.6410000E-3,5.0000500E+1,6.4970310E-2,1.9800000E-2
0.0000000E+0,7.6919000E-3,5.0000600E+1,6.4970310E-2,1.9800000E-2
0.0000000E+0,7.7403000E-3,5.0000500E+1,6.4970310E-2,1.9800000E-2
0.0000000E+0,7.7930000E-3,5.0000900E+1,6.4970310E-2,1.9800000E-2
0.0000000E+0,7.8438000E-3,5.0001000E+1,6.4970310E-2,1.9800000E-2
0.0000000E+0,7.8980000E-3,5.0000700E+1,6.4970310E-2,1.9800000E-2
0.0000000E+0,7.9446000E-3,5.0000900E+1,6.4970310E-2,1.9800000E-2
0.0000000E+0,7.9953000E-3,5.0000700E+1,6.4970310E-2,1.9800000E-2
0.0000000E+0,8.0437000E-3,5.0001000E+1,6.4970310E-2,1.9800000E-2
0.0000000E+0,8.0957000E-3,5.0000900E+1,6.4970310E-2,1.9800000E-2
0.0000000E+0,8.1449000E-3,5.0000800E+1,6.4970310E-2,1.9800000E-2
0.0000000E+0,8.1933000E-3,5.0000600E+1,6.4970310E-2,1.9800000E-2
0.0000000E+0,8.2446000E-3,5.0000700E+1,6.4970310E-2,1.9800000E-2
0.0000000E+0,8.2859000E-3,5.0000600E+1,6.4970310E-2,1.9800000E-2
0.0000000E+0,8.3415000E-3,5.0000700E+1,6.4970310E-2,1.9800000E-2
0.0000000E+0,8.3923000E-3,5.0001100E+1,6.4970310E-2,1.9800000E-2
0.0000000E+0,8.4456000E-3,5.0000800E+1,6.4970310E-2,1.9800000E-2
0.0000000E+0,8.4926000E-3,5.0000500E+1,6.4970310E-2,1.9800000E-2
0.0000000E+0,8.5467000E-3,5.0000800E+1,6.4970310E-2,1.9800000E-2
0.0000000E+0,8.5946000E-3,5.0001100E+1,6.4970310E-2,1.9800000E-2
0.0000000E+0,8.6367000E-3,5.0000600E+1,6.4970310E-2,1.9800000E-2
0.0000000E+0,8.6950000E-3,5.0000700E+1,6.4970310E-2,1.9800000E-2
0.0000000E+0,8.7380000E-3,5.0000500E+1,6.4970310E-2,1.9800000E-2
0.0000000E+0,8.7912000E-3,5.0001000E+1,6.4970310E-2,1.9800000E-2
0.0000000E+0,8.8437000E-3,5.0001000E+1,6.4970310E-2,1.9800000E-2
0.0000000E+0,8.8920000E-3,5.0000500E+1,6.4970310E-2,1.9800000E-2
0.0000000E+0,8.9465000E-3,5.0000500E+1,6.4970310E-2,1.9800000E-2
0.0000000E+0,8.9904000E-3,5.0000800E+1,6.4970310E-2,1.9800000E-2
0.0000000E+0,9.0352000E-3,5.0000800E+1,6.4970310E-2,1.9800000E-2
0.0000000E+0,9.0939000E-3,5.0001000E+1,6.4970310E-2,1.9800000E-2
0.0000000E+0,9.1457000E-3,5.0000800E+1,6.4970310E-2,1.9800000E-2
0.0000000E+0,9.1914000E-3,5.0000300E+1,6.4970310E-2,1.9800000E-2
0.0000000E+0,9.2412000E-3,5.0000000E+1,6.4970310E-2,1.9800000E-2
0.0000000E+0,9.2951000E-3,5.0000500E+1,6.4970310E-2,1.9800000E-2
0.0000000E+0,9.3401000E-3,5.0000700E+1,6.4970310E-2,1.9800000E-2
0.0000000E+0,9.3968000E-3,5.0000600E+1,6.4970310E-2,1.9800000E-2
0.0000000E+0,9.4482000E-3,5.0000500E+1,6.4970310E-2,1.9800000E-2
0.0000000E+0,9.4937000E-3,5.0000400E+1,6.4970310E-2,1.9800000E-2
0.0000000E+0,9.5424000E-3,5.0000300E+1,6.4970310E-2,1.9800000E-2
0.0000000E+0,9.5898000E-3,5.0000300E+1,6.4970310E-2,1.9800000E-2
0.0000000E+0,9.6470000E-3,5.0000600E+1,6.4970310E-2,1.9800000E-2
0.0000000E+0,9.6942000E-3,5.0000600E+1,6.4970310E-2,1.9800000E-2
0.0000000E+0,9.7394000E-3,5.0000500E+1,6.4970310E-2,1.9800000E-2
0.0000000E+0,9.7997000E-3,5.0001100E+1,6.4970310E-2,1.9800000E-2
0.0000000E+0,9.8456000E-3,5.0001200E+1,6.4970310E-2,1.9800000E-2
0.0000000E+0,9.8912000E-3,5.0000700E+1,6.4970310E-2,1.9800000E-2
0.0000000E+0,9.9396000E-3,5.0000800E+1,6.4970310E-2,1.9800000E-2
0.0000000E+0,9.9899000E-3,5.0000900E+1,6.4970310E-2,1.9800000E-2
0.0000000E+0,1.0047500E-2,5.0000900E+1,6.4970310E-2,1.9800000E-2
0.0000000E+0,1.0085600E-2,5.0000900E+1,6.4970310E-2,1.9800000E-2
0.0000000E+0,1.0144800E-2,5.0001000E+1,6.4970310E-2,1.9800000E-2
0.0000000E+0,1.0192900E-2,5.0000800E+1,6.4970310E-2,1.9800000E-2
0.0000000E+0,1.0245400E-2,5.0000700E+1,6.4970310E-2,1.9800000E-2
0.0000000E+0,1.0290200E-2,5.0000900E+1,6.4970310E-2,1.9800000E-2
0.0000000E+0,1.0343300E-2,5.0000800E+1,6.4970310E-2,1.9800000E-2
0.0000000E+0,1.0395000E-2,5.0000800E+1,6.4970310E-2,1.9800000E-2
0.0000000E+0,1.0445100E-2,5.0000800E+1,6.4970310E-2,1.9800000E-2
0.0000000E+0,1.0493600E-2,5.0000700E+1,6.4970310E-2,1.9800000E-2
0.0000000E+0,1.0541700E-2,5.0000600E+1,6.4970310E-2,1.9800000E-2
0.0000000E+0,1.0591800E-2,5.0000700E+1,6.4970310E-2,1.9800000E-2
0.0000000E+0,1.0643600E-2,5.0001100E+1,6.4970310E-2,1.9800000E-2
0.0000000E+0,1.0687300E-2,5.0000700E+1,6.4970310E-2,1.9800000E-2
0.0000000E+0,1.0738500E-2,5.0000800E+1,6.4970310E-2,1.9800000E-2
0.0000000E+0,1.0793700E-2,5.0001000E+1,6.4970310E-2,1.9800000E-2
0.0000000E+0,1.0843900E-2,5.0001200E+1,6.4970310E-2,1.9800000E-2
0.0000000E+0,1.0894200E-2,5.0000800E+1,6.4970310E-2,1.9800000E-2
0.0000000E+0,1.0937500E-2,5.0001200E+1,6.4970310E-2,1.9800000E-2
0.0000000E+0,1.1000600E-2,5.0000700E+1,6.4970310E-2,1.9800000E-2
0.0000000E+0,1.1042300E-2,5.0000700E+1,6.4970310E-2,1.9800000E-2
0.0000000E+0,1.1092400E-2,5.0000800E+1,6.4970310E-2,1.9800000E-2
0.0000000E+0,1.1143800E-2,5.0000600E+1,6.4970310E-2,1.9800000E-2
0.0000000E+0,1.1192800E-2,5.0000800E+1,6.4970310E-2,1.9800000E-2
0.0000000E+0,1.1246600E-2,5.0000900E+1,6.4970310E-2,1.9800000E-2
0.0000000E+0,1.1299100E-2,5.0000900E+1,6.4970310E-2,1.9800000E-2
0.0000000E+0,1.1343300E-2,5.0000500E+1,6.4970310E-2,1.9800000E-2
0.0000000E+0,1.1395300E-2,5.0000800E+1,6.4970310E-2,1.9800000E-2
0.0000000E+0,1.1447900E-2,5.0001100E+1,6.4970310E-2,1.9800000E-2
0.0000000E+0,1.1494000E-2,5.0000700E+1,6.4970310E-2,1.9800000E-2
0.0000000E+0,1.1542700E-2,5.0001100E+1,6.4970310E-2,1.9800000E-2
0.0000000E+0,1.1593200E-2,5.0001100E+1,6.4970310E-2,1.9800000E-2
0.0000000E+0,1.1639100E-2,5.0000700E+1,6.4970310E-2,1.9800000E-2
0.0000000E+0,1.1691800E-2,5.0000800E+1,6.4970310E-2,1.9800000E-2
0.0000000E+0,1.1744400E-2,5.0000800E+1,6.4970310E-2,1.9800000E-2
0.0000000E+0,1.1795600E-2,5.0001100E+1,6.4970310E-2,1.9800000E-2
0.0000000E+0,1.1840300E-2,5.0001100E+1,6.4970310E-2,1.9800000E-2
0.0000000E+0,1.1892800E-2,5.0001100E+1,6.4970310E-2,1.9800000E-2
0.0000000E+0,1.1944200E-2,5.0001400E+1,6.4970310E-2,1.9800000E-2
0.0000000E+0,1.1991000E-2,5.0000900E+1,6.4970310E-2,1.9800000E-2
0.0000000E+0,1.2046900E-2,5.0001100E+1,6.4970310E-2,1.9800000E-2
0.0000000E+0,1.2093200E-2,5.0000700E+1,6.4970310E-2,1.9800000E-2
0.0000000E+0,1.2143300E-2,5.0000800E+1,6.4970310E-2,1.9800000E-2
0.0000000E+0,1.2201500E-2,5.0000800E+1,6.4970310E-2,1.9800000E-2
0.0000000E+0,1.2247400E-2,5.0000800E+1,6.4970310E-2,1.9800000E-2
0.0000000E+0,1.2293800E-2,5.0001100E+1,6.4970310E-2,1.9800000E-2
0.0000000E+0,1.2347100E-2,5.0000800E+1,6.4970310E-2,1.9800000E-2
0.0000000E+0,1.2394300E-2,5.0000800E+1,6.4970310E-2,1.9800000E-2
0.0000000E+0,1.2439100E-2,5.0001000E+1,6.4970310E-2,1.9800000E-2
0.0000000E+0,1.2492300E-2,5.0000600E+1,6.4970310E-2,1.9800000E-2
0.0000000E+0,1.2539300E-2,5.0001000E+1,6.4970310E-2,1.9800000E-2
0.0000000E+0,1.2592000E-2,5.0000900E+1,6.4970310E-2,1.9800000E-2
0.0000000E+0,1.2643200E-2,5.0000700E+1,6.4970310E-2,1.9800000E-2
0.0000000E+0,1.2693700E-2,5.0000600E+1,6.4970310E-2,1.9800000E-2
0.0000000E+0,1.2746000E-2,5.0000500E+1,6.4970310E-2,1.9800000E-2
0.0000000E+0,1.2793700E-2,5.0001000E+1,6.4970310E-2,1.9800000E-2
0.0000000E+0,1.2841800E-2,5.0001100E+1,6.4970310E-2,1.9800000E-2
0.0000000E+0,1.2892500E-2,5.0000900E+1,6.4970310E-2,1.9800000E-2
0.0000000E+0,1.2938800E-2,5.0000800E+1,6.4970310E-2,1.9800000E-2
0.0000000E+0,1.2995400E-2,5.0000700E+1,6.4970310E-2,1.9800000E-2
0.0000000E+0,1.3041200E-2,5.0001000E+1,6.4970310E-2,1.9800000E-2
0.0000000E+0,1.3090500E-2,5.0000900E+1,6.4970310E-2,1.9800000E-2
0.0000000E+0,1.3140800E-2,5.0001200E+1,6.4970310E-2,1.9800000E-2
0.0000000E+0,1.3197700E-2,5.0000800E+1,6.4970310E-2,1.9800000E-2
0.0000000E+0,1.3241600E-2,5.0000800E+1,6.4970310E-2,1.9800000E-2
0.0000000E+0,1.3291500E-2,5.0001000E+1,6.4970310E-2,1.9800000E-2
0.0000000E+0,1.3344800E-2,5.0000800E+1,6.4970310E-2,1.9800000E-2
0.0000000E+0,1.3388300E-2,5.0001000E+1,6.4970310E-2,1.9800000E-2
0.0000000E+0,1.3447500E-2,5.0001000E+1,6.4970310E-2,1.9800000E-2
0.0000000E+0,1.3493800E-2,5.0001100E+1,6.4970310E-2,1.9800000E-2
0.0000000E+0,1.3543000E-2,5.0000900E+1,6.4970310E-2,1.9800000E-2
0.0000000E+0,1.3599700E-2,5.0000900E+1,6.4970310E-2,1.9800000E-2
0.0000000E+0,1.3643200E-2,5.0001000E+1,6.4970310E-2,1.9800000E-2
0.0000000E+0,1.3695500E-2,5.0000800E+1,6.4970310E-2,1.9800000E-2
0.0000000E+0,1.3739800E-2,5.0001200E+1,6.4970310E-2,1.9800000E-2
0.0000000E+0,1.3792900E-2,5.0001000E+1,6.4970310E-2,1.9800000E-2
0.0000000E+0,1.3838000E-2,5.0001000E+1,6.4970310E-2,1.9800000E-2
0.0000000E+0,1.3897800E-2,5.0000800E+1,6.4970310E-2,1.9800000E-2
0.0000000E+0,1.3940300E-2,5.0001000E+1,6.4970310E-2,1.9800000E-2
0.0000000E+0,1.3998200E-2,5.0000700E+1,6.4970310E-2,1.9800000E-2
0.0000000E+0,1.4039200E-2,5.0000500E+1,6.4970310E-2,1.9800000E-2
0.0000000E+0,1.4091700E-2,5.0000400E+1,6.4970310E-2,1.9800000E-2
0.0000000E+0,1.4145800E-2,5.0001000E+1,6.4970310E-2,1.9800000E-2
0.0000000E+0,1.4194300E-2,5.0000600E+1,6.4970310E-2,1.9800000E-2
0.0000000E+0,1.4239000E-2,5.0001100E+1,6.4970310E-2,1.9800000E-2
0.0000000E+0,1.4293100E-2,5.0001100E+1,6.4970310E-2,1.9800000E-2
0.0000000E+0,1.4341400E-2,5.0000900E+1,6.4970310E-2,1.9800000E-2
0.0000000E+0,1.4392200E-2,5.0000700E+1,6.4970310E-2,1.9800000E-2
0.0000000E+0,1.4442000E-2,5.0000800E+1,6.4970310E-2,1.9800000E-2
0.0000000E+0,1.4493300E-2,5.0000900E+1,6.4970310E-2,1.9800000E-2
0.0000000E+0,1.4543800E-2,5.0000800E+1,6.4970310E-2,1.9800000E-2
0.0000000E+0,1.4592300E-2,5.0000500E+1,6.4970310E-2,1.9800000E-2
0.0000000E+0,1.4645500E-2,5.0000600E+1,6.4970310E-2,1.9800000E-2
0.0000000E+0,1.4693100E-2,5.0000900E+1,6.4970310E-2,1.9800000E-2
0.0000000E+0,1.4745400E-2,5.0000700E+1,6.4970310E-2,1.9800000E-2
0.0000000E+0,1.4795500E-2,5.0000600E+1,6.4970310E-2,1.9800000E-2
0.0000000E+0,1.4844500E-2,5.0000600E+1,6.4970310E-2,1.9800000E-2
0.0000000E+0,1.4897700E-2,5.0000900E+1,6.4970310E-2,1.9800000E-2
0.0000000E+0,1.4940500E-2,5.0000900E+1,6.4970310E-2,1.9800000E-2
0.0000000E+0,1.4990800E-2,5.0000600E+1,6.4970310E-2,1.9800000E-2
