Idc,Bz,V_bg,Vdc_adc,dBz,
nA,T,V,mV,T/min,
0.0000000E+0,1.4998100E-2,-5.0013800E+1,6.4970310E-2,1.9800000E-2
0.0000000E+0,1.4953100E-2,-5.0013800E+1,6.4970310E-2,1.9800000E-2
0.0000000E+0,1.4908500E-2,-5.0014000E+1,6.4970310E-2,1.9800000E-2
0.0000000E+0,1.4852700E-2,-5.0013700E+1,6.4970310E-2,1.9800000E-2
0.0000000E+0,1.4804400E-2,-5.0013700E+1,6.4970310E-2,1.9800000E-2
0.0000000E+0,1.4755800E-2,-5.0013900E+1,6.4970310E-2,1.9800000E-2
0.0000000E+0,1.4702500E-2,-5.0013600E+1,6.4970310E-2,1.9800000E-2
0.0000000E+0,1.4655200E-2,-5.0013700E+1,6.4970310E-2,1.9800000E-2
0.0000000E+0,1.4611100E-2,-5.0013700E+1,6.4970310E-2,1.9800000E-2
0.0000000E+0,1.4559300E-2,-5.0013600E+1,6.4970310E-2,1.9800000E-2
0.0000000E+0,1.4514700E-2,-5.0013500E+1,6.4970310E-2,1.9800000E-2
0.0000000E+0,1.4460000E-2,-5.0013700E+1,6.4970310E-2,1.9800000E-2
0.0000000E+0,1.4408600E-2,-5.0014000E+1,6.4970310E-2,1.9800000E-2
0.0000000E+0,1.4362000E-2,-5.0013900E+1,6.4970310E-2,1.9800000E-2
0.0000000E+0,1.4306000E-2,-5.0013500E+1,6.4970310E-2,1.9800000E-2
0.0000000E+0,1.4262600E-2,-5.0013700E+1,6.4970310E-2,1.9800000E-2
0.0000000E+0,1.4206700E-2,-5.0013900E+1,6.4970310E-2,1.9800000E-2
0.0000000E+0,1.4151300E-2,-5.0013600E+1,6.4970310E-2,1.9800000E-2
0.0000000E+0,1.4105900E-2,-5.0013700E+1,6.4970310E-2,1.9800000E-2
0.0000000E+0,1.4059800E-2,-5.0013800E+1,6.4970310E-2,1.9800000E-2
0.0000000E+0,1.4009200E-2,-5.0013600E+1,6.4970310E-2,1.9800000E-2
0.0000000E+0,1.3955000E-2,-5.0013600E+1,6.4970310E-2,1.9800000E-2
0.0000000E+0,1.3904200E-2,-5.0013700E+1,6.4970310E-2,1.9800000E-2
0.0000000E+0,1.3852600E-2,-5.0013900E+1,6.4970310E-2,1.9800000E-2
0.0000000E+0,1.3808900E-2,-5.0013700E+1,6.4970310E-2,1.9800000E-2
0.0000000E+0,1.3754000E-2,-5.0013600E+1,6.4970310E-2,1.9800000E-2
0.0000000E+0,1.3702800E-2,-5.0013800E+1,6.4970310E-2,1.9800000E-2
0.0000000E+0,1.3655500E-2,-5.0013600E+1,6.4970310E-2,1.9800000E-2
0.0000000E+0,1.3605500E-2,-5.0013500E+1,6.4970310E-2,1.9800000E-2
0.0000000E+0,1.3557600E-2,-5.0013800E+1,6.4970310E-2,1.9800000E-2
0.0000000E+0,1.3509700E-2,-5.0013900E+1,6.4970310E-2,1.9800000E-2
0.0000000E+0,1.3453700E-2,-5.0013900E+1,6.4970310E-2,1.9800000E-2
0.0000000E+0,1.3413100E-2,-5.0013900E+1,6.4970310E-2,1.9800000E-2
0.0000000E+0,1.3355700E-2,-5.0013600E+1,6.4970310E-2,1.9800000E-2
0.0000000E+0,1.3305000E-2,-5.0013800E+1,6.4970310E-2,1.9800000E-2
0.0000000E+0,1.3256700E-2,-5.0013900E+1,6.4970310E-2,1.9800000E-2
0.0000000E+0,1.3208600E-2,-5.0013700E+1,6.4970310E-2,1.9800000E-2
0.0000000E+0,1.3158900E-2,-5.0013800E+1,6.4970310E-2,1.9800000E-2
0.0000000E+0,1.3107500E-2,-5.0013800E+1,6.4970310E-2,1.9800000E-2
0.0000000E+0,1.3058500E-2,-5.0014100E+1,6.4970310E-2,1.9800000E-2
0.0000000E+0,1.3006700E-2,-5.0013600E+1,6.4970310E-2,1.9800000E-2
0.0000000E+0,1.2958300E-2,-5.0013900E+1,6.4970310E-2,1.9800000E-2
0.0000000E+0,1.2901200E-2,-5.0013900E+1,6.4970310E-2,1.9800000E-2
0.0000000E+0,1.2856900E-2,-5.0013600E+1,6.4970310E-2,1.9800000E-2
0.0000000E+0,1.2805000E-2,-5.0013400E+1,6.4970310E-2,1.9800000E-2
0.0000000E+0,1.2757300E-2,-5.0013900E+1,6.4970310E-2,1.9800000E-2
0.0000000E+0,1.2706000E-2,-5.0013900E+1,6.4970310E-2,1.9800000E-2
0.0000000E+0,1.2654100E-2,-5.0013600E+1,6.4970310E-2,1.9800000E-2
0.0000000E+0,1.2608900E-2,-5.0013700E+1,6.4970310E-2,1.9800000E-2
0.0000000E+0,1.2558600E-2,-5.0014100E+1,6.4970310E-2,1.9800000E-2
0.0000000E+0,1.2505000E-2,-5.0013900E+1,6.4970310E-2,1.9800000E-2
0.0000000E+0,1.2454900E-2,-5.0013700E+1,6.4970310E-2,1.9800000E-2
0.0000000E+0,1.2407400E-2,-5.0013800E+1,6.4970310E-2,1.9800000E-2
0.0000000E+0,1.2364200E-2,-5.0013800E+1,6.4970310E-2,1.9800000E-2
0.0000000E+0,1.2306600E-2,-5.0013400E+1,6.4970310E-2,1.9800000E-2
0.0000000E+0,1.2256100E-2,-5.0013800E+1,6.4970310E-2,1.9800000E-2
0.0000000E+0,1.2205600E-2,-5.0013800E+1,6.4970310E-2,1.9800000E-2
0.0000000E+0,1.2155000E-2,-5.0013900E+1,6.4970310E-2,1.9800000E-2
0.0000000E+0,1.2102500E-2,-5.0013800E+1,6.4970310E-2,1.9800000E-2
0.0000000E+0,1.2060000E-2,-5.0013700E+1,6.4970310E-2,1.9800000E-2
0.0000000E+0,1.2003600E-2,-5.0013700E+1,6.4970310E-2,1.9800000E-2
0.0000000E+0,1.1957800E-2,-5.0013300E+1,6.4970310E-2,1.9800000E-2
0.0000000E+0,1.1905300E-2,-5.0013800E+1,6.4970310E-2,1.9800000E-2
0.0000000E+0,1.1850100E-2,-5.0013900E+1,6.4970310E-2,1.9800000E-2
0.0000000E+0,1.1810400E-2,-5.0013900E+1,6.4970310E-2,1.9800000E-2
0.0000000E+0,1.1756300E-2,-5.0014000E+1,6.4970310E-2,1.9800000E-2
0.0000000E+0,1.1712500E-2,-5.0013800E+1,6.4970310E-2,1.9800000E-2
0.0000000E+0,1.1662600E-2,-5.0014100E+1,6.4970310E-2,1.9800000E-2
0.0000000E+0,1.1606700E-2,-5.0013900E+1,6.4970310E-2,1.9800000E-2
0.0000000E+0,1.1561300E-2,-5.0013800E+1,6.4970310E-2,1.9800000E-2
0.0000000E+0,1.1505000E-2,-5.0014100E+1,6.4970310E-2,1.9800000E-2
0.0000000E+0,1.1453600E-2,-5.0013700E+1,6.4970310E-2,1.9800000E-2
0.0000000E+0,1.1411500E-2,-5.0013800E+1,6.4970310E-2,1.9800000E-2
0.0000000E+0,1.1357600E-2,-5.0013700E+1,6.4970310E-2,1.9800000E-2
0.0000000E+0,1.1303800E-2,-5.0013700E+1,6.4970310E-2,1.9800000E-2
0.0000000E+0,1.1253700E-2,-5.0013700E+1,6.4970310E-2,1.9800000E-2
0.0000000E+0,1.1212000E-2,-5.0013600E+1,6.4970310E-2,1.9800000E-2
0.0000000E+0,1.1159800E-2,-5.0013500E+1,6.4970310E-2,1.9800000E-2
0.0000000E+0,1.1107400E-2,-5.0013500E+1,6.4970310E-2,1.9800000E-2
0.0000000E+0,1.1052500E-2,-5.0013800E+1,6.4970310E-2,1.9800000E-2
0.0000000E+0,1.1002000E-2,-5.0013800E+1,6.4970310E-2,1.9800000E-2
0.0000000E+0,1.0957700E-2,-5.0013500E+1,6.4970310E-2,1.9800000E-2
0.0000000E+0,1.0908500E-2,-5.0013800E+1,6.4970310E-2,1.9800000E-2
0.0000000E+0,1.0855500E-2,-5.0013500E+1,6.4970310E-2,1.9800000E-2
0.0000000E+0,1.0810000E-2,-5.0013500E+1,6.4970310E-2,1.9800000E-2
0.0000000E+0,1.0757700E-2,-5.0013900E+1,6.4970310E-2,1.9800000E-2
0.0000000E+0,1.0707900E-2,-5.0013500E+1,6.4970310E-2,1.9800000E-2
0.0000000E+0,1.0655300E-2,-5.0013700E+1,6.4970310E-2,1.9800000E-2
0.0000000E+0,1.0611500E-2,-5.0013700E+1,6.4970310E-2,1.9800000E-2
0.0000000E+0,1.0557200E-2,-5.0013400E+1,6.4970310E-2,1.9800000E-2
0.0000000E+0,1.0506600E-2,-5.0013800E+1,6.4970310E-2,1.9800000E-2
0.0000000E+0,1.0453700E-2,-5.0013600E+1,6.4970310E-2,1.9800000E-2
0.0000000E+0,1.0410300E-2,-5.0014000E+1,6.4970310E-2,1.9800000E-2
0.0000000E+0,1.0353800E-2,-5.0014000E+1,6.4970310E-2,1.9800000E-2
0.0000000E+0,1.0308800E-2,-5.0013700E+1,6.4970310E-2,1.9800000E-2
0.0000000E+0,1.0257100E-2,-5.0013600E+1,6.4970310E-2,1.9800000E-2
0.0000000E+0,1.0205500E-2,-5.0013400E+1,6.4970310E-2,1.9800000E-2
0.0000000E+0,1.0157000E-2,-5.0013500E+1,6.4970310E-2,1.9800000E-2
0.0000000E+0,1.0104200E-2,-5.0013400E+1,6.4970310E-2,1.9800000E-2
0.0000000E+0,1.0056100E-2,-5.0013500E+1,6.4970310E-2,1.9800000E-2
0.0000000E+0,1.0006500E-2,-5.0013200E+1,6.4970310E-2,1.9800000E-2
0.0000000E+0,9.9593000E-3,-5.0013300E+1,6.4970310E-2,1.9800000E-2
0.0000000E+0,9.9088000E-3,-5.0013700E+1,6.4970310E-2,1.9800000E-2
0.0000000E+0,9.8545000E-3,-5.0013400E+1,6.4970310E-2,1.9800000E-2
0.0000000E+0,9.8062000E-3,-5.0013400E+1,6.4970310E-2,1.9800000E-2
0.0000000E+0,9.7561000E-3,-5.0013700E+1,6.4970310E-2,1.9800000E-2
0.0000000E+0,9.7057000E-3,-5.0014000E+1,6.4970310E-2,1.9800000E-2
0.0000000E+0,9.6550000E-3,-5.0013500E+1,6.4970310E-2,1.9800000E-2
0.0000000E+0,9.6082000E-3,-5.0013800E+1,6.4970310E-2,1.9800000E-2
0.0000000E+0,9.5619000E-3,-5.0013700E+1,6.4970310E-2,1.9800000E-2
0.0000000E+0,9.5037000E-3,-5.0013400E+1,6.4970310E-2,1.9800000E-2
0.0000000E+0,9.4549000E-3,-5.0013400E+1,6.4970310E-2,1.9800000E-2
0.0000000E+0,9.4061000E-3,-5.0013700E+1,6.4970310E-2,1.9800000E-2
0.0000000E+0,9.3572000E-3,-5.0013700E+1,6.4970310E-2,1.9800000E-2
0.0000000E+0,9.3068000E-3,-5.0013900E+1,6.4970310E-2,1.9800000E-2
0.0000000E+0,9.2570000E-3,-5.0013400E+1,6.4970310E-2,1.9800000E-2
0.0000000E+0,9.2053000E-3,-5.0013900E+1,6.4970310E-2,1.9800000E-2
0.0000000E+0,9.1535000E-3,-5.0013900E+1,6.4970310E-2,1.9800000E-2
0.0000000E+0,9.1098000E-3,-5.0013900E+1,6.4970310E-2,1.9800000E-2
0.0000000E+0,9.0566000E-3,-5.0013400E+1,6.4970310E-2,1.9800000E-2
0.0000000E+0,9.0077000E-3,-5.0013700E+1,6.4970310E-2,1.9800000E-2
0.0000000E+0,8.9631000E-3,-5.0013800E+1,6.4970310E-2,1.9800000E-2
0.0000000E+0,8.9099000E-3,-5.0013600E+1,6.4970310E-2,1.9800000E-2
0.0000000E+0,8.8556000E-3,-5.0013600E+1,6.4970310E-2,1.9800000E-2
0.0000000E+0,8.8102000E-3,-5.0013600E+1,6.4970310E-2,1.9800000E-2
0.0000000E+0,8.7608000E-3,-5.0013400E+1,6.4970310E-2,1.9800000E-2
0.0000000E+0,8.7092000E-3,-5.0013800E+1,6.4970310E-2,1.9800000E-2
0.0000000E+0,8.6584000E-3,-5.0013400E+1,6.4970310E-2,1.9800000E-2
0.0000000E+0,8.6030000E-3,-5.0013700E+1,6.4970310E-2,1.9800000E-2
0.0000000E+0,8.5518000E-3,-5.0013500E+1,6.4970310E-2,1.9800000E-2
0.0000000E+0,8.5064000E-3,-5.0013600E+1,6.4970310E-2,1.9800000E-2
0.0000000E+0,8.4558000E-3,-5.0013800E+1,6.4970310E-2,1.9800000E-2
0.0000000E+0,8.4095000E-3,-5.0013600E+1,6.4970310E-2,1.9800000E-2
0.0000000E+0,8.3583000E-3,-5.0013800E+1,6.4970310E-2,1.9800000E-2
0.0000000E+0,8.3092000E-3,-5.0013400E+1,6.4970310E-2,1.9800000E-2
0.0000000E+0,8.2562000E-3,-5.0013500E+1,6.4970310E-2,1.9800000E-2
0.0000000E+0,8.2041000E-3,-5.0013700E+1,6.4970310E-2,1.9800000E-2
0.0000000E+0,8.1584000E-3,-5.0013900E+1,6.4970310E-2,1.9800000E-2
0.0000000E+0,8.1062000E-3,-5.0013400E+1,6.4970310E-2,1.9800000E-2
0.0000000E+0,8.0532000E-3,-5.0013900E+1,6.4970310E-2,1.9800000E-2
0.0000000E+0,8.0104000E-3,-5.0013600E+1,6.4970310E-2,1.9800000E-2
0.0000000E+0,7.9513000E-3,-5.0013500E+1,6.4970310E-2,1.9800000E-2
0.0000000E+0,7.9065000E-3,-5.0013300E+1,6.4970310E-2,1.9800000E-2
0.0000000E+0,7.8579000E-3,-5.0013500E+1,6.4970310E-2,1.9800000E-2
0.0000000E+0,7.8074000E-3,-5.0013500E+1,6.4970310E-2,1.9800000E-2
0.0000000E+0,7.7598000E-3,-5.0013800E+1,6.4970310E-2,1.9800000E-2
0.0000000E+0,7.7024000E-3,-5.0013400E+1,6.4970310E-2,1.9800000E-2
0.0000000E+0,7.6620000E-3,-5.0013400E+1,6.4970310E-2,1.9800000E-2
0.0000000E+0,7.6119000E-3,-5.0013700E+1,6.4970310E-2,1.9800000E-2
0.0000000E+0,7.5583000E-3,-5.0013700E+1,6.4970310E-2,1.9800000E-2
0.0000000E+0,7.5124000E-3,-5.0013800E+1,6.4970310E-2,1.9800000E-2
0.0000000E+0,7.4559000E-3,-5.0013500E+1,6.4970310E-2,1.9800000E-2
0.0000000E+0,7.4048000E-3,-5.0013600E+1,6.4970310E-2,1.9800000E-2
0.0000000E+0,7.3587000E-3,-5.0013500E+1,6.4970310E-2,1.9800000E-2
0.0000000E+0,7.3088000E-3,-5.0013700E+1,6.4970310E-2,1.9800000E-2
0.0000000E+0,7.2585000E-3,-5.0013900E+1,6.4970310E-2,1.9800000E-2
0.0000000E+0,7.2141000E-3,-5.0014300E+1,6.4970310E-2,1.9800000E-2
0.0000000E+0,7.1599000E-3,-5.0013800E+1,6.4970310E-2,1.9800000E-2
0.0000000E+0,7.1074000E-3,-5.0013700E+1,6.4970310E-2,1.9800000E-2
0.0000000E+0,7.0582000E-3,-5.0013800E+1,6.4970310E-2,1.9800000E-2
0.0000000E+0,7.0061000E-3,-5.0013900E+1,6.4970310E-2,1.9800000E-2
0.0000000E+0,6.9558000E-3,-5.0014000E+1,6.4970310E-2,1.9800000E-2
0.0000000E+0,6.9092000E-3,-5.0013800E+1,6.4970310E-2,1.9800000E-2
0.0000000E+0,6.8565000E-3,-5.0013900E+1,6.4970310E-2,1.9800000E-2
0.0000000E+0,6.8055000E-3,-5.0013900E+1,6.4970310E-2,1.9800000E-2
0.0000000E+0,6.7594000E-3,-5.0013900E+1,6.4970310E-2,1.9800000E-2
0.0000000E+0,6.7111000E-3,-5.0013300E+1,6.4970310E-2,1.9800000E-2
0.0000000E+0,6.6621000E-3,-5.0014000E+1,6.4970310E-2,1.9800000E-2
0.0000000E+0,6.6049000E-3,-5.0014000E+1,6.4970310E-2,1.9800000E-2
0.0000000E+0,6.5560000E-3,-5.0014100E+1,6.4970310E-2,1.9800000E-2
0.0000000E+0,6.5145000E-3,-5.0013600E+1,6.4970310E-2,1.9800000E-2
0.0000000E+0,6.4613000E-3,-5.0014000E+1,6.4970310E-2,1.9800000E-2
0.0000000E+0,6.4064000E-3,-5.0013500E+1,6.4970310E-2,1.9800000E-2
0.0000000E+0,6.3567000E-3,-5.0013700E+1,6.4970310E-2,1.9800000E-2
0.0000000E+0,6.3066000E-3,-5.0014000E+1,6.4970310E-2,1.9800000E-2
0.0000000E+0,6.2606000E-3,-5.0013900E+1,6.4970310E-2,1.9800000E-2
0.0000000E+0,6.2123000E-3,-5.0013600E+1,6.4970310E-2,1.9800000E-2
0.0000000E+0,6.1522000E-3,-5.0013900E+1,6.4970310E-2,1.9800000E-2
0.0000000E+0,6.1030000E-3,-5.0013600E+1,6.4970310E-2,1.9800000E-2
0.0000000E+0,6.0574000E-3,-5.0013700E+1,6.4970310E-2,1.9800000E-2
0.0000000E+0,6.0042000E-3,-5.0013700E+1,6.4970310E-2,1.9800000E-2
0.0000000E+0,5.9559000E-3,-5.0013800E+1,6.4970310E-2,1.9800000E-2
0.0000000E+0,5.9062000E-3,-5.0013700E+1,6.4970310E-2,1.9800000E-2
0.0000000E+0,5.8603000E-3,-5.0014000E+1,6.4970310E-2,1.9800000E-2
0.0000000E+0,5.8100000E-3,-5.0013900E+1,6.4970310E-2,1.9800000E-2
0.0000000E+0,5.7606000E-3,-5.0013900E+1,6.4970310E-2,1.9800000E-2
0.0000000E+0,5.7079000E-3,-5.0013800E+1,6.4970310E-2,1.9800000E-2
0.0000000E+0,5.6576000E-3,-5.0014100E+1,6.4970310E-2,1.9800000E-2
0.0000000E+0,5.6095000E-3,-5.0013700E+1,6.4970310E-2,1.9800000E-2
0.0000000E+0,5.5554000E-3,-5.0013900E+1,6.4970310E-2,1.9800000E-2
0.0000000E+0,5.5069000E-3,-5.0014100E+1,6.4970310E-2,1.9800000E-2
0.0000000E+0,5.4568000E-3,-5.0013500E+1,6.4970310E-2,1.9800000E-2
0.0000000E+0,5.4105000E-3,-5.0013600E+1,6.4970310E-2,1.9800000E-2
0.0000000E+0,5.3579000E-3,-5.0013600E+1,6.4970310E-2,1.9800000E-2
0.0000000E+0,5.3012000E-3,-5.0013600E+1,6.4970310E-2,1.9800000E-2
0.0000000E+0,5.2575000E-3,-5.0014100E+1,6.4970310E-2,1.9800000E-2
0.0000000E+0,5.2057000E-3,-5.0013800E+1,6.4970310E-2,1.9800000E-2
0.0000000E+0,5.1576000E-3,-5.0013500E+1,6.4970310E-2,1.9800000E-2
0.0000000E+0,5.1068000E-3,-5.0013600E+1,6.4970310E-2,1.9800000E-2
0.0000000E+0,5.0608000E-3,-5.0013600E+1,6.4970310E-2,1.9800000E-2
0.0000000E+0,5.0116000E-3,-5.0013800E+1,6.4970310E-2,1.9800000E-2
0.0000000E+0,4.9559000E-3,-5.0013600E+1,6.4970310E-2,1.9800000E-2
0.0000000E+0,4.9069000E-3,-5.0013600E+1,6.4970310E-2,1.9800000E-2
0.0000000E+0,4.8608000E-3,-5.0013600E+1,6.4970310E-2,1.9800000E-2
0.0000000E+0,4.8068000E-3,-5.0013400E+1,6.4970310E-2,1.9800000E-2
0.0000000E+0,4.7563000E-3,-5.0013600E+1,6.4970310E-2,1.9800000E-2
0.0000000E+0,4.7055000E-3,-5.0013900E+1,6.4970310E-2,1.9800000E-2
0.0000000E+0,4.6596000E-3,-5.0013400E+1,6.4970310E-2,1.9800000E-2
0.0000000E+0,4.6045000E-3,-5.0013800E+1,6.4970310E-2,1.9800000E-2
0.0000000E+0,4.5572000E-3,-5.0013500E+1,6.4970310E-2,1.9800000E-2
0.0000000E+0,4.5132000E-3,-5.0013500E+1,6.4970310E-2,1.9800000E-2
0.0000000E+0,4.4551000E-3,-5.0013600E+1,6.4970310E-2,1.9800000E-2
0.0000000E+0,4.4066000E-3,-5.0013600E+1,6.4970310E-2,1.9800000E-2
0.0000000E+0,4.3569000E-3,-5.0013400E+1,6.4970310E-2,1.9800000E-2
0.0000000E+0,4.3092000E-3,-5.0013600E+1,6.4970310E-2,1.9800000E-2
0.0000000E+0,4.2567000E-3,-5.0013400E+1,6.4970310E-2,1.9800000E-2
0.0000000E+0,4.2060000E-3,-5.0013700E+1,6.4970310E-2,1.9800000E-2
0.0000000E+0,4.1535000E-3,-5.0013800E+1,6.4970310E-2,1.9800000E-2
0.0000000E+0,4.1089000E-3,-5.0013600E+1,6.4970310E-2,1.9800000E-2
0.0000000E+0,4.0566000E-3,-5.0013400E+1,6.4970310E-2,1.9800000E-2
0.0000000E+0,4.0092000E-3,-5.0013300E+1,6.4970310E-2,1.9800000E-2
0.0000000E+0,3.9544000E-3,-5.0013500E+1,6.4970310E-2,1.9800000E-2
0.0000000E+0,3.9028000E-3,-5.0013400E+1,6.4970310E-2,1.9800000E-2
0.0000000E+0,3.8625000E-3,-5.0013900E+1,6.4970310E-2,1.9800000E-2
0.0000000E+0,3.8053000E-3,-5.0013800E+1,6.4970310E-2,1.9800000E-2
0.0000000E+0,3.7528000E-3,-5.0013400E+1,6.4970310E-2,1.9800000E-2
0.0000000E+0,3.7029000E-3,-5.0013700E+1,6.4970310E-2,1.9800000E-2
0.0000000E+0,3.6577000E-3,-5.0013900E+1,6.4970310E-2,1.9800000E-2
0.0000000E+0,3.6103000E-3,-5.0013400E+1,6.4970310E-2,1.9800000E-2
0.0000000E+0,3.5545000E-3,-5.0013500E+1,6.4970310E-2,1.9800000E-2
0.0000000E+0,3.5075000E-3,-5.0013300E+1,6.4970310E-2,1.9800000E-2
0.0000000E+0,3.4523000E-3,-5.0013500E+1,6.4970310E-2,1.9800000E-2
0.0000000E+0,3.4057000E-3,-5.0013400E+1,6.4970310E-2,1.9800000E-2
0.0000000E+0,3.3605000E-3,-5.0013300E+1,6.4970310E-2,1.9800000E-2
0.0000000E+0,3.3082000E-3,-5.0013900E+1,6.4970310E-2,1.9800000E-2
0.0000000E+0,3.2588000E-3,-5.0013600E+1,6.4970310E-2,1.9800000E-2
0.0000000E+0,3.2085000E-3,-5.0013600E+1,6.4970310E-2,1.9800000E-2
0.0000000E+0,3.1540000E-3,-5.0013400E+1,6.4970310E-2,1.9800000E-2
0.0000000E+0,3.1094000E-3,-5.0013400E+1,6.4970310E-2,1.9800000E-2
0.0000000E+0,3.0552000E-3,-5.0013600E+1,6.4970310E-2,1.9800000E-2
0.0000000E+0,3.0066000E-3,-5.0013600E+1,6.4970310E-2,1.9800000E-2
0.0000000E+0,2.9546000E-3,-5.0013500E+1,6.4970310E-2,1.9800000E-2
0.0000000E+0,2.9089000E-3,-5.0013300E+1,6.4970310E-2,1.9800000E-2
0.0000000E+0,2.8621000E-3,-5.0013600E+1,6.4970310E-2,1.9800000E-2
0.0000000E+0,2.8118000E-3,-5.0013600E+1,6.4970310E-2,1.9800000E-2
0.0000000E+0,2.7526000E-3,-5.0013300E+1,6.4970310E-2,1.9800000E-2
0.0000000E+0,2.7066000E-3,-5.0013600E+1,6.4970310E-2,1.9800000E-2
0.0000000E+0,2.6587000E-3,-5.0013400E+1,6.4970310E-2,1.9800000E-2
0.0000000E+0,2.6097000E-3,-5.0013600E+1,6.4970310E-2,1.9800000E-2
0.0000000E+0,2.5561000E-3,-5.0013600E+1,6.4970310E-2,1.9800000E-2
0.0000000E+0,2.5020000E-3,-5.0013600E+1,6.4970310E-2,1.9800000E-2
0.0000000E+0,2.4581000E-3,-5.0013900E+1,6.4970310E-2,1.9800000E-2
0.0000000E+0,2.4081000E-3,-5.0013700E+1,6.4970310E-2,1.9800000E-2
0.0000000E+0,2.3548000E-3,-5.0014000E+1,6.4970310E-2,1.9800000E-2
0.0000000E+0,2.3066000E-3,-5.0013700E+1,6.4970310E-2,1.9800000E-2
0.0000000E+0,2.2594000E-3,-5.0013400E+1,6.4970310E-2,1.9800000E-2
0.0000000E+0,2.2104000E-3,-5.0013600E+1,6.4970310E-2,1.9800000E-2
0.0000000E+0,2.1589000E-3,-5.0013000E+1,6.4970310E-2,1.9800000E-2
0.0000000E+0,2.1098000E-3,-5.0013500E+1,6.4970310E-2,1.9800000E-2
0.0000000E+0,2.0574000E-3,-5.0013600E+1,6.4970310E-2,1.9800000E-2
0.0000000E+0,2.0113000E-3,-5.0013500E+1,6.4970310E-2,1.9800000E-2
0.0000000E+0,1.9569000E-3,-5.0013400E+1,6.4970310E-2,1.9800000E-2
0.0000000E+0,1.9087000E-3,-5.0013300E+1,6.4970310E-2,1.9800000E-2
0.0000000E+0,1.8503000E-3,-5.0013600E+1,6.4970310E-2,1.9800000E-2
0.0000000E+0,1.8110000E-3,-5.0013400E+1,6.4970310E-2,1.9800000E-2
0.0000000E+0,1.7518000E-3,-5.0013400E+1,6.4970310E-2,1.9800000E-2
0.0000000E+0,1.7100000E-3,-5.0013900E+1,6.4970310E-2,1.9800000E-2
0.0000000E+0,1.6570000E-3,-5.0013700E+1,6.4970310E-2,1.9800000E-2
0.0000000E+0,1.6076000E-3,-5.0013700E+1,6.4970310E-2,1.9800000E-2
0.0000000E+0,1.5555000E-3,-5.0013500E+1,6.4970310E-2,1.9800000E-2
0.0000000E+0,1.5092000E-3,-5.0013700E+1,6.4970310E-2,1.9800000E-2
0.0000000E+0,1.4627000E-3,-5.0013600E+1,6.4970310E-2,1.9800000E-2
0.0000000E+0,1.4053000E-3,-5.0013600E+1,6.4970310E-2,1.9800000E-2
0.0000000E+0,1.3574000E-3,-5.0013600E+1,6.4970310E-2,1.9800000E-2
0.0000000E+0,1.3104000E-3,-5.0013700E+1,6.4970310E-2,1.9800000E-2
0.0000000E+0,1.2556000E-3,-5.0013900E+1,6.4970310E-2,1.9800000E-2
0.0000000E+0,1.2038000E-3,-5.0013600E+1,6.4970310E-2,1.9800000E-2
0.0000000E+0,1.1590000E-3,-5.0013900E+1,6.4970310E-2,1.9800000E-2
0.0000000E+0,1.1052000E-3,-5.0013900E+1,6.4970310E-2,1.9800000E-2
0.0000000E+0,1.0580000E-3,-5.0013800E+1,6.4970310E-2,1.9800000E-2
0.0000000E+0,1.0068000E-3,-5.0013400E+1,6.4970310E-2,1.9800000E-2
0.0000000E+0,9.5430000E-4,-5.0013300E+1,6.4970310E-2,1.9800000E-2
0.0000000E+0,9.0490000E-4,-5.0014000E+1,6.4970310E-2,1.9800000E-2
0.0000000E+0,8.5940000E-4,-5.0013700E+1,6.4970310E-2,1.9800000E-2
0.0000000E+0,8.0840000E-4,-5.0013700E+1,6.4970310E-2,1.9800000E-2
0.0000000E+0,7.5720000E-4,-5.0013400E+1,6.4970310E-2,1.9800000E-2
0.0000000E+0,7.0760000E-4,-5.0013600E+1,6.4970310E-2,1.9800000E-2
0.0000000E+0,6.5510000E-4,-5.0013500E+1,6.4970310E-2,1.9800000E-2
0.0000000E+0,6.1250000E-4,-5.0013600E+1,6.4970310E-2,1.9800000E-2
0.0000000E+0,5.5450000E-4,-5.0013500E+1,6.4970310E-2,1.9800000E-2
0.0000000E+0,5.0530000E-4,-5.0013800E+1,6.4970310E-2,1.9800000E-2
0.0000000E+0,4.5870000E-4,-5.0013500E+1,6.4970310E-2,1.9800000E-2
0.0000000E+0,4.0450000E-4,-5.0013700E+1,6.4970310E-2,1.9800000E-2
0.0000000E+0,3.5190000E-4,-5.0013900E+1,6.4970310E-2,1.9800000E-2
0.0000000E+0,3.1070000E-4,-5.0013600E+1,6.4970310E-2,1.9800000E-2
0.0000000E+0,2.5990000E-4,-5.0013600E+1,6.4970310E-2,1.9800000E-2
0.0000000E+0,2.0460000E-4,-5.0013500E+1,6.4970310E-2,1.9800000E-2
0.0000000E+0,1.5400000E-4,-5.0014100E+1,6.4970310E-2,1.9800000E-2
0.0000000E+0,1.0660000E-4,-5.0013400E+1,6.4970310E-2,1.9800000E-2
0.0000000E+0,5.6700000E-5,-5.0013500E+1,6.4970310E-2,1.9800000E-2
0.0000000E+0,5.5000000E-6,-5.0013600E+1,6.4970310E-2,1.9800000E-2
0.0000000E+0,-4.1500000E-5,-5.0013500E+1,6.4970310E-2,1.9800000E-2
0.0000000E+0,-9.4600000E-5,-5.0013700E+1,6.4970310E-2,1.9800000E-2
0.0000000E+0,-1.3830000E-4,-5.0013600E+1,6.4970310E-2,1.9800000E-2
0.0000000E+0,-1.8880000E-4,-5.0013600E+1,6.4970310E-2,1.9800000E-2
0.0000000E+0,-2.4310000E-4,-5.0013700E+1,6.4970310E-2,1.9800000E-2
0.0000000E+0,-2.9230000E-4,-5.0013800E+1,6.4970310E-2,1.9800000E-2
0.0000000E+0,-3.4130000E-4,-5.0013700E+1,6.4970310E-2,1.9800000E-2
0.0000000E+0,-3.9600000E-4,-5.0013300E+1,6.4970310E-2,1.9800000E-2
0.0000000E+0,-4.4370000E-4,-5.0013600E+1,6.4970310E-2,1.9800000E-2
0.0000000E+0,-4.9170000E-4,-5.0013600E+1,6.4970310E-2,1.9800000E-2
0.0000000E+0,-5.4650000E-4,-5.0013500E+1,6.4970310E-2,1.9800000E-2
0.0000000E+0,-5.9240000E-4,-5.0013500E+1,6.4970310E-2,1.9800000E-2
0.0000000E+0,-6.4400000E-4,-5.0013600E+1,6.4970310E-2,1.9800000E-2
0.0000000E+0,-6.9720000E-4,-5.0013600E+1,6.4970310E-2,1.9800000E-2
0.0000000E+0,-7.4390000E-4,-5.0013600E+1,6.4970310E-2,1.9800000E-2
0.0000000E+0,-7.9520000E-4,-5.0013400E+1,6.4970310E-2,1.9800000E-2
0.0000000E+0,-8.4540000E-4,-5.0013700E+1,6.4970310E-2,1.9800000E-2
0.0000000E+0,-8.8910000E-4,-5.0013500E+1,6.4970310E-2,1.9800000E-2
0.0000000E+0,-9.3540000E-4,-5.0013600E+1,6.4970310E-2,1.9800000E-2
0.0000000E+0,-9.9480000E-4,-5.0013500E+1,6.4970310E-2,1.9800000E-2
0.0000000E+0,-1.0403000E-3,-5.0013800E+1,6.4970310E-2,1.9800000E-2
0.0000000E+0,-1.0950000E-3,-5.0014000E+1,6.4970310E-2,1.9800000E-2
0.0000000E+0,-1.1493000E-3,-5.0013600E+1,6.4970310E-2,1.9800000E-2
0.0000000E+0,-1.1816000E-3,-5.0013200E+1,6.4970310E-2,1.9800000E-2
0.0000000E+0,-1.2310000E-3,-5.0013800E+1,6.4970310E-2,1.9800000E-2
0.0000000E+0,-1.2856000E-3,-5.0013200E+1,6.4970310E-2,1.9800000E-2
0.0000000E+0,-1.3465000E-3,-5.0013500E+1,6.4970310E-2,1.9800000E-2
0.0000000E+0,-1.3906000E-3,-5.0013700E+1,6.4970310E-2,1.9800000E-2
0.0000000E+0,-1.4400000E-3,-5.0013700E+1,6.4970310E-2,1.9800000E-2
0.0000000E+0,-1.4939000E-3,-5.0013300E+1,6.4970310E-2,1.9800000E-2
0.0000000E+0,-1.5466000E-3,-5.0013700E+1,6.4970310E-2,1.9800000E-2
0.0000000E+0,-1.5938000E-3,-5.0013400E+1,6.4970310E-2,1.9800000E-2
0.0000000E+0,-1.6377000E-3,-5.0013600E+1,6.4970310E-2,1.9800000E-2
0.0000000E+0,-1.6843000E-3,-5.0013400E+1,6.4970310E-2,1.9800000E-2
0.0000000E+0,-1.7399000E-3,-5.0013500E+1,6.4970310E-2,1.9800000E-2
0.0000000E+0,-1.7988000E-3,-5.0013400E+1,6.4970310E-2,1.9800000E-2
0.0000000E+0,-1.8401000E-3,-5.0013400E+1,6.4970310E-2,1.9800000E-2
0.0000000E+0,-1.8873000E-3,-5.0013400E+1,6.4970310E-2,1.9800000E-2
0.0000000E+0,-1.9349000E-3,-5.0013400E+1,6.4970310E-2,1.9800000E-2
0.0000000E+0,-1.9936000E-3,-5.0013200E+1,6.4970310E-2,1.9800000E-2
0.0000000E+0,-2.0459000E-3,-5.0013500E+1,6.4970310E-2,1.9800000E-2
0.0000000E+0,-2.0920000E-3,-5.0013800E+1,6.4970310E-2,1.9800000E-2
0.0000000E+0,-2.1405000E-3,-5.0013900E+1,6.4970310E-2,1.9800000E-2
0.0000000E+0,-2.1895000E-3,-5.0013900E+1,6.4970310E-2,1.9800000E-2
0.0000000E+0,-2.2425000E-3,-5.0013700E+1,6.4970310E-2,1.9800000E-2
0.0000000E+0,-2.2948000E-3,-5.0013500E+1,6.4970310E-2,1.9800000E-2
0.0000000E+0,-2.3438000E-3,-5.0013500E+1,6.4970310E-2,1.9800000E-2
0.0000000E+0,-2.3972000E-3,-5.0013700E+1,6.4970310E-2,1.9800000E-2
0.0000000E+0,-2.4448000E-3,-5.0013700E+1,6.4970310E-2,1.9800000E-2
0.0000000E+0,-2.4914000E-3,-5.0013700E+1,6.4970310E-2,1.9800000E-2
0.0000000E+0,-2.5434000E-3,-5.0013800E+1,6.4970310E-2,1.9800000E-2
0.0000000E+0,-2.5920000E-3,-5.0013600E+1,6.4970310E-2,1.9800000E-2
0.0000000E+0,-2.6405000E-3,-5.0013900E+1,6.4970310E-2,1.9800000E-2
0.0000000E+0,-2.6877000E-3,-5.0014000E+1,6.4970310E-2,1.9800000E-2
0.0000000E+0,-2.7387000E-3,-5.0013800E+1,6.4970310E-2,1.9800000E-2
0.0000000E+0,-2.7906000E-3,-5.0013900E+1,6.4970310E-2,1.9800000E-2
0.0000000E+0,-2.8470000E-3,-5.0013900E+1,6.4970310E-2,1.9800000E-2
0.0000000E+0,-2.8945000E-3,-5.0013300E+1,6.4970310E-2,1.9800000E-2
0.0000000E+0,-2.9439000E-3,-5.0013500E+1,6.4970310E-2,1.9800000E-2
0.0000000E+0,-2.9924000E-3,-5.0013700E+1,6.4970310E-2,1.9800000E-2
0.0000000E+0,-3.0450000E-3,-5.0013800E+1,6.4970310E-2,1.9800000E-2
0.0000000E+0,-3.0944000E-3,-5.0013500E+1,6.4970310E-2,1.9800000E-2
0.0000000E+0,-3.1438000E-3,-5.0013800E+1,6.4970310E-2,1.9800000E-2
0.0000000E+0,-3.1915000E-3,-5.0013600E+1,6.4970310E-2,1.9800000E-2
0.0000000E+0,-3.2471000E-3,-5.0013900E+1,6.4970310E-2,1.9800000E-2
0.0000000E+0,-3.2956000E-3,-5.0014000E+1,6.4970310E-2,1.9800000E-2
0.0000000E+0,-3.3404000E-3,-5.0013700E+1,6.4970310E-2,1.9800000E-2
0.0000000E+0,-3.3893000E-3,-5.0013500E+1,6.4970310E-2,1.9800000E-2
0.0000000E+0,-3.4416000E-3,-5.0013400E+1,6.4970310E-2,1.9800000E-2
0.0000000E+0,-3.4920000E-3,-5.0014100E+1,6.4970310E-2,1.9800000E-2
0.0000000E+0,-3.5431000E-3,-5.0013400E+1,6.4970310E-2,1.9800000E-2
0.0000000E+0,-3.5934000E-3,-5.0013800E+1,6.4970310E-2,1.9800000E-2
0.0000000E+0,-3.6367000E-3,-5.0013600E+1,6.4970310E-2,1.9800000E-2
0.0000000E+0,-3.6923000E-3,-5.0013600E+1,6.4970310E-2,1.9800000E-2
0.0000000E+0,-3.7399000E-3,-5.0013800E+1,6.4970310E-2,1.9800000E-2
0.0000000E+0,-3.7945000E-3,-5.0014000E+1,6.4970310E-2,1.9800000E-2
0.0000000E+0,-3.8434000E-3,-5.0013900E+1,6.4970310E-2,1.9800000E-2
0.0000000E+0,-3.8931000E-3,-5.0013900E+1,6.4970310E-2,1.9800000E-2
0.0000000E+0,-3.9385000E-3,-5.0013900E+1,6.4970310E-2,1.9800000E-2
0.0000000E+0,-3.9917000E-3,-5.0013900E+1,6.4970310E-2,1.9800000E-2
0.0000000E+0,-4.0396000E-3,-5.0013900E+1,6.4970310E-2,1.9800000E-2
0.0000000E+0,-4.0938000E-3,-5.0013600E+1,6.4970310E-2,1.9800000E-2
0.0000000E+0,-4.1486000E-3,-5.0013900E+1,6.4970310E-2,1.9800000E-2
0.0000000E+0,-4.1927000E-3,-5.0013700E+1,6.4970310E-2,1.9800000E-2
0.0000000E+0,-4.2452000E-3,-5.0013800E+1,6.4970310E-2,1.9800000E-2
0.0000000E+0,-4.2942000E-3,-5.0013500E+1,6.4970310E-2,1.9800000E-2
0.0000000E+0,-4.3454000E-3,-5.0013900E+1,6.4970310E-2,1.9800000E-2
0.0000000E+0,-4.3895000E-3,-5.0013800E+1,6.4970310E-2,1.9800000E-2
0.0000000E+0,-4.4422000E-3,-5.0013700E+1,6.4970310E-2,1.9800000E-2
0.0000000E+0,-4.4903000E-3,-5.0013300E+1,6.4970310E-2,1.9800000E-2
0.0000000E+0,-4.5451000E-3,-5.0013700E+1,6.4970310E-2,1.9800000E-2
0.0000000E+0,-4.5960000E-3,-5.0013800E+1,6.4970310E-2,1.9800000E-2
0.0000000E+0,-4.6439000E-3,-5.0014100E+1,6.4970310E-2,1.9800000E-2
0.0000000E+0,-4.6924000E-3,-5.0014000E+1,6.4970310E-2,1.9800000E-2
0.0000000E+0,-4.7370000E-3,-5.0014100E+1,6.4970310E-2,1.9800000E-2
0.0000000E+0,-4.7957000E-3,-5.0013900E+1,6.4970310E-2,1.9800000E-2
0.0000000E+0,-4.8471000E-3,-5.0013600E+1,6.4970310E-2,1.9800000E-2
0.0000000E+0,-4.8952000E-3,-5.0013500E+1,6.4970310E-2,1.9800000E-2
0.0000000E+0,-4.9417000E-3,-5.0013900E+1,6.4970310E-2,1.9800000E-2
0.0000000E+0,-4.9903000E-3,-5.0013400E+1,6.4970310E-2,1.9800000E-2
0.0000000E+0,-5.0406000E-3,-5.0013800E+1,6.4970310E-2,1.9800000E-2
0.0000000E+0,-5.0907000E-3,-5.0013700E+1,6.4970310E-2,1.9800000E-2
0.0000000E+0,-5.1381000E-3,-5.0013900E+1,6.4970310E-2,1.9800000E-2
0.0000000E+0,-5.1962000E-3,-5.0013600E+1,6.4970310E-2,1.9800000E-2
0.0000000E+0,-5.2389000E-3,-5.0013600E+1,6.4970310E-2,1.9800000E-2
0.0000000E+0,-5.2956000E-3,-5.0013800E+1,6.4970310E-2,1.9800000E-2
0.0000000E+0,-5.3413000E-3,-5.0013900E+1,6.4970310E-2,1.9800000E-2
0.0000000E+0,-5.3892000E-3,-5.0013800E+1,6.4970310E-2,1.9800000E-2
0.0000000E+0,-5.4464000E-3,-5.0013700E+1,6.4970310E-2,1.9800000E-2
0.0000000E+0,-5.4925000E-3,-5.0014300E+1,6.4970310E-2,1.9800000E-2
0.0000000E+0,-5.5441000E-3,-5.0013700E+1,6.4970310E-2,1.9800000E-2
0.0000000E+0,-5.5944000E-3,-5.0014100E+1,6.4970310E-2,1.9800000E-2
0.0000000E+0,-5.6427000E-3,-5.0013900E+1,6.4970310E-2,1.9800000E-2
0.0000000E+0,-5.6934000E-3,-5.0013900E+1,6.4970310E-2,1.9800000E-2
0.0000000E+0,-5.7433000E-3,-5.0013800E+1,6.4970310E-2,1.9800000E-2
0.0000000E+0,-5.7954000E-3,-5.0013800E+1,6.4970310E-2,1.9800000E-2
0.0000000E+0,-5.8380000E-3,-5.0013600E+1,6.4970310E-2,1.9800000E-2
0.0000000E+0,-5.8902000E-3,-5.0013600E+1,6.4970310E-2,1.9800000E-2
0.0000000E+0,-5.9432000E-3,-5.0013900E+1,6.4970310E-2,1.9800000E-2
0.0000000E+0,-5.9922000E-3,-5.0014300E+1,6.4970310E-2,1.9800000E-2
0.0000000E+0,-6.0476000E-3,-5.0013700E+1,6.4970310E-2,1.9800000E-2
0.0000000E+0,-6.0959000E-3,-5.0013600E+1,6.4970310E-2,1.9800000E-2
0.0000000E+0,-6.1427000E-3,-5.0013700E+1,6.4970310E-2,1.9800000E-2
0.0000000E+0,-6.1903000E-3,-5.0013800E+1,6.4970310E-2,1.9800000E-2
0.0000000E+0,-6.2455000E-3,-5.0013300E+1,6.4970310E-2,1.9800000E-2
0.0000000E+0,-6.2927000E-3,-5.0013900E+1,6.4970310E-2,1.9800000E-2
0.0000000E+0,-6.3401000E-3,-5.0013500E+1,6.4970310E-2,1.9800000E-2
0.0000000E+0,-6.4031000E-3,-5.0013500E+1,6.4970310E-2,1.9800000E-2
0.0000000E+0,-6.4414000E-3,-5.0013700E+1,6.4970310E-2,1.9800000E-2
0.0000000E+0,-6.4926000E-3,-5.0013600E+1,6.4970310E-2,1.9800000E-2
0.0000000E+0,-6.5433000E-3,-5.0013500E+1,6.4970310E-2,1.9800000E-2
0.0000000E+0,-6.5908000E-3,-5.0013900E+1,6.4970310E-2,1.9800000E-2
0.0000000E+0,-6.6491000E-3,-5.0013900E+1,6.4970310E-2,1.9800000E-2
0.0000000E+0,-6.6874000E-3,-5.0013600E+1,6.4970310E-2,1.9800000E-2
0.0000000E+0,-6.7472000E-3,-5.0013900E+1,6.4970310E-2,1.9800000E-2
0.0000000E+0,-6.7957000E-3,-5.0013900E+1,6.4970310E-2,1.9800000E-2
0.0000000E+0,-6.8412000E-3,-5.0013800E+1,6.4970310E-2,1.9800000E-2
0.0000000E+0,-6.8941000E-3,-5.0014000E+1,6.4970310E-2,1.9800000E-2
0.0000000E+0,-6.9336000E-3,-5.0013800E+1,6.4970310E-2,1.9800000E-2
0.0000000E+0,-6.9905000E-3,-5.0014000E+1,6.4970310E-2,1.9800000E-2
0.0000000E+0,-7.0435000E-3,-5.0013400E+1,6.4970310E-2,1.9800000E-2
0.0000000E+0,-7.0907000E-3,-5.0014200E+1,6.4970310E-2,1.9800000E-2
0.0000000E+0,-7.1395000E-3,-5.0013700E+1,6.4970310E-2,1.9800000E-2
0.0000000E+0,-7.1880000E-3,-5.0013900E+1,6.4970310E-2,1.9800000E-2
0.0000000E+0,-7.2483000E-3,-5.0013700E+1,6.4970310E-2,1.9800000E-2
0.0000000E+0,-7.2908000E-3,-5.0013700E+1,6.4970310E-2,1.9800000E-2
0.0000000E+0,-7.3389000E-3,-5.0013600E+1,6.4970310E-2,1.9800000E-2
0.0000000E+0,-7.3954000E-3,-5.0013800E+1,6.4970310E-2,1.9800000E-2
0.0000000E+0,-7.4384000E-3,-5.0013900E+1,6.4970310E-2,1.9800000E-2
0.0000000E+0,-7.4914000E-3,-5.0013600E+1,6.4970310E-2,1.9800000E-2
0.0000000E+0,-7.5391000E-3,-5.0013800E+1,6.4970310E-2,1.9800000E-2
0.0000000E+0,-7.5924000E-3,-5.0013600E+1,6.4970310E-2,1.9800000E-2
0.0000000E+0,-7.6392000E-3,-5.0013500E+1,6.4970310E-2,1.9800000E-2
0.0000000E+0,-7.6904000E-3,-5.0013400E+1,6.4970310E-2,1.9800000E-2
0.0000000E+0,-7.7560000E-3,-5.0013400E+1,6.4970310E-2,1.9800000E-2
0.0000000E+0,-7.7779000E-3,-5.0013500E+1,6.4970310E-2,1.9800000E-2
0.0000000E+0,-7.8344000E-3,-5.0013400E+1,6.4970310E-2,1.9800000E-2
0.0000000E+0,-7.8894000E-3,-5.0013300E+1,6.4970310E-2,1.9800000E-2
0.0000000E+0,-7.9227000E-3,-5.0013700E+1,6.4970310E-2,1.9800000E-2
0.0000000E+0,-7.9973000E-3,-5.0013800E+1,6.4970310E-2,1.9800000E-2
0.0000000E+0,-8.0317000E-3,-5.0013400E+1,6.4970310E-2,1.9800000E-2
0.0000000E+0,-8.0818000E-3,-5.0013700E+1,6.4970310E-2,1.9800000E-2
0.0000000E+0,-8.1434000E-3,-5.0013700E+1,6.4970310E-2,1.9800000E-2
0.0000000E+0,-8.1846000E-3,-5.0013800E+1,6.4970310E-2,1.9800000E-2
0.0000000E+0,-8.2415000E-3,-5.0013700E+1,6.4970310E-2,1.9800000E-2
0.0000000E+0,-8.2919000E-3,-5.0013700E+1,6.4970310E-2,1.9800000E-2
0.0000000E+0,-8.3371000E-3,-5.0013600E+1,6.4970310E-2,1.9800000E-2
0.0000000E+0,-8.3530000E-3,-5.0013800E+1,6.4970310E-2,1.9800000E-2
0.0000000E+0,-8.4306000E-3,-5.0013700E+1,6.4970310E-2,1.9800000E-2
0.0000000E+0,-8.4756000E-3,-5.0013900E+1,6.4970310E-2,1.9800000E-2
0.0000000E+0,-8.5215000E-3,-5.0013900E+1,6.4970310E-2,1.9800000E-2
0.0000000E+0,-8.5675000E-3,-5.0013900E+1,6.4970310E-2,1.9800000E-2
0.0000000E+0,-8.6281000E-3,-5.0013600E+1,6.4970310E-2,1.9800000E-2
0.0000000E+0,-8.6852000E-3,-5.0013700E+1,6.4970310E-2,1.9800000E-2
0.0000000E+0,-8.7553000E-3,-5.0013600E+1,6.4970310E-2,1.9800000E-2
0.0000000E+0,-8.7885000E-3,-5.0014000E+1,6.4970310E-2,1.9800000E-2
0.0000000E+0,-8.8209000E-3,-5.0013600E+1,6.4970310E-2,1.9800000E-2
0.0000000E+0,-8.8947000E-3,-5.0013600E+1,6.4970310E-2,1.9800000E-2
0.0000000E+0,-8.9259000E-3,-5.0013900E+1,6.4970310E-2,1.9800000E-2
0.0000000E+0,-9.0077000E-3,-5.0014000E+1,6.4970310E-2,1.9800000E-2
0.0000000E+0,-9.0250000E-3,-5.0013700E+1,6.4970310E-2,1.9800000E-2
0.0000000E+0,-9.0775000E-3,-5.0013600E+1,6.4970310E-2,1.9800000E-2
0.0000000E+0,-9.1624000E-3,-5.0013700E+1,6.4970310E-2,1.9800000E-2
0.0000000E+0,-9.2809000E-3,-5.0013900E+1,6.4970310E-2,1.9800000E-2
0.0000000E+0,-9.2136000E-3,-5.0013700E+1,6.4970310E-2,1.9800000E-2
0.0000000E+0,-9.3272000E-3,-5.0013800E+1,6.4970310E-2,1.9800000E-2
0.0000000E+0,-9.3638000E-3,-5.0013600E+1,6.4970310E-2,1.9800000E-2
0.0000000E+0,-9.3968000E-3,-5.0013500E+1,6.4970310E-2,1.9800000E-2
0.0000000E+0,-9.4837000E-3,-5.0013500E+1,6.4970310E-2,1.9800000E-2
0.0000000E+0,-9.5433000E-3,-5.0013600E+1,6.4970310E-2,1.9800000E-2
0.0000000E+0,-9.5721000E-3,-5.0013900E+1,6.4970310E-2,1.9800000E-2
0.0000000E+0,-9.6319000E-3,-5.0013500E+1,6.4970310E-2,1.9800000E-2
0.0000000E+0,-9.6745000E-3,-5.0013600E+1,6.4970310E-2,1.9800000E-2
0.0000000E+0,-9.7427000E-3,-5.0013800E+1,6.4970310E-2,1.9800000E-2
0.0000000E+0,-9.6938000E-3,-5.0013900E+1,6.4970310E-2,1.9800000E-2
0.0000000E+0,-9.7970000E-3,-5.0013700E+1,6.4970310E-2,1.9800000E-2
0.0000000E+0,-9.8906000E-3,-5.0013900E+1,6.4970310E-2,1.9800000E-2
0.0000000E+0,-9.8972000E-3,-5.0013800E+1,6.4970310E-2,1.9800000E-2
0.0000000E+0,-9.9209000E-3,-5.0013300E+1,6.4970310E-2,1.9800000E-2
0.0000000E+0,-1.0045500E-2,-5.0013300E+1,6.4970310E-2,1.9800000E-2
0.0000000E+0,-1.0089600E-2,-5.0013600E+1,6.4970310E-2,1.9800000E-2
0.0000000E+0,-1.0108400E-2,-5.0013900E+1,6.4970310E-2,1.9800000E-2
0.0000000E+0,-1.0233600E-2,-5.0014000E+1,6.4970310E-2,1.9800000E-2
0.0000000E+0,-1.0203900E-2,-5.0013800E+1,6.4970310E-2,1.9800000E-2
0.0000000E+0,-1.0326100E-2,-5.0013400E+1,6.4970310E-2,1.9800000E-2
0.0000000E+0,-1.0335300E-2,-5.0013500E+1,6.4970310E-2,1.9800000E-2
0.0000000E+0,-1.0350000E-2,-5.0013400E+1,6.4970310E-2,1.9800000E-2
0.0000000E+0,-1.0360000E-2,-5.0013400E+1,6.4970310E-2,1.9800000E-2
0.0000000E+0,-1.0440900E-2,-5.0013500E+1,6.4970310E-2,1.9800000E-2
0.0000000E+0,-1.0504500E-2,-5.0013600E+1,6.4970310E-2,1.9800000E-2
0.0000000E+0,-1.0727800E-2,-5.0013900E+1,6.4970310E-2,1.9800000E-2
0.0000000E+0,-1.0556500E-2,-5.0013400E+1,6.4970310E-2,1.9800000E-2
0.0000000E+0,-1.0709400E-2,-5.0013300E+1,6.4970310E-2,1.9800000E-2
0.0000000E+0,-1.0951400E-2,-5.0013300E+1,6.4970310E-2,1.9800000E-2
0.0000000E+0,-1.0972500E-2,-5.0013300E+1,6.4970310E-2,1.9800000E-2
0.0000000E+0,-1.0984200E-2,-5.0013600E+1,6.4970310E-2,1.9800000E-2
0.0000000E+0,-1.1105500E-2,-5.0013600E+1,6.4970310E-2,1.9800000E-2
0.0000000E+0,-1.1206100E-2,-5.0013400E+1,6.4970310E-2,1.9800000E-2
0.0000000E+0,-1.1424100E-2,-5.0013500E+1,6.4970310E-2,1.9800000E-2
0.0000000E+0,-1.1429000E-2,-5.0013700E+1,6.4970310E-2,1.9800000E-2
0.0000000E+0,-1.1475300E-2,-5.0013500E+1,6.4970310E-2,1.9800000E-2
0.0000000E+0,-1.1568600E-2,-5.0013600E+1,6.4970310E-2,1.9800000E-2
0.0000000E+0,-1.1427900E-2,-5.0013600E+1,6.4970310E-2,1.9800000E-2
0.0000000E+0,-1.1564000E-2,-5.0013500E+1,6.4970310E-2,1.9800000E-2
0.0000000E+0,-1.1640000E-2,-5.0013700E+1,6.4970310E-2,1.9800000E-2
0.0000000E+0,-1.1700100E-2,-5.0013700E+1,6.4970310E-2,1.9800000E-2
0.0000000E+0,-1.1763000E-2,-5.0013300E+1,6.4970310E-2,1.9800000E-2
0.0000000E+0,-1.1821000E-2,-5.0013400E+1,6.4970310E-2,1.9800000E-2
0.0000000E+0,-1.1837000E-2,-5.0013500E+1,6.4970310E-2,1.9800000E-2
0.0000000E+0,-1.1933900E-2,-5.0013900E+1,6.4970310E-2,1.9800000E-2
0.0000000E+0,-1.1964400E-2,-5.0013400E+1,6.4970310E-2,1.9800000E-2
0.0000000E+0,-1.2015800E-2,-5.0013700E+1,6.4970310E-2,1.9800000E-2
0.0000000E+0,-1.2033800E-2,-5.0013500E+1,6.4970310E-2,1.9800000E-2
0.0000000E+0,-1.2264500E-2,-5.0013900E+1,6.4970310E-2,1.9800000E-2
0.0000000E+0,-1.2271800E-2,-5.0013800E+1,6.4970310E-2,1.9800000E-2
0.0000000E+0,-1.2307900E-2,-5.0013700E+1,6.4970310E-2,1.9800000E-2
0.0000000E+0,-1.2384200E-2,-5.0013500E+1,6.4970310E-2,1.9800000E-2
0.0000000E+0,-1.2403400E-2,-5.0013500E+1,6.4970310E-2,1.9800000E-2
0.0000000E+0,-1.2419200E-2,-5.0013100E+1,6.4970310E-2,1.9800000E-2
0.0000000E+0,-1.2543000E-2,-5.0013500E+1,6.4970310E-2,1.9800000E-2
0.0000000E+0,-1.2592000E-2,-5.0013700E+1,6.4970310E-2,1.9800000E-2
0.0000000E+0,-1.2602900E-2,-5.0013200E+1,6.4970310E-2,1.9800000E-2
0.0000000E+0,-1.2586700E-2,-5.0013700E+1,6.4970310E-2,1.9800000E-2
0.0000000E+0,-1.2754700E-2,-5.0013800E+1,6.4970310E-2,1.9800000E-2
0.0000000E+0,-1.2772000E-2,-5.0013500E+1,6.4970310E-2,1.9800000E-2
0.0000000E+0,-1.2813000E-2,-5.0013200E+1,6.4970310E-2,1.9800000E-2
0.0000000E+0,-1.2879900E-2,-5.0013500E+1,6.4970310E-2,1.9800000E-2
0.0000000E+0,-1.2919100E-2,-5.0013600E+1,6.4970310E-2,1.9800000E-2
0.0000000E+0,-1.2992700E-2,-5.0013600E+1,6.4970310E-2,1.9800000E-2
0.0000000E+0,-1.3013600E-2,-5.0013600E+1,6.4970310E-2,1.9800000E-2
0.0000000E+0,-1.3089500E-2,-5.0013900E+1,6.4970310E-2,1.9800000E-2
0.0000000E+0,-1.3127200E-2,-5.0014000E+1,6.4970310E-2,1.9800000E-2
0.0000000E+0,-1.3171600E-2,-5.0013800E+1,6.4970310E-2,1.9800000E-2
0.0000000E+0,-1.3235600E-2,-5.0013900E+1,6.4970310E-2,1.9800000E-2
0.0000000E+0,-1.3267900E-2,-5.0013800E+1,6.4970310E-2,1.9800000E-2
0.0000000E+0,-1.3352800E-2,-5.0013400E+1,6.4970310E-2,1.9800000E-2
0.0000000E+0,-1.3392000E-2,-5.0013700E+1,6.4970310E-2,1.9800000E-2
0.0000000E+0,-1.3428600E-2,-5.0013400E+1,6.4970310E-2,1.9800000E-2
0.0000000E+0,-1.3484700E-2,-5.0013600E+1,6.4970310E-2,1.9800000E-2
0.0000000E+0,-1.3534800E-2,-5.0013500E+1,6.4970310E-2,1.9800000E-2
0.0000000E+0,-1.3572400E-2,-5.0013400E+1,6.4970310E-2,1.9800000E-2
0.0000000E+0,-1.3633000E-2,-5.0013800E+1,6.4970310E-2,1.9800000E-2
0.0000000E+0,-1.3683700E-2,-5.0013500E+1,6.4970310E-2,1.9800000E-2
0.0000000E+0,-1.3755000E-2,-5.0013500E+1,6.4970310E-2,1.9800000E-2
0.0000000E+0,-1.3782800E-2,-5.0013700E+1,6.4970310E-2,1.9800000E-2
0.0000000E+0,-1.3832400E-2,-5.0013700E+1,6.4970310E-2,1.9800000E-2
0.0000000E+0,-1.3883200E-2,-5.0013500E+1,6.4970310E-2,1.9800000E-2
0.0000000E+0,-1.3950800E-2,-5.0013500E+1,6.4970310E-2,1.9800000E-2
0.0000000E+0,-1.4004800E-2,-5.0013300E+1,6.4970310E-2,1.9800000E-2
0.0000000E+0,-1.4036900E-2,-5.0013300E+1,6.4970310E-2,1.9800000E-2
0.0000000E+0,-1.4082600E-2,-5.0013300E+1,6.4970310E-2,1.9800000E-2
0.0000000E+0,-1.4144700E-2,-5.0013500E+1,6.4970310E-2,1.9800000E-2
0.0000000E+0,-1.4196300E-2,-5.0013600E+1,6.4970310E-2,1.9800000E-2
0.0000000E+0,-1.4255200E-2,-5.0013500E+1,6.4970310E-2,1.9800000E-2
0.0000000E+0,-1.4288200E-2,-5.0013200E+1,6.4970310E-2,1.9800000E-2
0.0000000E+0,-1.4344100E-2,-5.0013400E+1,6.4970310E-2,1.9800000E-2
0.0000000E+0,-1.4386400E-2,-5.0013400E+1,6.4970310E-2,1.9800000E-2
0.0000000E+0,-1.4444300E-2,-5.0013800E+1,6.4970310E-2,1.9800000E-2
0.0000000E+0,-1.4493200E-2,-5.0013600E+1,6.4970310E-2,1.9800000E-2
0.0000000E+0,-1.4546200E-2,-5.0013500E+1,6.4970310E-2,1.9800000E-2
0.0000000E+0,-1.4597600E-2,-5.0013700E+1,6.4970310E-2,1.9800000E-2
0.0000000E+0,-1.4639300E-2,-5.0013700E+1,6.4970310E-2,1.9800000E-2
0.0000000E+0,-1.4686000E-2,-5.0013600E+1,6.4970310E-2,1.9800000E-2
0.0000000E+0,-1.4748800E-2,-5.0013500E+1,6.4970310E-2,1.9800000E-2
0.0000000E+0,-1.4796200E-2,-5.0013400E+1,6.4970310E-2,1.9800000E-2
0.0000000E+0,-1.4846300E-2,-5.0013200E+1,6.4970310E-2,1.9800000E-2
0.0000000E+0,-1.4888200E-2,-5.0013700E+1,6.4970310E-2,1.9800000E-2
0.0000000E+0,-1.4932900E-2,-5.0013800E+1,6.4970310E-2,1.9800000E-2
0.0000000E+0,-1.4991200E-2,-5.0013900E+1,6.4970310E-2,1.9800000E-2
