Idc,Bz,V_bg,Vdc_adc,dBz,
nA,T,V,mV,T/min,
0.0000000E+0,1.4999800E-2,5.0000600E+1,6.4970310E-2,1.9800000E-2
0.0000000E+0,1.4954900E-2,5.0000700E+1,6.4970310E-2,1.9800000E-2
0.0000000E+0,1.4902800E-2,5.0000800E+1,6.4970310E-2,1.9800000E-2
0.0000000E+0,1.4857300E-2,5.0000700E+1,6.4970310E-2,1.9800000E-2
0.0000000E+0,1.4809000E-2,5.0000900E+1,6.4970310E-2,1.9800000E-2
0.0000000E+0,1.4753900E-2,5.0000700E+1,6.4970310E-2,1.9800000E-2
0.0000000E+0,1.4707300E-2,5.0000900E+1,6.4970310E-2,1.9800000E-2
0.0000000E+0,1.4655900E-2,5.0001200E+1,6.4970310E-2,1.9800000E-2
0.0000000E+0,1.4602100E-2,5.0000900E+1,6.4970310E-2,1.9800000E-2
0.0000000E+0,1.4558000E-2,5.0000700E+1,6.4970310E-2,1.9800000E-2
0.0000000E+0,1.4506800E-2,5.0001200E+1,6.4970310E-2,1.9800000E-2
0.0000000E+0,1.4454900E-2,5.0000800E+1,6.4970310E-2,1.9800000E-2
0.0000000E+0,1.4406100E-2,5.0000500E+1,6.4970310E-2,1.9800000E-2
0.0000000E+0,1.4355900E-2,5.0000400E+1,6.4970310E-2,1.9800000E-2
0.0000000E+0,1.4310000E-2,5.0001000E+1,6.4970310E-2,1.9800000E-2
0.0000000E+0,1.4252600E-2,5.0001200E+1,6.4970310E-2,1.9800000E-2
0.0000000E+0,1.4211300E-2,5.0001000E+1,6.4970310E-2,1.9800000E-2
0.0000000E+0,1.4157700E-2,5.0001100E+1,6.4970310E-2,1.9800000E-2
0.0000000E+0,1.4106100E-2,5.0000900E+1,6.4970310E-2,1.9800000E-2
0.0000000E+0,1.4058700E-2,5.0000900E+1,6.4970310E-2,1.9800000E-2
0.0000000E+0,1.3999100E-2,5.0001100E+1,6.4970310E-2,1.9800000E-2
0.0000000E+0,1.3958500E-2,5.0001000E+1,6.4970310E-2,1.9800000E-2
0.0000000E+0,1.3906400E-2,5.0001200E+1,6.4970310E-2,1.9800000E-2
0.0000000E+0,1.3860800E-2,5.0000800E+1,6.4970310E-2,1.9800000E-2
0.0000000E+0,1.3809400E-2,5.0001100E+1,6.4970310E-2,1.9800000E-2
0.0000000E+0,1.3762800E-2,5.0000500E+1,6.4970310E-2,1.9800000E-2
0.0000000E+0,1.3704300E-2,5.0000600E+1,6.4970310E-2,1.9800000E-2
0.0000000E+0,1.3655100E-2,5.0000900E+1,6.4970310E-2,1.9800000E-2
0.0000000E+0,1.3608800E-2,5.0001000E+1,6.4970310E-2,1.9800000E-2
0.0000000E+0,1.3555200E-2,5.0000600E+1,6.4970310E-2,1.9800000E-2
0.0000000E+0,1.3503800E-2,5.0000600E+1,6.4970310E-2,1.9800000E-2
0.0000000E+0,1.3456500E-2,5.0000700E+1,6.4970310E-2,1.9800000E-2
0.0000000E+0,1.3410500E-2,5.0000800E+1,6.4970310E-2,1.9800000E-2
0.0000000E+0,1.3355300E-2,5.0000700E+1,6.4970310E-2,1.9800000E-2
0.0000000E+0,1.3306700E-2,5.0000700E+1,6.4970310E-2,1.9800000E-2
0.0000000E+0,1.3258600E-2,5.0001300E+1,6.4970310E-2,1.9800000E-2
0.0000000E+0,1.3208600E-2,5.0001200E+1,6.4970310E-2,1.9800000E-2
0.0000000E+0,1.3157600E-2,5.0001100E+1,6.4970310E-2,1.9800000E-2
0.0000000E+0,1.3101500E-2,5.0001100E+1,6.4970310E-2,1.9800000E-2
0.0000000E+0,1.3055000E-2,5.0000700E+1,6.4970310E-2,1.9800000E-2
0.0000000E+0,1.3008700E-2,5.0000400E+1,6.4970310E-2,1.9800000E-2
0.0000000E+0,1.2961000E-2,5.0000600E+1,6.4970310E-2,1.9800000E-2
0.0000000E+0,1.2902900E-2,5.0000900E+1,6.4970310E-2,1.9800000E-2
0.0000000E+0,1.2852200E-2,5.0000800E+1,6.4970310E-2,1.9800000E-2
0.0000000E+0,1.2806600E-2,5.0000800E+1,6.4970310E-2,1.9800000E-2
0.0000000E+0,1.2754000E-2,5.0000700E+1,6.4970310E-2,1.9800000E-2
0.0000000E+0,1.2711000E-2,5.0000500E+1,6.4970310E-2,1.9800000E-2
0.0000000E+0,1.2650100E-2,5.0000800E+1,6.4970310E-2,1.9800000E-2
0.0000000E+0,1.2611100E-2,5.0000800E+1,6.4970310E-2,1.9800000E-2
0.0000000E+0,1.2552400E-2,5.0000900E+1,6.4970310E-2,1.9800000E-2
0.0000000E+0,1.2510500E-2,5.0000800E+1,6.4970310E-2,1.9800000E-2
0.0000000E+0,1.2460200E-2,5.0001100E+1,6.4970310E-2,1.9800000E-2
0.0000000E+0,1.2408500E-2,5.0001000E+1,6.4970310E-2,1.9800000E-2
0.0000000E+0,1.2360700E-2,5.0000700E+1,6.4970310E-2,1.9800000E-2
0.0000000E+0,1.2311300E-2,5.0000500E+1,6.4970310E-2,1.9800000E-2
0.0000000E+0,1.2257400E-2,5.0000700E+1,6.4970310E-2,1.9800000E-2
0.0000000E+0,1.2206200E-2,5.0001000E+1,6.4970310E-2,1.9800000E-2
0.0000000E+0,1.2150100E-2,5.0000800E+1,6.4970310E-2,1.9800000E-2
0.0000000E+0,1.2106000E-2,5.0001100E+1,6.4970310E-2,1.9800000E-2
0.0000000E+0,1.2055700E-2,5.0000900E+1,6.4970310E-2,1.9800000E-2
0.0000000E+0,1.2006100E-2,5.0000500E+1,6.4970310E-2,1.9800000E-2
0.0000000E+0,1.1957100E-2,5.0000800E+1,6.4970310E-2,1.9800000E-2
0.0000000E+0,1.1906800E-2,5.0001000E+1,6.4970310E-2,1.9800000E-2
0.0000000E+0,1.1856300E-2,5.0001000E+1,6.4970310E-2,1.9800000E-2
0.0000000E+0,1.1805100E-2,5.0000600E+1,6.4970310E-2,1.9800000E-2
0.0000000E+0,1.1756500E-2,5.0000900E+1,6.4970310E-2,1.9800000E-2
0.0000000E+0,1.1710000E-2,5.0001000E+1,6.4970310E-2,1.9800000E-2
0.0000000E+0,1.1658400E-2,5.0001100E+1,6.4970310E-2,1.9800000E-2
0.0000000E+0,1.1607000E-2,5.0001100E+1,6.4970310E-2,1.9800000E-2
0.0000000E+0,1.1554500E-2,5.0000700E+1,6.4970310E-2,1.9800000E-2
0.0000000E+0,1.1506800E-2,5.0000700E+1,6.4970310E-2,1.9800000E-2
0.0000000E+0,1.1452900E-2,5.0001000E+1,6.4970310E-2,1.9800000E-2
0.0000000E+0,1.1413500E-2,5.0000700E+1,6.4970310E-2,1.9800000E-2
0.0000000E+0,1.1352500E-2,5.0001300E+1,6.4970310E-2,1.9800000E-2
0.0000000E+0,1.1306700E-2,5.0001000E+1,6.4970310E-2,1.9800000E-2
0.0000000E+0,1.1260400E-2,5.0000500E+1,6.4970310E-2,1.9800000E-2
0.0000000E+0,1.1201800E-2,5.0000800E+1,6.4970310E-2,1.9800000E-2
0.0000000E+0,1.1163500E-2,5.0000700E+1,6.4970310E-2,1.9800000E-2
0.0000000E+0,1.1104400E-2,5.0000800E+1,6.4970310E-2,1.9800000E-2
0.0000000E+0,1.1055200E-2,5.0000900E+1,6.4970310E-2,1.9800000E-2
0.0000000E+0,1.1007000E-2,5.0000700E+1,6.4970310E-2,1.9800000E-2
0.0000000E+0,1.0952500E-2,5.0000900E+1,6.4970310E-2,1.9800000E-2
0.0000000E+0,1.0912400E-2,5.0000500E+1,6.4970310E-2,1.9800000E-2
0.0000000E+0,1.0859200E-2,5.0000800E+1,6.4970310E-2,1.9800000E-2
0.0000000E+0,1.0808300E-2,5.0000500E+1,6.4970310E-2,1.9800000E-2
0.0000000E+0,1.0750000E-2,5.0001100E+1,6.4970310E-2,1.9800000E-2
0.0000000E+0,1.0703900E-2,5.0000800E+1,6.4970310E-2,1.9800000E-2
0.0000000E+0,1.0654900E-2,5.0000800E+1,6.4970310E-2,1.9800000E-2
0.0000000E+0,1.0608100E-2,5.0000800E+1,6.4970310E-2,1.9800000E-2
0.0000000E+0,1.0553900E-2,5.0001100E+1,6.4970310E-2,1.9800000E-2
0.0000000E+0,1.0515500E-2,5.0001100E+1,6.4970310E-2,1.9800000E-2
0.0000000E+0,1.0455700E-2,5.0001200E+1,6.4970310E-2,1.9800000E-2
0.0000000E+0,1.0407100E-2,5.0000400E+1,6.4970310E-2,1.9800000E-2
0.0000000E+0,1.0359700E-2,5.0000700E+1,6.4970310E-2,1.9800000E-2
0.0000000E+0,1.0304800E-2,5.0000700E+1,6.4970310E-2,1.9800000E-2
0.0000000E+0,1.0261300E-2,5.0001100E+1,6.4970310E-2,1.9800000E-2
0.0000000E+0,1.0202600E-2,5.0000800E+1,6.4970310E-2,1.9800000E-2
0.0000000E+0,1.0156700E-2,5.0000500E+1,6.4970310E-2,1.9800000E-2
0.0000000E+0,1.0107300E-2,5.0000800E+1,6.4970310E-2,1.9800000E-2
0.0000000E+0,1.0052600E-2,5.0001100E+1,6.4970310E-2,1.9800000E-2
0.0000000E+0,1.0011400E-2,5.0001100E+1,6.4970310E-2,1.9800000E-2
0.0000000E+0,9.9502000E-3,5.0001200E+1,6.4970310E-2,1.9800000E-2
0.0000000E+0,9.9096000E-3,5.0000600E+1,6.4970310E-2,1.9800000E-2
0.0000000E+0,9.8584000E-3,5.0000900E+1,6.4970310E-2,1.9800000E-2
0.0000000E+0,9.8068000E-3,5.0000800E+1,6.4970310E-2,1.9800000E-2
0.0000000E+0,9.7556000E-3,5.0000700E+1,6.4970310E-2,1.9800000E-2
0.0000000E+0,9.7088000E-3,5.0000500E+1,6.4970310E-2,1.9800000E-2
0.0000000E+0,9.6526000E-3,5.0000400E+1,6.4970310E-2,1.9800000E-2
0.0000000E+0,9.6098000E-3,5.0000600E+1,6.4970310E-2,1.9800000E-2
0.0000000E+0,9.5570000E-3,5.0000500E+1,6.4970310E-2,1.9800000E-2
0.0000000E+0,9.5047000E-3,5.0000600E+1,6.4970310E-2,1.9800000E-2
0.0000000E+0,9.4580000E-3,5.0000900E+1,6.4970310E-2,1.9800000E-2
0.0000000E+0,9.4068000E-3,5.0000700E+1,6.4970310E-2,1.9800000E-2
0.0000000E+0,9.3578000E-3,5.0000900E+1,6.4970310E-2,1.9800000E-2
0.0000000E+0,9.3064000E-3,5.0001100E+1,6.4970310E-2,1.9800000E-2
0.0000000E+0,9.2568000E-3,5.0000600E+1,6.4970310E-2,1.9800000E-2
0.0000000E+0,9.2093000E-3,5.0000800E+1,6.4970310E-2,1.9800000E-2
0.0000000E+0,9.1579000E-3,5.0000800E+1,6.4970310E-2,1.9800000E-2
0.0000000E+0,9.1061000E-3,5.0000600E+1,6.4970310E-2,1.9800000E-2
0.0000000E+0,9.0615000E-3,5.0000900E+1,6.4970310E-2,1.9800000E-2
0.0000000E+0,9.0013000E-3,5.0000800E+1,6.4970310E-2,1.9800000E-2
0.0000000E+0,8.9567000E-3,5.0000900E+1,6.4970310E-2,1.9800000E-2
0.0000000E+0,8.9070000E-3,5.0001100E+1,6.4970310E-2,1.9800000E-2
0.0000000E+0,8.8590000E-3,5.0001300E+1,6.4970310E-2,1.9800000E-2
0.0000000E+0,8.8113000E-3,5.0001100E+1,6.4970310E-2,1.9800000E-2
0.0000000E+0,8.7579000E-3,5.0000900E+1,6.4970310E-2,1.9800000E-2
0.0000000E+0,8.7065000E-3,5.0000800E+1,6.4970310E-2,1.9800000E-2
0.0000000E+0,8.6560000E-3,5.0000600E+1,6.4970310E-2,1.9800000E-2
0.0000000E+0,8.6026000E-3,5.0000600E+1,6.4970310E-2,1.9800000E-2
0.0000000E+0,8.5589000E-3,5.0000900E+1,6.4970310E-2,1.9800000E-2
0.0000000E+0,8.5048000E-3,5.0000800E+1,6.4970310E-2,1.9800000E-2
0.0000000E+0,8.4541000E-3,5.0001000E+1,6.4970310E-2,1.9800000E-2
0.0000000E+0,8.4082000E-3,5.0000400E+1,6.4970310E-2,1.9800000E-2
0.0000000E+0,8.3557000E-3,5.0000700E+1,6.4970310E-2,1.9800000E-2
0.0000000E+0,8.3058000E-3,5.0001000E+1,6.4970310E-2,1.9800000E-2
0.0000000E+0,8.2611000E-3,5.0000500E+1,6.4970310E-2,1.9800000E-2
0.0000000E+0,8.2090000E-3,5.0000700E+1,6.4970310E-2,1.9800000E-2
0.0000000E+0,8.1587000E-3,5.0000900E+1,6.4970310E-2,1.9800000E-2
0.0000000E+0,8.1104000E-3,5.0000600E+1,6.4970310E-2,1.9800000E-2
0.0000000E+0,8.0609000E-3,5.0000500E+1,6.4970310E-2,1.9800000E-2
0.0000000E+0,8.0027000E-3,5.0000500E+1,6.4970310E-2,1.9800000E-2
0.0000000E+0,7.9543000E-3,5.0000600E+1,6.4970310E-2,1.9800000E-2
0.0000000E+0,7.9114000E-3,5.0000800E+1,6.4970310E-2,1.9800000E-2
0.0000000E+0,7.8540000E-3,5.0000700E+1,6.4970310E-2,1.9800000E-2
0.0000000E+0,7.8092000E-3,5.0000400E+1,6.4970310E-2,1.9800000E-2
0.0000000E+0,7.7591000E-3,5.0000400E+1,6.4970310E-2,1.9800000E-2
0.0000000E+0,7.7101000E-3,5.0000600E+1,6.4970310E-2,1.9800000E-2
0.0000000E+0,7.6534000E-3,5.0000600E+1,6.4970310E-2,1.9800000E-2
0.0000000E+0,7.6011000E-3,5.0000500E+1,6.4970310E-2,1.9800000E-2
0.0000000E+0,7.5586000E-3,5.0000600E+1,6.4970310E-2,1.9800000E-2
0.0000000E+0,7.5027000E-3,5.0000600E+1,6.4970310E-2,1.9800000E-2
0.0000000E+0,7.4599000E-3,5.0000800E+1,6.4970310E-2,1.9800000E-2
0.0000000E+0,7.4089000E-3,5.0000600E+1,6.4970310E-2,1.9800000E-2
0.0000000E+0,7.3553000E-3,5.0000500E+1,6.4970310E-2,1.9800000E-2
0.0000000E+0,7.3099000E-3,5.0000800E+1,6.4970310E-2,1.9800000E-2
0.0000000E+0,7.2514000E-3,5.0000400E+1,6.4970310E-2,1.9800000E-2
0.0000000E+0,7.2062000E-3,5.0000600E+1,6.4970310E-2,1.9800000E-2
0.0000000E+0,7.1583000E-3,5.0000500E+1,6.4970310E-2,1.9800000E-2
0.0000000E+0,7.1100000E-3,5.0000600E+1,6.4970310E-2,1.9800000E-2
0.0000000E+0,7.0593000E-3,5.0000800E+1,6.4970310E-2,1.9800000E-2
0.0000000E+0,7.0056000E-3,5.0000600E+1,6.4970310E-2,1.9800000E-2
0.0000000E+0,6.9536000E-3,5.0000600E+1,6.4970310E-2,1.9800000E-2
0.0000000E+0,6.9108000E-3,5.0000500E+1,6.4970310E-2,1.9800000E-2
0.0000000E+0,6.8567000E-3,5.0000800E+1,6.4970310E-2,1.9800000E-2
0.0000000E+0,6.8026000E-3,5.0001000E+1,6.4970310E-2,1.9800000E-2
0.0000000E+0,6.7565000E-3,5.0001000E+1,6.4970310E-2,1.9800000E-2
0.0000000E+0,6.7058000E-3,5.0000600E+1,6.4970310E-2,1.9800000E-2
0.0000000E+0,6.6559000E-3,5.0000900E+1,6.4970310E-2,1.9800000E-2
0.0000000E+0,6.6109000E-3,5.0001000E+1,6.4970310E-2,1.9800000E-2
0.0000000E+0,6.5599000E-3,5.0000300E+1,6.4970310E-2,1.9800000E-2
0.0000000E+0,6.5097000E-3,5.0001000E+1,6.4970310E-2,1.9800000E-2
0.0000000E+0,6.4558000E-3,5.0000700E+1,6.4970310E-2,1.9800000E-2
0.0000000E+0,6.4048000E-3,5.0000400E+1,6.4970310E-2,1.9800000E-2
0.0000000E+0,6.3554000E-3,5.0000800E+1,6.4970310E-2,1.9800000E-2
0.0000000E+0,6.3069000E-3,5.0001100E+1,6.4970310E-2,1.9800000E-2
0.0000000E+0,6.2550000E-3,5.0001000E+1,6.4970310E-2,1.9800000E-2
0.0000000E+0,6.2094000E-3,5.0000900E+1,6.4970310E-2,1.9800000E-2
0.0000000E+0,6.1571000E-3,5.0000800E+1,6.4970310E-2,1.9800000E-2
0.0000000E+0,6.1070000E-3,5.0000800E+1,6.4970310E-2,1.9800000E-2
0.0000000E+0,6.0523000E-3,5.0000600E+1,6.4970310E-2,1.9800000E-2
0.0000000E+0,6.0059000E-3,5.0001200E+1,6.4970310E-2,1.9800000E-2
0.0000000E+0,5.9596000E-3,5.0000600E+1,6.4970310E-2,1.9800000E-2
0.0000000E+0,5.9051000E-3,5.0000700E+1,6.4970310E-2,1.9800000E-2
0.0000000E+0,5.8537000E-3,5.0000600E+1,6.4970310E-2,1.9800000E-2
0.0000000E+0,5.8014000E-3,5.0000700E+1,6.4970310E-2,1.9800000E-2
0.0000000E+0,5.7519000E-3,5.0000700E+1,6.4970310E-2,1.9800000E-2
0.0000000E+0,5.7057000E-3,5.0001200E+1,6.4970310E-2,1.9800000E-2
0.0000000E+0,5.6589000E-3,5.0000500E+1,6.4970310E-2,1.9800000E-2
0.0000000E+0,5.6086000E-3,5.0000000E+1,6.4970310E-2,1.9800000E-2
0.0000000E+0,5.5585000E-3,5.0000500E+1,6.4970310E-2,1.9800000E-2
0.0000000E+0,5.5077000E-3,5.0000400E+1,6.4970310E-2,1.9800000E-2
0.0000000E+0,5.4559000E-3,5.0000800E+1,6.4970310E-2,1.9800000E-2
0.0000000E+0,5.4049000E-3,5.0000500E+1,6.4970310E-2,1.9800000E-2
0.0000000E+0,5.3564000E-3,5.0000600E+1,6.4970310E-2,1.9800000E-2
0.0000000E+0,5.3079000E-3,5.0000200E+1,6.4970310E-2,1.9800000E-2
0.0000000E+0,5.2571000E-3,5.0000400E+1,6.4970310E-2,1.9800000E-2
0.0000000E+0,5.2114000E-3,5.0000300E+1,6.4970310E-2,1.9800000E-2
0.0000000E+0,5.1560000E-3,5.0000400E+1,6.4970310E-2,1.9800000E-2
0.0000000E+0,5.1077000E-3,5.0000400E+1,6.4970310E-2,1.9800000E-2
0.0000000E+0,5.0561000E-3,5.0000500E+1,6.4970310E-2,1.9800000E-2
0.0000000E+0,5.0091000E-3,5.0000400E+1,6.4970310E-2,1.9800000E-2
0.0000000E+0,4.9546000E-3,5.0000400E+1,6.4970310E-2,1.9800000E-2
0.0000000E+0,4.9025000E-3,5.0000200E+1,6.4970310E-2,1.9800000E-2
0.0000000E+0,4.8635000E-3,5.0000600E+1,6.4970310E-2,1.9800000E-2
0.0000000E+0,4.8059000E-3,5.0000200E+1,6.4970310E-2,1.9800000E-2
0.0000000E+0,4.7633000E-3,5.0000500E+1,6.4970310E-2,1.9800000E-2
0.0000000E+0,4.7031000E-3,5.0000300E+1,6.4970310E-2,1.9800000E-2
0.0000000E+0,4.6581000E-3,5.0000600E+1,6.4970310E-2,1.9800000E-2
0.0000000E+0,4.6044000E-3,5.0000600E+1,6.4970310E-2,1.9800000E-2
0.0000000E+0,4.5557000E-3,5.0000800E+1,6.4970310E-2,1.9800000E-2
0.0000000E+0,4.5049000E-3,5.0000800E+1,6.4970310E-2,1.9800000E-2
0.0000000E+0,4.4644000E-3,5.0000800E+1,6.4970310E-2,1.9800000E-2
0.0000000E+0,4.4076000E-3,5.0000200E+1,6.4970310E-2,1.9800000E-2
0.0000000E+0,4.3554000E-3,5.0000200E+1,6.4970310E-2,1.9800000E-2
0.0000000E+0,4.2993000E-3,5.0000700E+1,6.4970310E-2,1.9800000E-2
0.0000000E+0,4.2574000E-3,5.0000800E+1,6.4970310E-2,1.9800000E-2
0.0000000E+0,4.2062000E-3,5.0000700E+1,6.4970310E-2,1.9800000E-2
0.0000000E+0,4.1502000E-3,5.0000900E+1,6.4970310E-2,1.9800000E-2
0.0000000E+0,4.1085000E-3,5.0000600E+1,6.4970310E-2,1.9800000E-2
0.0000000E+0,4.0610000E-3,5.0000700E+1,6.4970310E-2,1.9800000E-2
0.0000000E+0,4.0116000E-3,5.0000700E+1,6.4970310E-2,1.9800000E-2
0.0000000E+0,3.9554000E-3,5.0000600E+1,6.4970310E-2,1.9800000E-2
0.0000000E+0,3.9062000E-3,5.0000500E+1,6.4970310E-2,1.9800000E-2
0.0000000E+0,3.8563000E-3,5.0000400E+1,6.4970310E-2,1.9800000E-2
0.0000000E+0,3.8042000E-3,5.0000400E+1,6.4970310E-2,1.9800000E-2
0.0000000E+0,3.7566000E-3,5.0000800E+1,6.4970310E-2,1.9800000E-2
0.0000000E+0,3.7094000E-3,5.0000500E+1,6.4970310E-2,1.9800000E-2
0.0000000E+0,3.6570000E-3,5.0000700E+1,6.4970310E-2,1.9800000E-2
0.0000000E+0,3.6070000E-3,5.0000800E+1,6.4970310E-2,1.9800000E-2
0.0000000E+0,3.5542000E-3,5.0000700E+1,6.4970310E-2,1.9800000E-2
0.0000000E+0,3.5099000E-3,5.0000800E+1,6.4970310E-2,1.9800000E-2
0.0000000E+0,3.4560000E-3,5.0000700E+1,6.4970310E-2,1.9800000E-2
0.0000000E+0,3.4058000E-3,5.0000800E+1,6.4970310E-2,1.9800000E-2
0.0000000E+0,3.3543000E-3,5.0000000E+1,6.4970310E-2,1.9800000E-2
0.0000000E+0,3.3065000E-3,5.0000400E+1,6.4970310E-2,1.9800000E-2
0.0000000E+0,3.2562000E-3,5.0000400E+1,6.4970310E-2,1.9800000E-2
0.0000000E+0,3.2092000E-3,5.0000600E+1,6.4970310E-2,1.9800000E-2
0.0000000E+0,3.1555000E-3,5.0000600E+1,6.4970310E-2,1.9800000E-2
0.0000000E+0,3.1030000E-3,5.0000500E+1,6.4970310E-2,1.9800000E-2
0.0000000E+0,3.0536000E-3,5.0000700E+1,6.4970310E-2,1.9800000E-2
0.0000000E+0,3.0088000E-3,5.0000800E+1,6.4970310E-2,1.9800000E-2
0.0000000E+0,2.9557000E-3,5.0000400E+1,6.4970310E-2,1.9800000E-2
0.0000000E+0,2.9075000E-3,5.0000100E+1,6.4970310E-2,1.9800000E-2
0.0000000E+0,2.8526000E-3,5.0000600E+1,6.4970310E-2,1.9800000E-2
0.0000000E+0,2.8096000E-3,5.0000300E+1,6.4970310E-2,1.9800000E-2
0.0000000E+0,2.7595000E-3,5.0000500E+1,6.4970310E-2,1.9800000E-2
0.0000000E+0,2.7019000E-3,5.0000700E+1,6.4970310E-2,1.9800000E-2
0.0000000E+0,2.6609000E-3,5.0000600E+1,6.4970310E-2,1.9800000E-2
0.0000000E+0,2.6070000E-3,5.0000600E+1,6.4970310E-2,1.9800000E-2
0.0000000E+0,2.5607000E-3,5.0000500E+1,6.4970310E-2,1.9800000E-2
0.0000000E+0,2.5111000E-3,5.0000700E+1,6.4970310E-2,1.9800000E-2
0.0000000E+0,2.4564000E-3,5.0000700E+1,6.4970310E-2,1.9800000E-2
0.0000000E+0,2.4049000E-3,5.0000700E+1,6.4970310E-2,1.9800000E-2
0.0000000E+0,2.3608000E-3,5.0000500E+1,6.4970310E-2,1.9800000E-2
0.0000000E+0,2.3056000E-3,5.0000800E+1,6.4970310E-2,1.9800000E-2
0.0000000E+0,2.2596000E-3,5.0000600E+1,6.4970310E-2,1.9800000E-2
0.0000000E+0,2.2077000E-3,5.0000700E+1,6.4970310E-2,1.9800000E-2
0.0000000E+0,2.1545000E-3,5.0000600E+1,6.4970310E-2,1.9800000E-2
0.0000000E+0,2.1073000E-3,5.0000500E+1,6.4970310E-2,1.9800000E-2
0.0000000E+0,2.0537000E-3,5.0000500E+1,6.4970310E-2,1.9800000E-2
0.0000000E+0,2.0107000E-3,5.0000500E+1,6.4970310E-2,1.9800000E-2
0.0000000E+0,1.9546000E-3,5.0000800E+1,6.4970310E-2,1.9800000E-2
0.0000000E+0,1.9059000E-3,5.0000500E+1,6.4970310E-2,1.9800000E-2
0.0000000E+0,1.8560000E-3,5.0000300E+1,6.4970310E-2,1.9800000E-2
0.0000000E+0,1.8088000E-3,5.0000100E+1,6.4970310E-2,1.9800000E-2
0.0000000E+0,1.7534000E-3,5.0000700E+1,6.4970310E-2,1.9800000E-2
0.0000000E+0,1.7078000E-3,5.0000800E+1,6.4970310E-2,1.9800000E-2
0.0000000E+0,1.6550000E-3,5.0001100E+1,6.4970310E-2,1.9800000E-2
0.0000000E+0,1.6111000E-3,5.0000400E+1,6.4970310E-2,1.9800000E-2
0.0000000E+0,1.5528000E-3,5.0000700E+1,6.4970310E-2,1.9800000E-2
0.0000000E+0,1.5081000E-3,5.0000800E+1,6.4970310E-2,1.9800000E-2
0.0000000E+0,1.4606000E-3,5.0000500E+1,6.4970310E-2,1.9800000E-2
0.0000000E+0,1.4084000E-3,5.0000600E+1,6.4970310E-2,1.9800000E-2
0.0000000E+0,1.3589000E-3,5.0000600E+1,6.4970310E-2,1.9800000E-2
0.0000000E+0,1.3095000E-3,5.0000800E+1,6.4970310E-2,1.9800000E-2
0.0000000E+0,1.2552000E-3,5.0000400E+1,6.4970310E-2,1.9800000E-2
0.0000000E+0,1.2042000E-3,5.0000900E+1,6.4970310E-2,1.9800000E-2
0.0000000E+0,1.1575000E-3,5.0000400E+1,6.4970310E-2,1.9800000E-2
0.0000000E+0,1.1050000E-3,5.0000700E+1,6.4970310E-2,1.9800000E-2
0.0000000E+0,1.0617000E-3,5.0000700E+1,6.4970310E-2,1.9800000E-2
0.0000000E+0,1.0035000E-3,5.0000600E+1,6.4970310E-2,1.9800000E-2
0.0000000E+0,9.6140000E-4,5.0000400E+1,6.4970310E-2,1.9800000E-2
0.0000000E+0,9.0710000E-4,5.0000400E+1,6.4970310E-2,1.9800000E-2
0.0000000E+0,8.6390000E-4,5.0000600E+1,6.4970310E-2,1.9800000E-2
0.0000000E+0,8.0340000E-4,5.0000300E+1,6.4970310E-2,1.9800000E-2
0.0000000E+0,7.5130000E-4,5.0000800E+1,6.4970310E-2,1.9800000E-2
0.0000000E+0,7.0610000E-4,5.0000600E+1,6.4970310E-2,1.9800000E-2
0.0000000E+0,6.5460000E-4,5.0000900E+1,6.4970310E-2,1.9800000E-2
0.0000000E+0,6.1030000E-4,5.0000500E+1,6.4970310E-2,1.9800000E-2
0.0000000E+0,5.5850000E-4,5.0000400E+1,6.4970310E-2,1.9800000E-2
0.0000000E+0,5.0840000E-4,5.0000300E+1,6.4970310E-2,1.9800000E-2
0.0000000E+0,4.6340000E-4,5.0000600E+1,6.4970310E-2,1.9800000E-2
0.0000000E+0,4.1420000E-4,5.0000400E+1,6.4970310E-2,1.9800000E-2
0.0000000E+0,3.5610000E-4,5.0000800E+1,6.4970310E-2,1.9800000E-2
0.0000000E+0,3.0230000E-4,5.0000600E+1,6.4970310E-2,1.9800000E-2
0.0000000E+0,2.5220000E-4,5.0000500E+1,6.4970310E-2,1.9800000E-2
0.0000000E+0,2.1250000E-4,5.0000400E+1,6.4970310E-2,1.9800000E-2
0.0000000E+0,1.6330000E-4,5.0000500E+1,6.4970310E-2,1.9800000E-2
0.0000000E+0,1.1120000E-4,5.0000600E+1,6.4970310E-2,1.9800000E-2
0.0000000E+0,5.7000000E-5,5.0000900E+1,6.4970310E-2,1.9800000E-2
0.0000000E+0,8.2000000E-6,5.0000900E+1,6.4970310E-2,1.9800000E-2
0.0000000E+0,-4.5000000E-5,5.0000500E+1,6.4970310E-2,1.9800000E-2
0.0000000E+0,-9.2000000E-5,5.0000900E+1,6.4970310E-2,1.9800000E-2
0.0000000E+0,-1.4600000E-4,5.0000800E+1,6.4970310E-2,1.9800000E-2
0.0000000E+0,-1.9840000E-4,5.0000400E+1,6.4970310E-2,1.9800000E-2
0.0000000E+0,-2.4200000E-4,5.0000300E+1,6.4970310E-2,1.9800000E-2
0.0000000E+0,-2.9170000E-4,5.0000800E+1,6.4970310E-2,1.9800000E-2
0.0000000E+0,-3.4790000E-4,5.0000300E+1,6.4970310E-2,1.9800000E-2
0.0000000E+0,-3.9020000E-4,5.0000200E+1,6.4970310E-2,1.9800000E-2
0.0000000E+0,-4.4350000E-4,5.0000700E+1,6.4970310E-2,1.9800000E-2
0.0000000E+0,-4.9270000E-4,5.0000900E+1,6.4970310E-2,1.9800000E-2
0.0000000E+0,-5.4230000E-4,5.0000200E+1,6.4970310E-2,1.9800000E-2
0.0000000E+0,-5.8900000E-4,5.0000300E+1,6.4970310E-2,1.9800000E-2
0.0000000E+0,-6.4130000E-4,5.0000700E+1,6.4970310E-2,1.9800000E-2
0.0000000E+0,-6.8940000E-4,5.0000500E+1,6.4970310E-2,1.9800000E-2
0.0000000E+0,-7.4020000E-4,5.0000700E+1,6.4970310E-2,1.9800000E-2
0.0000000E+0,-7.9030000E-4,5.0000500E+1,6.4970310E-2,1.9800000E-2
0.0000000E+0,-8.3840000E-4,5.0000200E+1,6.4970310E-2,1.9800000E-2
0.0000000E+0,-9.0040000E-4,5.0000400E+1,6.4970310E-2,1.9800000E-2
0.0000000E+0,-9.4050000E-4,5.0000800E+1,6.4970310E-2,1.9800000E-2
0.0000000E+0,-9.8990000E-4,5.0000700E+1,6.4970310E-2,1.9800000E-2
0.0000000E+0,-1.0303000E-3,5.0000600E+1,6.4970310E-2,1.9800000E-2
0.0000000E+0,-1.0945000E-3,5.0000600E+1,6.4970310E-2,1.9800000E-2
0.0000000E+0,-1.1475000E-3,5.0000500E+1,6.4970310E-2,1.9800000E-2
0.0000000E+0,-1.1823000E-3,5.0000700E+1,6.4970310E-2,1.9800000E-2
0.0000000E+0,-1.2331000E-3,5.0000600E+1,6.4970310E-2,1.9800000E-2
0.0000000E+0,-1.2858000E-3,5.0000600E+1,6.4970310E-2,1.9800000E-2
0.0000000E+0,-1.3428000E-3,5.0000700E+1,6.4970310E-2,1.9800000E-2
0.0000000E+0,-1.3973000E-3,5.0001000E+1,6.4970310E-2,1.9800000E-2
0.0000000E+0,-1.4432000E-3,5.0000700E+1,6.4970310E-2,1.9800000E-2
0.0000000E+0,-1.4912000E-3,5.0000900E+1,6.4970310E-2,1.9800000E-2
0.0000000E+0,-1.5398000E-3,5.0000600E+1,6.4970310E-2,1.9800000E-2
0.0000000E+0,-1.5960000E-3,5.0000800E+1,6.4970310E-2,1.9800000E-2
0.0000000E+0,-1.6386000E-3,5.0000600E+1,6.4970310E-2,1.9800000E-2
0.0000000E+0,-1.6893000E-3,5.0000400E+1,6.4970310E-2,1.9800000E-2
0.0000000E+0,-1.7315000E-3,5.0000500E+1,6.4970310E-2,1.9800000E-2
0.0000000E+0,-1.7984000E-3,5.0000600E+1,6.4970310E-2,1.9800000E-2
0.0000000E+0,-1.8445000E-3,5.0000700E+1,6.4970310E-2,1.9800000E-2
0.0000000E+0,-1.8941000E-3,5.0000700E+1,6.4970310E-2,1.9800000E-2
0.0000000E+0,-1.9427000E-3,5.0000700E+1,6.4970310E-2,1.9800000E-2
0.0000000E+0,-1.9949000E-3,5.0000500E+1,6.4970310E-2,1.9800000E-2
0.0000000E+0,-2.0402000E-3,5.0000800E+1,6.4970310E-2,1.9800000E-2
0.0000000E+0,-2.0949000E-3,5.0001100E+1,6.4970310E-2,1.9800000E-2
0.0000000E+0,-2.1415000E-3,5.0000500E+1,6.4970310E-2,1.9800000E-2
0.0000000E+0,-2.1960000E-3,5.0000600E+1,6.4970310E-2,1.9800000E-2
0.0000000E+0,-2.2445000E-3,5.0000500E+1,6.4970310E-2,1.9800000E-2
0.0000000E+0,-2.2882000E-3,5.0000500E+1,6.4970310E-2,1.9800000E-2
0.0000000E+0,-2.3445000E-3,5.0000500E+1,6.4970310E-2,1.9800000E-2
0.0000000E+0,-2.3901000E-3,5.0000500E+1,6.4970310E-2,1.9800000E-2
0.0000000E+0,-2.4408000E-3,5.0000500E+1,6.4970310E-2,1.9800000E-2
0.0000000E+0,-2.4940000E-3,5.0000400E+1,6.4970310E-2,1.9800000E-2
0.0000000E+0,-2.5441000E-3,5.0000900E+1,6.4970310E-2,1.9800000E-2
0.0000000E+0,-2.5876000E-3,5.0000400E+1,6.4970310E-2,1.9800000E-2
0.0000000E+0,-2.6491000E-3,5.0000700E+1,6.4970310E-2,1.9800000E-2
0.0000000E+0,-2.6946000E-3,5.0000500E+1,6.4970310E-2,1.9800000E-2
0.0000000E+0,-2.7409000E-3,5.0000500E+1,6.4970310E-2,1.9800000E-2
0.0000000E+0,-2.7970000E-3,5.0000800E+1,6.4970310E-2,1.9800000E-2
0.0000000E+0,-2.8431000E-3,5.0000400E+1,6.4970310E-2,1.9800000E-2
0.0000000E+0,-2.8960000E-3,5.0000400E+1,6.4970310E-2,1.9800000E-2
0.0000000E+0,-2.9421000E-3,5.0000700E+1,6.4970310E-2,1.9800000E-2
0.0000000E+0,-2.9907000E-3,5.0001000E+1,6.4970310E-2,1.9800000E-2
0.0000000E+0,-3.0461000E-3,5.0000500E+1,6.4970310E-2,1.9800000E-2
0.0000000E+0,-3.0919000E-3,5.0001000E+1,6.4970310E-2,1.9800000E-2
0.0000000E+0,-3.1431000E-3,5.0001100E+1,6.4970310E-2,1.9800000E-2
0.0000000E+0,-3.1926000E-3,5.0000600E+1,6.4970310E-2,1.9800000E-2
0.0000000E+0,-3.2453000E-3,5.0000800E+1,6.4970310E-2,1.9800000E-2
0.0000000E+0,-3.2920000E-3,5.0000700E+1,6.4970310E-2,1.9800000E-2
0.0000000E+0,-3.3443000E-3,5.0000800E+1,6.4970310E-2,1.9800000E-2
0.0000000E+0,-3.3905000E-3,5.0000600E+1,6.4970310E-2,1.9800000E-2
0.0000000E+0,-3.4399000E-3,5.0000500E+1,6.4970310E-2,1.9800000E-2
0.0000000E+0,-3.4893000E-3,5.0000400E+1,6.4970310E-2,1.9800000E-2
0.0000000E+0,-3.5425000E-3,5.0001000E+1,6.4970310E-2,1.9800000E-2
0.0000000E+0,-3.5963000E-3,5.0000900E+1,6.4970310E-2,1.9800000E-2
0.0000000E+0,-3.6407000E-3,5.0000700E+1,6.4970310E-2,1.9800000E-2
0.0000000E+0,-3.6950000E-3,5.0000500E+1,6.4970310E-2,1.9800000E-2
0.0000000E+0,-3.7406000E-3,5.0000800E+1,6.4970310E-2,1.9800000E-2
0.0000000E+0,-3.7913000E-3,5.0001000E+1,6.4970310E-2,1.9800000E-2
0.0000000E+0,-3.8425000E-3,5.0000700E+1,6.4970310E-2,1.9800000E-2
0.0000000E+0,-3.8946000E-3,5.0000500E+1,6.4970310E-2,1.9800000E-2
0.0000000E+0,-3.9440000E-3,5.0000900E+1,6.4970310E-2,1.9800000E-2
0.0000000E+0,-3.9961000E-3,5.0000700E+1,6.4970310E-2,1.9800000E-2
0.0000000E+0,-4.0415000E-3,5.0000700E+1,6.4970310E-2,1.9800000E-2
0.0000000E+0,-4.0923000E-3,5.0000700E+1,6.4970310E-2,1.9800000E-2
0.0000000E+0,-4.1422000E-3,5.0000900E+1,6.4970310E-2,1.9800000E-2
0.0000000E+0,-4.1909000E-3,5.0000700E+1,6.4970310E-2,1.9800000E-2
0.0000000E+0,-4.2423000E-3,5.0001000E+1,6.4970310E-2,1.9800000E-2
0.0000000E+0,-4.2971000E-3,5.0001200E+1,6.4970310E-2,1.9800000E-2
0.0000000E+0,-4.3376000E-3,5.0000600E+1,6.4970310E-2,1.9800000E-2
0.0000000E+0,-4.3921000E-3,5.0000800E+1,6.4970310E-2,1.9800000E-2
0.0000000E+0,-4.4458000E-3,5.0000500E+1,6.4970310E-2,1.9800000E-2
0.0000000E+0,-4.4897000E-3,5.0000500E+1,6.4970310E-2,1.9800000E-2
0.0000000E+0,-4.5404000E-3,5.0000900E+1,6.4970310E-2,1.9800000E-2
0.0000000E+0,-4.5914000E-3,5.0001000E+1,6.4970310E-2,1.9800000E-2
0.0000000E+0,-4.6466000E-3,5.0000800E+1,6.4970310E-2,1.9800000E-2
0.0000000E+0,-4.6920000E-3,5.0000800E+1,6.4970310E-2,1.9800000E-2
0.0000000E+0,-4.7460000E-3,5.0001000E+1,6.4970310E-2,1.9800000E-2
0.0000000E+0,-4.7937000E-3,5.0000900E+1,6.4970310E-2,1.9800000E-2
0.0000000E+0,-4.8442000E-3,5.0001000E+1,6.4970310E-2,1.9800000E-2
0.0000000E+0,-4.8916000E-3,5.0000300E+1,6.4970310E-2,1.9800000E-2
0.0000000E+0,-4.9460000E-3,5.0000700E+1,6.4970310E-2,1.9800000E-2
0.0000000E+0,-4.9910000E-3,5.0000500E+1,6.4970310E-2,1.9800000E-2
0.0000000E+0,-5.0426000E-3,5.0000400E+1,6.4970310E-2,1.9800000E-2
0.0000000E+0,-5.0966000E-3,5.0000700E+1,6.4970310E-2,1.9800000E-2
0.0000000E+0,-5.1418000E-3,5.0000500E+1,6.4970310E-2,1.9800000E-2
0.0000000E+0,-5.1944000E-3,5.0000700E+1,6.4970310E-2,1.9800000E-2
0.0000000E+0,-5.2438000E-3,5.0000800E+1,6.4970310E-2,1.9800000E-2
0.0000000E+0,-5.2968000E-3,5.0000600E+1,6.4970310E-2,1.9800000E-2
0.0000000E+0,-5.3449000E-3,5.0000700E+1,6.4970310E-2,1.9800000E-2
0.0000000E+0,-5.3914000E-3,5.0000500E+1,6.4970310E-2,1.9800000E-2
0.0000000E+0,-5.4386000E-3,5.0000900E+1,6.4970310E-2,1.9800000E-2
0.0000000E+0,-5.4982000E-3,5.0000900E+1,6.4970310E-2,1.9800000E-2
0.0000000E+0,-5.5437000E-3,5.0000600E+1,6.4970310E-2,1.9800000E-2
0.0000000E+0,-5.5928000E-3,5.0000900E+1,6.4970310E-2,1.9800000E-2
0.0000000E+0,-5.6407000E-3,5.0000700E+1,6.4970310E-2,1.9800000E-2
0.0000000E+0,-5.6963000E-3,5.0000400E+1,6.4970310E-2,1.9800000E-2
0.0000000E+0,-5.7336000E-3,5.0000500E+1,6.4970310E-2,1.9800000E-2
0.0000000E+0,-5.7929000E-3,5.0000200E+1,6.4970310E-2,1.9800000E-2
0.0000000E+0,-5.8411000E-3,5.0000600E+1,6.4970310E-2,1.9800000E-2
0.0000000E+0,-5.8956000E-3,5.0000700E+1,6.4970310E-2,1.9800000E-2
0.0000000E+0,-5.9421000E-3,5.0000700E+1,6.4970310E-2,1.9800000E-2
0.0000000E+0,-5.9915000E-3,5.0000700E+1,6.4970310E-2,1.9800000E-2
0.0000000E+0,-6.0441000E-3,5.0000700E+1,6.4970310E-2,1.9800000E-2
0.0000000E+0,-6.0923000E-3,5.0000500E+1,6.4970310E-2,1.9800000E-2
0.0000000E+0,-6.1447000E-3,5.0000900E+1,6.4970310E-2,1.9800000E-2
0.0000000E+0,-6.1947000E-3,5.0000900E+1,6.4970310E-2,1.9800000E-2
0.0000000E+0,-6.2373000E-3,5.0000400E+1,6.4970310E-2,1.9800000E-2
0.0000000E+0,-6.2947000E-3,5.0000500E+1,6.4970310E-2,1.9800000E-2
0.0000000E+0,-6.3395000E-3,5.0000400E+1,6.4970310E-2,1.9800000E-2
0.0000000E+0,-6.3918000E-3,5.0000600E+1,6.4970310E-2,1.9800000E-2
0.0000000E+0,-6.4392000E-3,5.0000900E+1,6.4970310E-2,1.9800000E-2
0.0000000E+0,-6.4881000E-3,5.0000900E+1,6.4970310E-2,1.9800000E-2
0.0000000E+0,-6.5447000E-3,5.0000900E+1,6.4970310E-2,1.9800000E-2
0.0000000E+0,-6.5908000E-3,5.0000600E+1,6.4970310E-2,1.9800000E-2
0.0000000E+0,-6.6408000E-3,5.0000500E+1,6.4970310E-2,1.9800000E-2
0.0000000E+0,-6.6963000E-3,5.0000600E+1,6.4970310E-2,1.9800000E-2
0.0000000E+0,-6.7399000E-3,5.0000500E+1,6.4970310E-2,1.9800000E-2
0.0000000E+0,-6.7875000E-3,5.0000400E+1,6.4970310E-2,1.9800000E-2
0.0000000E+0,-6.8430000E-3,5.0000600E+1,6.4970310E-2,1.9800000E-2
0.0000000E+0,-6.8966000E-3,5.0000700E+1,6.4970310E-2,1.9800000E-2
0.0000000E+0,-6.9385000E-3,5.0000600E+1,6.4970310E-2,1.9800000E-2
0.0000000E+0,-6.9948000E-3,5.0000700E+1,6.4970310E-2,1.9800000E-2
0.0000000E+0,-7.0459000E-3,5.0000700E+1,6.4970310E-2,1.9800000E-2
0.0000000E+0,-7.0887000E-3,5.0000500E+1,6.4970310E-2,1.9800000E-2
0.0000000E+0,-7.1444000E-3,5.0000400E+1,6.4970310E-2,1.9800000E-2
0.0000000E+0,-7.1920000E-3,5.0000600E+1,6.4970310E-2,1.9800000E-2
0.0000000E+0,-7.2381000E-3,5.0000400E+1,6.4970310E-2,1.9800000E-2
0.0000000E+0,-7.2899000E-3,5.0000100E+1,6.4970310E-2,1.9800000E-2
0.0000000E+0,-7.3420000E-3,5.0000300E+1,6.4970310E-2,1.9800000E-2
0.0000000E+0,-7.3915000E-3,5.0000300E+1,6.4970310E-2,1.9800000E-2
0.0000000E+0,-7.4265000E-3,5.0000600E+1,6.4970310E-2,1.9800000E-2
0.0000000E+0,-7.4923000E-3,5.0000900E+1,6.4970310E-2,1.9800000E-2
0.0000000E+0,-7.5457000E-3,5.0000700E+1,6.4970310E-2,1.9800000E-2
0.0000000E+0,-7.5778000E-3,5.0000900E+1,6.4970310E-2,1.9800000E-2
0.0000000E+0,-7.6348000E-3,5.0000700E+1,6.4970310E-2,1.9800000E-2
0.0000000E+0,-7.6868000E-3,5.0000700E+1,6.4970310E-2,1.9800000E-2
0.0000000E+0,-7.7352000E-3,5.0000800E+1,6.4970310E-2,1.9800000E-2
0.0000000E+0,-7.8010000E-3,5.0001500E+1,6.4970310E-2,1.9800000E-2
0.0000000E+0,-7.8345000E-3,5.0000800E+1,6.4970310E-2,1.9800000E-2
0.0000000E+0,-7.8879000E-3,5.0000700E+1,6.4970310E-2,1.9800000E-2
0.0000000E+0,-7.9359000E-3,5.0000500E+1,6.4970310E-2,1.9800000E-2
0.0000000E+0,-8.0275000E-3,5.0000800E+1,6.4970310E-2,1.9800000E-2
0.0000000E+0,-8.0159000E-3,5.0000600E+1,6.4970310E-2,1.9800000E-2
0.0000000E+0,-8.0855000E-3,5.0000700E+1,6.4970310E-2,1.9800000E-2
0.0000000E+0,-8.1226000E-3,5.0000500E+1,6.4970310E-2,1.9800000E-2
0.0000000E+0,-8.2005000E-3,5.0000800E+1,6.4970310E-2,1.9800000E-2
0.0000000E+0,-8.2269000E-3,5.0000800E+1,6.4970310E-2,1.9800000E-2
0.0000000E+0,-8.3016000E-3,5.0000700E+1,6.4970310E-2,1.9800000E-2
0.0000000E+0,-8.3251000E-3,5.0000800E+1,6.4970310E-2,1.9800000E-2
0.0000000E+0,-8.3984000E-3,5.0000400E+1,6.4970310E-2,1.9800000E-2
0.0000000E+0,-8.4357000E-3,5.0000800E+1,6.4970310E-2,1.9800000E-2
0.0000000E+0,-8.4938000E-3,5.0000700E+1,6.4970310E-2,1.9800000E-2
0.0000000E+0,-8.5469000E-3,5.0000800E+1,6.4970310E-2,1.9800000E-2
0.0000000E+0,-8.5904000E-3,5.0000700E+1,6.4970310E-2,1.9800000E-2
0.0000000E+0,-8.6238000E-3,5.0001200E+1,6.4970310E-2,1.9800000E-2
0.0000000E+0,-8.6804000E-3,5.0000500E+1,6.4970310E-2,1.9800000E-2
0.0000000E+0,-8.7329000E-3,5.0001100E+1,6.4970310E-2,1.9800000E-2
0.0000000E+0,-8.7993000E-3,5.0000700E+1,6.4970310E-2,1.9800000E-2
0.0000000E+0,-8.7954000E-3,5.0000900E+1,6.4970310E-2,1.9800000E-2
0.0000000E+0,-8.8844000E-3,5.0000700E+1,6.4970310E-2,1.9800000E-2
0.0000000E+0,-8.9434000E-3,5.0000500E+1,6.4970310E-2,1.9800000E-2
0.0000000E+0,-8.9755000E-3,5.0000600E+1,6.4970310E-2,1.9800000E-2
0.0000000E+0,-9.0409000E-3,5.0000700E+1,6.4970310E-2,1.9800000E-2
0.0000000E+0,-9.0901000E-3,5.0000900E+1,6.4970310E-2,1.9800000E-2
0.0000000E+0,-9.1637000E-3,5.0001000E+1,6.4970310E-2,1.9800000E-2
0.0000000E+0,-9.1972000E-3,5.0001100E+1,6.4970310E-2,1.9800000E-2
0.0000000E+0,-9.1912000E-3,5.0000400E+1,6.4970310E-2,1.9800000E-2
0.0000000E+0,-9.2758000E-3,5.0000600E+1,6.4970310E-2,1.9800000E-2
0.0000000E+0,-9.2732000E-3,5.0000600E+1,6.4970310E-2,1.9800000E-2
0.0000000E+0,-9.3946000E-3,5.0001000E+1,6.4970310E-2,1.9800000E-2
0.0000000E+0,-9.4491000E-3,5.0000600E+1,6.4970310E-2,1.9800000E-2
0.0000000E+0,-9.4402000E-3,5.0000600E+1,6.4970310E-2,1.9800000E-2
0.0000000E+0,-9.5169000E-3,5.0000400E+1,6.4970310E-2,1.9800000E-2
0.0000000E+0,-9.5575000E-3,5.0000900E+1,6.4970310E-2,1.9800000E-2
0.0000000E+0,-9.6258000E-3,5.0000900E+1,6.4970310E-2,1.9800000E-2
0.0000000E+0,-9.6227000E-3,5.0000800E+1,6.4970310E-2,1.9800000E-2
0.0000000E+0,-9.6320000E-3,5.0000900E+1,6.4970310E-2,1.9800000E-2
0.0000000E+0,-9.7173000E-3,5.0001000E+1,6.4970310E-2,1.9800000E-2
0.0000000E+0,-9.8130000E-3,5.0000700E+1,6.4970310E-2,1.9800000E-2
0.0000000E+0,-9.8866000E-3,5.0000900E+1,6.4970310E-2,1.9800000E-2
0.0000000E+0,-9.9539000E-3,5.0000600E+1,6.4970310E-2,1.9800000E-2
0.0000000E+0,-9.8494000E-3,5.0001000E+1,6.4970310E-2,1.9800000E-2
0.0000000E+0,-9.9400000E-3,5.0000500E+1,6.4970310E-2,1.9800000E-2
0.0000000E+0,-1.0215200E-2,5.0000600E+1,6.4970310E-2,1.9800000E-2
0.0000000E+0,-1.0093800E-2,5.0001100E+1,6.4970310E-2,1.9800000E-2
0.0000000E+0,-1.0286400E-2,5.0001200E+1,6.4970310E-2,1.9800000E-2
0.0000000E+0,-1.0241400E-2,5.0000600E+1,6.4970310E-2,1.9800000E-2
0.0000000E+0,-1.0377400E-2,5.0001000E+1,6.4970310E-2,1.9800000E-2
0.0000000E+0,-1.0510200E-2,5.0000700E+1,6.4970310E-2,1.9800000E-2
0.0000000E+0,-1.0531700E-2,5.0000700E+1,6.4970310E-2,1.9800000E-2
0.0000000E+0,-1.0535900E-2,5.0000800E+1,6.4970310E-2,1.9800000E-2
0.0000000E+0,-1.0507800E-2,5.0000800E+1,6.4970310E-2,1.9800000E-2
0.0000000E+0,-1.0667600E-2,5.0000800E+1,6.4970310E-2,1.9800000E-2
0.0000000E+0,-1.0741300E-2,5.0000600E+1,6.4970310E-2,1.9800000E-2
0.0000000E+0,-1.0738500E-2,5.0000600E+1,6.4970310E-2,1.9800000E-2
0.0000000E+0,-1.0698300E-2,5.0000400E+1,6.4970310E-2,1.9800000E-2
0.0000000E+0,-1.0800700E-2,5.0000800E+1,6.4970310E-2,1.9800000E-2
0.0000000E+0,-1.0875000E-2,5.0001000E+1,6.4970310E-2,1.9800000E-2
0.0000000E+0,-1.0949400E-2,5.0000700E+1,6.4970310E-2,1.9800000E-2
0.0000000E+0,-1.1004000E-2,5.0000500E+1,6.4970310E-2,1.9800000E-2
0.0000000E+0,-1.1032600E-2,5.0000500E+1,6.4970310E-2,1.9800000E-2
0.0000000E+0,-1.1128500E-2,5.0000700E+1,6.4970310E-2,1.9800000E-2
0.0000000E+0,-1.1194100E-2,5.0000500E+1,6.4970310E-2,1.9800000E-2
0.0000000E+0,-1.1406400E-2,5.0000800E+1,6.4970310E-2,1.9800000E-2
0.0000000E+0,-1.1373000E-2,5.0000200E+1,6.4970310E-2,1.9800000E-2
0.0000000E+0,-1.1500200E-2,5.0000500E+1,6.4970310E-2,1.9800000E-2
0.0000000E+0,-1.1531800E-2,5.0000500E+1,6.4970310E-2,1.9800000E-2
0.0000000E+0,-1.1642000E-2,5.0000800E+1,6.4970310E-2,1.9800000E-2
0.0000000E+0,-1.1616100E-2,5.0000900E+1,6.4970310E-2,1.9800000E-2
0.0000000E+0,-1.1714700E-2,5.0001000E+1,6.4970310E-2,1.9800000E-2
0.0000000E+0,-1.1710500E-2,5.0000700E+1,6.4970310E-2,1.9800000E-2
0.0000000E+0,-1.1657100E-2,5.0000800E+1,6.4970310E-2,1.9800000E-2
0.0000000E+0,-1.1612100E-2,5.0000600E+1,6.4970310E-2,1.9800000E-2
0.0000000E+0,-1.1870900E-2,5.0001000E+1,6.4970310E-2,1.9800000E-2
0.0000000E+0,-1.1973300E-2,5.0000400E+1,6.4970310E-2,1.9800000E-2
0.0000000E+0,-1.1973700E-2,5.0000600E+1,6.4970310E-2,1.9800000E-2
0.0000000E+0,-1.1828600E-2,5.0000700E+1,6.4970310E-2,1.9800000E-2
0.0000000E+0,-1.2038900E-2,5.0000700E+1,6.4970310E-2,1.9800000E-2
0.0000000E+0,-1.2228800E-2,5.0000600E+1,6.4970310E-2,1.9800000E-2
0.0000000E+0,-1.2315500E-2,5.0001000E+1,6.4970310E-2,1.9800000E-2
0.0000000E+0,-1.2319200E-2,5.0000700E+1,6.4970310E-2,1.9800000E-2
0.0000000E+0,-1.2470100E-2,5.0000500E+1,6.4970310E-2,1.9800000E-2
0.0000000E+0,-1.2453100E-2,5.0000800E+1,6.4970310E-2,1.9800000E-2
0.0000000E+0,-1.2543300E-2,5.0000500E+1,6.4970310E-2,1.9800000E-2
0.0000000E+0,-1.2637300E-2,5.0000500E+1,6.4970310E-2,1.9800000E-2
0.0000000E+0,-1.2421200E-2,5.0000300E+1,6.4970310E-2,1.9800000E-2
0.0000000E+0,-1.2658700E-2,5.0000900E+1,6.4970310E-2,1.9800000E-2
0.0000000E+0,-1.2716600E-2,5.0000600E+1,6.4970310E-2,1.9800000E-2
0.0000000E+0,-1.2795700E-2,5.0000400E+1,6.4970310E-2,1.9800000E-2
0.0000000E+0,-1.2836500E-2,5.0000800E+1,6.4970310E-2,1.9800000E-2
0.0000000E+0,-1.2876400E-2,5.0000700E+1,6.4970310E-2,1.9800000E-2
0.0000000E+0,-1.2884600E-2,5.0000500E+1,6.4970310E-2,1.9800000E-2
0.0000000E+0,-1.2984100E-2,5.0000800E+1,6.4970310E-2,1.9800000E-2
0.0000000E+0,-1.3039700E-2,5.0000500E+1,6.4970310E-2,1.9800000E-2
0.0000000E+0,-1.3070700E-2,5.0000700E+1,6.4970310E-2,1.9800000E-2
0.0000000E+0,-1.3065200E-2,5.0000300E+1,6.4970310E-2,1.9800000E-2
0.0000000E+0,-1.3225600E-2,5.0000600E+1,6.4970310E-2,1.9800000E-2
0.0000000E+0,-1.3243600E-2,5.0000600E+1,6.4970310E-2,1.9800000E-2
0.0000000E+0,-1.3275300E-2,5.0000500E+1,6.4970310E-2,1.9800000E-2
0.0000000E+0,-1.3327600E-2,5.0000900E+1,6.4970310E-2,1.9800000E-2
0.0000000E+0,-1.3359700E-2,5.0000400E+1,6.4970310E-2,1.9800000E-2
0.0000000E+0,-1.3432400E-2,5.0000000E+1,6.4970310E-2,1.9800000E-2
0.0000000E+0,-1.3482300E-2,5.0000400E+1,6.4970310E-2,1.9800000E-2
0.0000000E+0,-1.3517100E-2,5.0000400E+1,6.4970310E-2,1.9800000E-2
0.0000000E+0,-1.3587800E-2,5.0000100E+1,6.4970310E-2,1.9800000E-2
0.0000000E+0,-1.3658700E-2,5.0000500E+1,6.4970310E-2,1.9800000E-2
0.0000000E+0,-1.3687700E-2,5.0000600E+1,6.4970310E-2,1.9800000E-2
0.0000000E+0,-1.3739600E-2,5.0000600E+1,6.4970310E-2,1.9800000E-2
0.0000000E+0,-1.3788700E-2,5.0000500E+1,6.4970310E-2,1.9800000E-2
0.0000000E+0,-1.3836600E-2,5.0000800E+1,6.4970310E-2,1.9800000E-2
0.0000000E+0,-1.3882900E-2,5.0001100E+1,6.4970310E-2,1.9800000E-2
0.0000000E+0,-1.3937500E-2,5.0000500E+1,6.4970310E-2,1.9800000E-2
0.0000000E+0,-1.3984900E-2,5.0000800E+1,6.4970310E-2,1.9800000E-2
0.0000000E+0,-1.4060200E-2,5.0000800E+1,6.4970310E-2,1.9800000E-2
0.0000000E+0,-1.4098300E-2,5.0000600E+1,6.4970310E-2,1.9800000E-2
0.0000000E+0,-1.4137800E-2,5.0000800E+1,6.4970310E-2,1.9800000E-2
0.0000000E+0,-1.4185700E-2,5.0000700E+1,6.4970310E-2,1.9800000E-2
0.0000000E+0,-1.4230000E-2,5.0001000E+1,6.4970310E-2,1.9800000E-2
0.0000000E+0,-1.4283400E-2,5.0000500E+1,6.4970310E-2,1.9800000E-2
0.0000000E+0,-1.4337000E-2,5.0000400E+1,6.4970310E-2,1.9800000E-2
0.0000000E+0,-1.4384700E-2,5.0000600E+1,6.4970310E-2,1.9800000E-2
0.0000000E+0,-1.4443400E-2,5.0000800E+1,6.4970310E-2,1.9800000E-2
0.0000000E+0,-1.4501700E-2,5.0000600E+1,6.4970310E-2,1.9800000E-2
0.0000000E+0,-1.4534200E-2,5.0000800E+1,6.4970310E-2,1.9800000E-2
0.0000000E+0,-1.4595800E-2,5.0000900E+1,6.4970310E-2,1.9800000E-2
0.0000000E+0,-1.4640900E-2,5.0000600E+1,6.4970310E-2,1.9800000E-2
0.0000000E+0,-1.4688900E-2,5.0000400E+1,6.4970310E-2,1.9800000E-2
0.0000000E+0,-1.4741400E-2,5.0000200E+1,6.4970310E-2,1.9800000E-2
0.0000000E+0,-1.4796900E-2,5.0000700E+1,6.4970310E-2,1.9800000E-2
0.0000000E+0,-1.4839600E-2,5.0000400E+1,6.4970310E-2,1.9800000E-2
0.0000000E+0,-1.4886200E-2,5.0000900E+1,6.4970310E-2,1.9800000E-2
0.0000000E+0,-1.4944900E-2,5.0000900E+1,6.4970310E-2,1.9800000E-2
0.0000000E+0,-1.4991700E-2,5.0001000E+1,6.4970310E-2,1.9800000E-2
