Idc,Bz,V_bg,Vdc_adc,dBz,
nA,T,V,mV,T/min,
0.0000000E+0,-1.4996100E-2,-5.0011700E+1,6.4970310E-2,1.9800000E-2
0.0000000E+0,-1.4959500E-2,-5.0011800E+1,6.4970310E-2,1.9800000E-2
0.0000000E+0,-1.4906600E-2,-5.0011800E+1,6.4970310E-2,1.9800000E-2
0.0000000E+0,-1.4853800E-2,-5.0011900E+1,6.4970310E-2,1.9800000E-2
0.0000000E+0,-1.4809300E-2,-5.0011600E+1,6.4970310E-2,1.9800000E-2
0.0000000E+0,-1.4761400E-2,-5.0011300E+1,6.4970310E-2,1.9800000E-2
0.0000000E+0,-1.4709300E-2,-5.0012000E+1,6.4970310E-2,1.9800000E-2
0.0000000E+0,-1.4655300E-2,-5.0012000E+1,6.4970310E-2,1.9800000E-2
0.0000000E+0,-1.4608900E-2,-5.0011900E+1,6.4970310E-2,1.9800000E-2
0.0000000E+0,-1.4557900E-2,-5.0011400E+1,6.4970310E-2,1.9800000E-2
0.0000000E+0,-1.4505700E-2,-5.0012000E+1,6.4970310E-2,1.9800000E-2
0.0000000E+0,-1.4453100E-2,-5.0012100E+1,6.4970310E-2,1.9800000E-2
0.0000000E+0,-1.4404600E-2,-5.0012100E+1,6.4970310E-2,1.9800000E-2
0.0000000E+0,-1.4362700E-2,-5.0012000E+1,6.4970310E-2,1.9800000E-2
0.0000000E+0,-1.4307800E-2,-5.0011600E+1,6.4970310E-2,1.9800000E-2
0.0000000E+0,-1.4252600E-2,-5.0011900E+1,6.4970310E-2,1.9800000E-2
0.0000000E+0,-1.4212200E-2,-5.0011500E+1,6.4970310E-2,1.9800000E-2
0.0000000E+0,-1.4156200E-2,-5.0011800E+1,6.4970310E-2,1.9800000E-2
0.0000000E+0,-1.4119200E-2,-5.0011800E+1,6.4970310E-2,1.9800000E-2
0.0000000E+0,-1.4047200E-2,-5.0011400E+1,6.4970310E-2,1.9800000E-2
0.0000000E+0,-1.4003700E-2,-5.0012100E+1,6.4970310E-2,1.9800000E-2
0.0000000E+0,-1.3958900E-2,-5.0011600E+1,6.4970310E-2,1.9800000E-2
0.0000000E+0,-1.3904000E-2,-5.0011500E+1,6.4970310E-2,1.9800000E-2
0.0000000E+0,-1.3870500E-2,-5.0011600E+1,6.4970310E-2,1.9800000E-2
0.0000000E+0,-1.3825500E-2,-5.0011700E+1,6.4970310E-2,1.9800000E-2
0.0000000E+0,-1.3769300E-2,-5.0011800E+1,6.4970310E-2,1.9800000E-2
0.0000000E+0,-1.3714100E-2,-5.0011800E+1,6.4970310E-2,1.9800000E-2
0.0000000E+0,-1.3644500E-2,-5.0012000E+1,6.4970310E-2,1.9800000E-2
0.0000000E+0,-1.3620800E-2,-5.0012400E+1,6.4970310E-2,1.9800000E-2
0.0000000E+0,-1.3575600E-2,-5.0011900E+1,6.4970310E-2,1.9800000E-2
0.0000000E+0,-1.3480700E-2,-5.0012000E+1,6.4970310E-2,1.9800000E-2
0.0000000E+0,-1.3481100E-2,-5.0012000E+1,6.4970310E-2,1.9800000E-2
0.0000000E+0,-1.3392700E-2,-5.0012200E+1,6.4970310E-2,1.9800000E-2
0.0000000E+0,-1.3353300E-2,-5.0012200E+1,6.4970310E-2,1.9800000E-2
0.0000000E+0,-1.3312900E-2,-5.0012300E+1,6.4970310E-2,1.9800000E-2
0.0000000E+0,-1.3227800E-2,-5.0012100E+1,6.4970310E-2,1.9800000E-2
0.0000000E+0,-1.3234300E-2,-5.0011900E+1,6.4970310E-2,1.9800000E-2
0.0000000E+0,-1.3158300E-2,-5.0012300E+1,6.4970310E-2,1.9800000E-2
0.0000000E+0,-1.3109300E-2,-5.0012300E+1,6.4970310E-2,1.9800000E-2
0.0000000E+0,-1.3057200E-2,-5.0012200E+1,6.4970310E-2,1.9800000E-2
0.0000000E+0,-1.3095300E-2,-5.0012300E+1,6.4970310E-2,1.9800000E-2
0.0000000E+0,-1.2970500E-2,-5.0012000E+1,6.4970310E-2,1.9800000E-2
0.0000000E+0,-1.2915400E-2,-5.0012200E+1,6.4970310E-2,1.9800000E-2
0.0000000E+0,-1.2885700E-2,-5.0012400E+1,6.4970310E-2,1.9800000E-2
0.0000000E+0,-1.2822100E-2,-5.0012700E+1,6.4970310E-2,1.9800000E-2
0.0000000E+0,-1.2828000E-2,-5.0012300E+1,6.4970310E-2,1.9800000E-2
0.0000000E+0,-1.2724600E-2,-5.0012100E+1,6.4970310E-2,1.9800000E-2
0.0000000E+0,-1.2723500E-2,-5.0012000E+1,6.4970310E-2,1.9800000E-2
0.0000000E+0,-1.2610200E-2,-5.0012300E+1,6.4970310E-2,1.9800000E-2
0.0000000E+0,-1.2596700E-2,-5.0012100E+1,6.4970310E-2,1.9800000E-2
0.0000000E+0,-1.2516000E-2,-5.0012000E+1,6.4970310E-2,1.9800000E-2
0.0000000E+0,-1.2450700E-2,-5.0012100E+1,6.4970310E-2,1.9800000E-2
0.0000000E+0,-1.2538200E-2,-5.0012300E+1,6.4970310E-2,1.9800000E-2
0.0000000E+0,-1.2350300E-2,-5.0012100E+1,6.4970310E-2,1.9800000E-2
0.0000000E+0,-1.2301500E-2,-5.0012400E+1,6.4970310E-2,1.9800000E-2
0.0000000E+0,-1.2234300E-2,-5.0012700E+1,6.4970310E-2,1.9800000E-2
0.0000000E+0,-1.2175900E-2,-5.0012400E+1,6.4970310E-2,1.9800000E-2
0.0000000E+0,-1.2176900E-2,-5.0012700E+1,6.4970310E-2,1.9800000E-2
0.0000000E+0,-1.2052000E-2,-5.0012500E+1,6.4970310E-2,1.9800000E-2
0.0000000E+0,-1.2047800E-2,-5.0012400E+1,6.4970310E-2,1.9800000E-2
0.0000000E+0,-1.2201500E-2,-5.0012800E+1,6.4970310E-2,1.9800000E-2
0.0000000E+0,-1.1973300E-2,-5.0012200E+1,6.4970310E-2,1.9800000E-2
0.0000000E+0,-1.1946900E-2,-5.0012300E+1,6.4970310E-2,1.9800000E-2
0.0000000E+0,-1.2046400E-2,-5.0012600E+1,6.4970310E-2,1.9800000E-2
0.0000000E+0,-1.1775800E-2,-5.0012200E+1,6.4970310E-2,1.9800000E-2
0.0000000E+0,-1.1886400E-2,-5.0012300E+1,6.4970310E-2,1.9800000E-2
0.0000000E+0,-1.1734000E-2,-5.0012300E+1,6.4970310E-2,1.9800000E-2
0.0000000E+0,-1.1680300E-2,-5.0012400E+1,6.4970310E-2,1.9800000E-2
0.0000000E+0,-1.1601400E-2,-5.0012400E+1,6.4970310E-2,1.9800000E-2
0.0000000E+0,-1.1624700E-2,-5.0012600E+1,6.4970310E-2,1.9800000E-2
0.0000000E+0,-1.1574200E-2,-5.0012800E+1,6.4970310E-2,1.9800000E-2
0.0000000E+0,-1.1510800E-2,-5.0012400E+1,6.4970310E-2,1.9800000E-2
0.0000000E+0,-1.1224900E-2,-5.0012600E+1,6.4970310E-2,1.9800000E-2
0.0000000E+0,-1.1394700E-2,-5.0013000E+1,6.4970310E-2,1.9800000E-2
0.0000000E+0,-1.1241100E-2,-5.0012400E+1,6.4970310E-2,1.9800000E-2
0.0000000E+0,-1.1155500E-2,-5.0012200E+1,6.4970310E-2,1.9800000E-2
0.0000000E+0,-1.1047000E-2,-5.0012900E+1,6.4970310E-2,1.9800000E-2
0.0000000E+0,-1.1029700E-2,-5.0012900E+1,6.4970310E-2,1.9800000E-2
0.0000000E+0,-1.0971100E-2,-5.0012800E+1,6.4970310E-2,1.9800000E-2
0.0000000E+0,-1.0708100E-2,-5.0012700E+1,6.4970310E-2,1.9800000E-2
0.0000000E+0,-1.0897100E-2,-5.0012700E+1,6.4970310E-2,1.9800000E-2
0.0000000E+0,-1.0758000E-2,-5.0012900E+1,6.4970310E-2,1.9800000E-2
0.0000000E+0,-1.0622800E-2,-5.0013000E+1,6.4970310E-2,1.9800000E-2
0.0000000E+0,-1.0543900E-2,-5.0013000E+1,6.4970310E-2,1.9800000E-2
0.0000000E+0,-1.0526100E-2,-5.0013400E+1,6.4970310E-2,1.9800000E-2
0.0000000E+0,-1.0418900E-2,-5.0013200E+1,6.4970310E-2,1.9800000E-2
0.0000000E+0,-1.0378800E-2,-5.0013200E+1,6.4970310E-2,1.9800000E-2
0.0000000E+0,-1.0297000E-2,-5.0013400E+1,6.4970310E-2,1.9800000E-2
0.0000000E+0,-1.0233000E-2,-5.0013600E+1,6.4970310E-2,1.9800000E-2
0.0000000E+0,-1.0236700E-2,-5.0013000E+1,6.4970310E-2,1.9800000E-2
0.0000000E+0,-1.0112600E-2,-5.0013100E+1,6.4970310E-2,1.9800000E-2
0.0000000E+0,-1.0137900E-2,-5.0013400E+1,6.4970310E-2,1.9800000E-2
0.0000000E+0,-1.0078900E-2,-5.0013300E+1,6.4970310E-2,1.9800000E-2
0.0000000E+0,-1.0049000E-2,-5.0013200E+1,6.4970310E-2,1.9800000E-2
0.0000000E+0,-9.9713000E-3,-5.0013400E+1,6.4970310E-2,1.9800000E-2
0.0000000E+0,-9.9467000E-3,-5.0013200E+1,6.4970310E-2,1.9800000E-2
0.0000000E+0,-9.8830000E-3,-5.0013300E+1,6.4970310E-2,1.9800000E-2
0.0000000E+0,-9.8582000E-3,-5.0013300E+1,6.4970310E-2,1.9800000E-2
0.0000000E+0,-9.8017000E-3,-5.0013300E+1,6.4970310E-2,1.9800000E-2
0.0000000E+0,-9.7252000E-3,-5.0013200E+1,6.4970310E-2,1.9800000E-2
0.0000000E+0,-9.6738000E-3,-5.0013200E+1,6.4970310E-2,1.9800000E-2
0.0000000E+0,-9.6000000E-3,-5.0013400E+1,6.4970310E-2,1.9800000E-2
0.0000000E+0,-9.5440000E-3,-5.0013300E+1,6.4970310E-2,1.9800000E-2
0.0000000E+0,-9.5251000E-3,-5.0013200E+1,6.4970310E-2,1.9800000E-2
0.0000000E+0,-9.4731000E-3,-5.0013700E+1,6.4970310E-2,1.9800000E-2
0.0000000E+0,-9.4210000E-3,-5.0013500E+1,6.4970310E-2,1.9800000E-2
0.0000000E+0,-9.3543000E-3,-5.0013400E+1,6.4970310E-2,1.9800000E-2
0.0000000E+0,-9.3596000E-3,-5.0013200E+1,6.4970310E-2,1.9800000E-2
0.0000000E+0,-9.2725000E-3,-5.0013600E+1,6.4970310E-2,1.9800000E-2
0.0000000E+0,-9.2080000E-3,-5.0013300E+1,6.4970310E-2,1.9800000E-2
0.0000000E+0,-9.1827000E-3,-5.0013600E+1,6.4970310E-2,1.9800000E-2
0.0000000E+0,-9.1273000E-3,-5.0013600E+1,6.4970310E-2,1.9800000E-2
0.0000000E+0,-9.0819000E-3,-5.0014100E+1,6.4970310E-2,1.9800000E-2
0.0000000E+0,-9.0108000E-3,-5.0013900E+1,6.4970310E-2,1.9800000E-2
0.0000000E+0,-8.9921000E-3,-5.0013700E+1,6.4970310E-2,1.9800000E-2
0.0000000E+0,-8.9079000E-3,-5.0013800E+1,6.4970310E-2,1.9800000E-2
0.0000000E+0,-8.8599000E-3,-5.0013900E+1,6.4970310E-2,1.9800000E-2
0.0000000E+0,-8.7836000E-3,-5.0013600E+1,6.4970310E-2,1.9800000E-2
0.0000000E+0,-8.7630000E-3,-5.0014000E+1,6.4970310E-2,1.9800000E-2
0.0000000E+0,-8.7253000E-3,-5.0013900E+1,6.4970310E-2,1.9800000E-2
0.0000000E+0,-8.6706000E-3,-5.0013800E+1,6.4970310E-2,1.9800000E-2
0.0000000E+0,-8.6139000E-3,-5.0013800E+1,6.4970310E-2,1.9800000E-2
0.0000000E+0,-8.5824000E-3,-5.0013800E+1,6.4970310E-2,1.9800000E-2
0.0000000E+0,-8.5117000E-3,-5.0013900E+1,6.4970310E-2,1.9800000E-2
0.0000000E+0,-8.4845000E-3,-5.0013700E+1,6.4970310E-2,1.9800000E-2
0.0000000E+0,-8.4355000E-3,-5.0013600E+1,6.4970310E-2,1.9800000E-2
0.0000000E+0,-8.3502000E-3,-5.0013700E+1,6.4970310E-2,1.9800000E-2
0.0000000E+0,-8.3205000E-3,-5.0013500E+1,6.4970310E-2,1.9800000E-2
0.0000000E+0,-8.2657000E-3,-5.0013800E+1,6.4970310E-2,1.9800000E-2
0.0000000E+0,-8.2287000E-3,-5.0013800E+1,6.4970310E-2,1.9800000E-2
0.0000000E+0,-8.1653000E-3,-5.0013900E+1,6.4970310E-2,1.9800000E-2
0.0000000E+0,-8.1133000E-3,-5.0013900E+1,6.4970310E-2,1.9800000E-2
0.0000000E+0,-8.0736000E-3,-5.0013900E+1,6.4970310E-2,1.9800000E-2
0.0000000E+0,-8.0075000E-3,-5.0013700E+1,6.4970310E-2,1.9800000E-2
0.0000000E+0,-7.9665000E-3,-5.0014000E+1,6.4970310E-2,1.9800000E-2
0.0000000E+0,-7.9113000E-3,-5.0014000E+1,6.4970310E-2,1.9800000E-2
0.0000000E+0,-7.8650000E-3,-5.0014300E+1,6.4970310E-2,1.9800000E-2
0.0000000E+0,-7.8200000E-3,-5.0014100E+1,6.4970310E-2,1.9800000E-2
0.0000000E+0,-7.7473000E-3,-5.0013900E+1,6.4970310E-2,1.9800000E-2
0.0000000E+0,-7.7084000E-3,-5.0013900E+1,6.4970310E-2,1.9800000E-2
0.0000000E+0,-7.6554000E-3,-5.0013400E+1,6.4970310E-2,1.9800000E-2
0.0000000E+0,-7.6069000E-3,-5.0013900E+1,6.4970310E-2,1.9800000E-2
0.0000000E+0,-7.5563000E-3,-5.0014100E+1,6.4970310E-2,1.9800000E-2
0.0000000E+0,-7.5186000E-3,-5.0013600E+1,6.4970310E-2,1.9800000E-2
0.0000000E+0,-7.4599000E-3,-5.0013400E+1,6.4970310E-2,1.9800000E-2
0.0000000E+0,-7.4038000E-3,-5.0014200E+1,6.4970310E-2,1.9800000E-2
0.0000000E+0,-7.3549000E-3,-5.0013800E+1,6.4970310E-2,1.9800000E-2
0.0000000E+0,-7.3092000E-3,-5.0013700E+1,6.4970310E-2,1.9800000E-2
0.0000000E+0,-7.2589000E-3,-5.0013800E+1,6.4970310E-2,1.9800000E-2
0.0000000E+0,-7.2091000E-3,-5.0013900E+1,6.4970310E-2,1.9800000E-2
0.0000000E+0,-7.1574000E-3,-5.0013800E+1,6.4970310E-2,1.9800000E-2
0.0000000E+0,-7.1084000E-3,-5.0013800E+1,6.4970310E-2,1.9800000E-2
0.0000000E+0,-7.0584000E-3,-5.0013900E+1,6.4970310E-2,1.9800000E-2
0.0000000E+0,-7.0081000E-3,-5.0013700E+1,6.4970310E-2,1.9800000E-2
0.0000000E+0,-6.9580000E-3,-5.0013900E+1,6.4970310E-2,1.9800000E-2
0.0000000E+0,-6.9070000E-3,-5.0014000E+1,6.4970310E-2,1.9800000E-2
0.0000000E+0,-6.8572000E-3,-5.0013900E+1,6.4970310E-2,1.9800000E-2
0.0000000E+0,-6.8019000E-3,-5.0014000E+1,6.4970310E-2,1.9800000E-2
0.0000000E+0,-6.7619000E-3,-5.0013500E+1,6.4970310E-2,1.9800000E-2
0.0000000E+0,-6.7082000E-3,-5.0013800E+1,6.4970310E-2,1.9800000E-2
0.0000000E+0,-6.6604000E-3,-5.0013700E+1,6.4970310E-2,1.9800000E-2
0.0000000E+0,-6.6076000E-3,-5.0013700E+1,6.4970310E-2,1.9800000E-2
0.0000000E+0,-6.5642000E-3,-5.0013600E+1,6.4970310E-2,1.9800000E-2
0.0000000E+0,-6.5088000E-3,-5.0014100E+1,6.4970310E-2,1.9800000E-2
0.0000000E+0,-6.4565000E-3,-5.0013900E+1,6.4970310E-2,1.9800000E-2
0.0000000E+0,-6.4148000E-3,-5.0013600E+1,6.4970310E-2,1.9800000E-2
0.0000000E+0,-6.3541000E-3,-5.0014100E+1,6.4970310E-2,1.9800000E-2
0.0000000E+0,-6.3160000E-3,-5.0013600E+1,6.4970310E-2,1.9800000E-2
0.0000000E+0,-6.2579000E-3,-5.0013900E+1,6.4970310E-2,1.9800000E-2
0.0000000E+0,-6.2096000E-3,-5.0013800E+1,6.4970310E-2,1.9800000E-2
0.0000000E+0,-6.1577000E-3,-5.0013900E+1,6.4970310E-2,1.9800000E-2
0.0000000E+0,-6.1079000E-3,-5.0013700E+1,6.4970310E-2,1.9800000E-2
0.0000000E+0,-6.0553000E-3,-5.0013800E+1,6.4970310E-2,1.9800000E-2
0.0000000E+0,-6.0079000E-3,-5.0013700E+1,6.4970310E-2,1.9800000E-2
0.0000000E+0,-5.9609000E-3,-5.0013900E+1,6.4970310E-2,1.9800000E-2
0.0000000E+0,-5.9098000E-3,-5.0013900E+1,6.4970310E-2,1.9800000E-2
0.0000000E+0,-5.8552000E-3,-5.0014100E+1,6.4970310E-2,1.9800000E-2
0.0000000E+0,-5.8091000E-3,-5.0013400E+1,6.4970310E-2,1.9800000E-2
0.0000000E+0,-5.7559000E-3,-5.0013600E+1,6.4970310E-2,1.9800000E-2
0.0000000E+0,-5.7054000E-3,-5.0014000E+1,6.4970310E-2,1.9800000E-2
0.0000000E+0,-5.6542000E-3,-5.0013800E+1,6.4970310E-2,1.9800000E-2
0.0000000E+0,-5.6064000E-3,-5.0013600E+1,6.4970310E-2,1.9800000E-2
0.0000000E+0,-5.5583000E-3,-5.0013900E+1,6.4970310E-2,1.9800000E-2
0.0000000E+0,-5.5082000E-3,-5.0013400E+1,6.4970310E-2,1.9800000E-2
0.0000000E+0,-5.4528000E-3,-5.0013700E+1,6.4970310E-2,1.9800000E-2
0.0000000E+0,-5.4056000E-3,-5.0014000E+1,6.4970310E-2,1.9800000E-2
0.0000000E+0,-5.3568000E-3,-5.0013500E+1,6.4970310E-2,1.9800000E-2
0.0000000E+0,-5.3067000E-3,-5.0013500E+1,6.4970310E-2,1.9800000E-2
0.0000000E+0,-5.2562000E-3,-5.0013500E+1,6.4970310E-2,1.9800000E-2
0.0000000E+0,-5.2037000E-3,-5.0013700E+1,6.4970310E-2,1.9800000E-2
0.0000000E+0,-5.1576000E-3,-5.0014200E+1,6.4970310E-2,1.9800000E-2
0.0000000E+0,-5.1057000E-3,-5.0013700E+1,6.4970310E-2,1.9800000E-2
0.0000000E+0,-5.0508000E-3,-5.0013800E+1,6.4970310E-2,1.9800000E-2
0.0000000E+0,-5.0049000E-3,-5.0013700E+1,6.4970310E-2,1.9800000E-2
0.0000000E+0,-4.9608000E-3,-5.0013700E+1,6.4970310E-2,1.9800000E-2
0.0000000E+0,-4.9056000E-3,-5.0013800E+1,6.4970310E-2,1.9800000E-2
0.0000000E+0,-4.8566000E-3,-5.0013800E+1,6.4970310E-2,1.9800000E-2
0.0000000E+0,-4.8037000E-3,-5.0013700E+1,6.4970310E-2,1.9800000E-2
0.0000000E+0,-4.7560000E-3,-5.0013700E+1,6.4970310E-2,1.9800000E-2
0.0000000E+0,-4.7062000E-3,-5.0013700E+1,6.4970310E-2,1.9800000E-2
0.0000000E+0,-4.6539000E-3,-5.0013700E+1,6.4970310E-2,1.9800000E-2
0.0000000E+0,-4.6082000E-3,-5.0013400E+1,6.4970310E-2,1.9800000E-2
0.0000000E+0,-4.5546000E-3,-5.0013900E+1,6.4970310E-2,1.9800000E-2
0.0000000E+0,-4.5036000E-3,-5.0014000E+1,6.4970310E-2,1.9800000E-2
0.0000000E+0,-4.4608000E-3,-5.0013700E+1,6.4970310E-2,1.9800000E-2
0.0000000E+0,-4.4094000E-3,-5.0013500E+1,6.4970310E-2,1.9800000E-2
0.0000000E+0,-4.3574000E-3,-5.0013300E+1,6.4970310E-2,1.9800000E-2
0.0000000E+0,-4.3026000E-3,-5.0013800E+1,6.4970310E-2,1.9800000E-2
0.0000000E+0,-4.2552000E-3,-5.0014000E+1,6.4970310E-2,1.9800000E-2
0.0000000E+0,-4.2093000E-3,-5.0013900E+1,6.4970310E-2,1.9800000E-2
0.0000000E+0,-4.1532000E-3,-5.0014200E+1,6.4970310E-2,1.9800000E-2
0.0000000E+0,-4.1049000E-3,-5.0014100E+1,6.4970310E-2,1.9800000E-2
0.0000000E+0,-4.0555000E-3,-5.0014000E+1,6.4970310E-2,1.9800000E-2
0.0000000E+0,-4.0088000E-3,-5.0013700E+1,6.4970310E-2,1.9800000E-2
0.0000000E+0,-3.9554000E-3,-5.0013900E+1,6.4970310E-2,1.9800000E-2
0.0000000E+0,-3.9050000E-3,-5.0014100E+1,6.4970310E-2,1.9800000E-2
0.0000000E+0,-3.8529000E-3,-5.0013900E+1,6.4970310E-2,1.9800000E-2
0.0000000E+0,-3.8046000E-3,-5.0013700E+1,6.4970310E-2,1.9800000E-2
0.0000000E+0,-3.7575000E-3,-5.0013900E+1,6.4970310E-2,1.9800000E-2
0.0000000E+0,-3.7062000E-3,-5.0014200E+1,6.4970310E-2,1.9800000E-2
0.0000000E+0,-3.6571000E-3,-5.0014000E+1,6.4970310E-2,1.9800000E-2
0.0000000E+0,-3.6118000E-3,-5.0013900E+1,6.4970310E-2,1.9800000E-2
0.0000000E+0,-3.5618000E-3,-5.0013900E+1,6.4970310E-2,1.9800000E-2
0.0000000E+0,-3.5104000E-3,-5.0013900E+1,6.4970310E-2,1.9800000E-2
0.0000000E+0,-3.4563000E-3,-5.0013900E+1,6.4970310E-2,1.9800000E-2
0.0000000E+0,-3.4073000E-3,-5.0014000E+1,6.4970310E-2,1.9800000E-2
0.0000000E+0,-3.3586000E-3,-5.0014000E+1,6.4970310E-2,1.9800000E-2
0.0000000E+0,-3.3034000E-3,-5.0013900E+1,6.4970310E-2,1.9800000E-2
0.0000000E+0,-3.2581000E-3,-5.0013600E+1,6.4970310E-2,1.9800000E-2
0.0000000E+0,-3.2041000E-3,-5.0013700E+1,6.4970310E-2,1.9800000E-2
0.0000000E+0,-3.1567000E-3,-5.0013900E+1,6.4970310E-2,1.9800000E-2
0.0000000E+0,-3.1057000E-3,-5.0013800E+1,6.4970310E-2,1.9800000E-2
0.0000000E+0,-3.0534000E-3,-5.0013900E+1,6.4970310E-2,1.9800000E-2
0.0000000E+0,-3.0039000E-3,-5.0013900E+1,6.4970310E-2,1.9800000E-2
0.0000000E+0,-2.9510000E-3,-5.0014300E+1,6.4970310E-2,1.9800000E-2
0.0000000E+0,-2.9084000E-3,-5.0013900E+1,6.4970310E-2,1.9800000E-2
0.0000000E+0,-2.8553000E-3,-5.0014400E+1,6.4970310E-2,1.9800000E-2
0.0000000E+0,-2.8052000E-3,-5.0013900E+1,6.4970310E-2,1.9800000E-2
0.0000000E+0,-2.7578000E-3,-5.0013600E+1,6.4970310E-2,1.9800000E-2
0.0000000E+0,-2.7092000E-3,-5.0013900E+1,6.4970310E-2,1.9800000E-2
0.0000000E+0,-2.6587000E-3,-5.0013700E+1,6.4970310E-2,1.9800000E-2
0.0000000E+0,-2.6071000E-3,-5.0013900E+1,6.4970310E-2,1.9800000E-2
0.0000000E+0,-2.5578000E-3,-5.0014000E+1,6.4970310E-2,1.9800000E-2
0.0000000E+0,-2.5033000E-3,-5.0014600E+1,6.4970310E-2,1.9800000E-2
0.0000000E+0,-2.4630000E-3,-5.0014500E+1,6.4970310E-2,1.9800000E-2
0.0000000E+0,-2.4067000E-3,-5.0014300E+1,6.4970310E-2,1.9800000E-2
0.0000000E+0,-2.3593000E-3,-5.0014100E+1,6.4970310E-2,1.9800000E-2
0.0000000E+0,-2.3086000E-3,-5.0013900E+1,6.4970310E-2,1.9800000E-2
0.0000000E+0,-2.2582000E-3,-5.0014400E+1,6.4970310E-2,1.9800000E-2
0.0000000E+0,-2.2082000E-3,-5.0014200E+1,6.4970310E-2,1.9800000E-2
0.0000000E+0,-2.1581000E-3,-5.0014500E+1,6.4970310E-2,1.9800000E-2
0.0000000E+0,-2.1131000E-3,-5.0014400E+1,6.4970310E-2,1.9800000E-2
0.0000000E+0,-2.0574000E-3,-5.0014000E+1,6.4970310E-2,1.9800000E-2
0.0000000E+0,-2.0116000E-3,-5.0014000E+1,6.4970310E-2,1.9800000E-2
0.0000000E+0,-1.9577000E-3,-5.0013900E+1,6.4970310E-2,1.9800000E-2
0.0000000E+0,-1.9081000E-3,-5.0014000E+1,6.4970310E-2,1.9800000E-2
0.0000000E+0,-1.8544000E-3,-5.0013900E+1,6.4970310E-2,1.9800000E-2
0.0000000E+0,-1.8146000E-3,-5.0013900E+1,6.4970310E-2,1.9800000E-2
0.0000000E+0,-1.7590000E-3,-5.0013600E+1,6.4970310E-2,1.9800000E-2
0.0000000E+0,-1.7089000E-3,-5.0014000E+1,6.4970310E-2,1.9800000E-2
0.0000000E+0,-1.6616000E-3,-5.0014100E+1,6.4970310E-2,1.9800000E-2
0.0000000E+0,-1.6134000E-3,-5.0014100E+1,6.4970310E-2,1.9800000E-2
0.0000000E+0,-1.5601000E-3,-5.0014300E+1,6.4970310E-2,1.9800000E-2
0.0000000E+0,-1.5056000E-3,-5.0013800E+1,6.4970310E-2,1.9800000E-2
0.0000000E+0,-1.4582000E-3,-5.0013900E+1,6.4970310E-2,1.9800000E-2
0.0000000E+0,-1.4108000E-3,-5.0014100E+1,6.4970310E-2,1.9800000E-2
0.0000000E+0,-1.3611000E-3,-5.0014300E+1,6.4970310E-2,1.9800000E-2
0.0000000E+0,-1.3144000E-3,-5.0014000E+1,6.4970310E-2,1.9800000E-2
0.0000000E+0,-1.2594000E-3,-5.0013700E+1,6.4970310E-2,1.9800000E-2
0.0000000E+0,-1.2036000E-3,-5.0013800E+1,6.4970310E-2,1.9800000E-2
0.0000000E+0,-1.1568000E-3,-5.0014400E+1,6.4970310E-2,1.9800000E-2
0.0000000E+0,-1.1134000E-3,-5.0013900E+1,6.4970310E-2,1.9800000E-2
0.0000000E+0,-1.0631000E-3,-5.0014000E+1,6.4970310E-2,1.9800000E-2
0.0000000E+0,-1.0066000E-3,-5.0014000E+1,6.4970310E-2,1.9800000E-2
0.0000000E+0,-9.6090000E-4,-5.0013700E+1,6.4970310E-2,1.9800000E-2
0.0000000E+0,-9.0660000E-4,-5.0013500E+1,6.4970310E-2,1.9800000E-2
0.0000000E+0,-8.5700000E-4,-5.0013700E+1,6.4970310E-2,1.9800000E-2
0.0000000E+0,-8.0330000E-4,-5.0013900E+1,6.4970310E-2,1.9800000E-2
0.0000000E+0,-7.6060000E-4,-5.0014000E+1,6.4970310E-2,1.9800000E-2
0.0000000E+0,-7.0410000E-4,-5.0013800E+1,6.4970310E-2,1.9800000E-2
0.0000000E+0,-6.5400000E-4,-5.0013900E+1,6.4970310E-2,1.9800000E-2
0.0000000E+0,-6.1100000E-4,-5.0014300E+1,6.4970310E-2,1.9800000E-2
0.0000000E+0,-5.6180000E-4,-5.0014300E+1,6.4970310E-2,1.9800000E-2
0.0000000E+0,-5.0810000E-4,-5.0014000E+1,6.4970310E-2,1.9800000E-2
0.0000000E+0,-4.5920000E-4,-5.0013900E+1,6.4970310E-2,1.9800000E-2
0.0000000E+0,-4.0490000E-4,-5.0014000E+1,6.4970310E-2,1.9800000E-2
0.0000000E+0,-3.5680000E-4,-5.0013700E+1,6.4970310E-2,1.9800000E-2
0.0000000E+0,-3.0610000E-4,-5.0013800E+1,6.4970310E-2,1.9800000E-2
0.0000000E+0,-2.5570000E-4,-5.0013900E+1,6.4970310E-2,1.9800000E-2
0.0000000E+0,-2.0230000E-4,-5.0014100E+1,6.4970310E-2,1.9800000E-2
0.0000000E+0,-1.5840000E-4,-5.0013600E+1,6.4970310E-2,1.9800000E-2
0.0000000E+0,-1.0700000E-4,-5.0013400E+1,6.4970310E-2,1.9800000E-2
0.0000000E+0,-5.3900000E-5,-5.0014000E+1,6.4970310E-2,1.9800000E-2
0.0000000E+0,-1.2000000E-5,-5.0014100E+1,6.4970310E-2,1.9800000E-2
0.0000000E+0,4.3000000E-5,-5.0014100E+1,6.4970310E-2,1.9800000E-2
0.0000000E+0,8.7300000E-5,-5.0013900E+1,6.4970310E-2,1.9800000E-2
0.0000000E+0,1.4030000E-4,-5.0014200E+1,6.4970310E-2,1.9800000E-2
0.0000000E+0,1.9430000E-4,-5.0014200E+1,6.4970310E-2,1.9800000E-2
0.0000000E+0,2.4040000E-4,-5.0014400E+1,6.4970310E-2,1.9800000E-2
0.0000000E+0,2.9650000E-4,-5.0014300E+1,6.4970310E-2,1.9800000E-2
0.0000000E+0,3.4110000E-4,-5.0014200E+1,6.4970310E-2,1.9800000E-2
0.0000000E+0,3.9420000E-4,-5.0014200E+1,6.4970310E-2,1.9800000E-2
0.0000000E+0,4.4320000E-4,-5.0013800E+1,6.4970310E-2,1.9800000E-2
0.0000000E+0,4.8780000E-4,-5.0014200E+1,6.4970310E-2,1.9800000E-2
0.0000000E+0,5.4180000E-4,-5.0014000E+1,6.4970310E-2,1.9800000E-2
0.0000000E+0,5.9280000E-4,-5.0014000E+1,6.4970310E-2,1.9800000E-2
0.0000000E+0,6.4470000E-4,-5.0013900E+1,6.4970310E-2,1.9800000E-2
0.0000000E+0,6.9080000E-4,-5.0014000E+1,6.4970310E-2,1.9800000E-2
0.0000000E+0,7.4490000E-4,-5.0013900E+1,6.4970310E-2,1.9800000E-2
0.0000000E+0,7.9380000E-4,-5.0013900E+1,6.4970310E-2,1.9800000E-2
0.0000000E+0,8.4390000E-4,-5.0013900E+1,6.4970310E-2,1.9800000E-2
0.0000000E+0,8.9290000E-4,-5.0014000E+1,6.4970310E-2,1.9800000E-2
0.0000000E+0,9.4540000E-4,-5.0014000E+1,6.4970310E-2,1.9800000E-2
0.0000000E+0,9.9170000E-4,-5.0013800E+1,6.4970310E-2,1.9800000E-2
0.0000000E+0,1.0427000E-3,-5.0013500E+1,6.4970310E-2,1.9800000E-2
0.0000000E+0,1.0937000E-3,-5.0013300E+1,6.4970310E-2,1.9800000E-2
0.0000000E+0,1.1420000E-3,-5.0013600E+1,6.4970310E-2,1.9800000E-2
0.0000000E+0,1.1903000E-3,-5.0013600E+1,6.4970310E-2,1.9800000E-2
0.0000000E+0,1.2461000E-3,-5.0013600E+1,6.4970310E-2,1.9800000E-2
0.0000000E+0,1.2973000E-3,-5.0014000E+1,6.4970310E-2,1.9800000E-2
0.0000000E+0,1.3428000E-3,-5.0013300E+1,6.4970310E-2,1.9800000E-2
0.0000000E+0,1.3940000E-3,-5.0013500E+1,6.4970310E-2,1.9800000E-2
0.0000000E+0,1.4471000E-3,-5.0013700E+1,6.4970310E-2,1.9800000E-2
0.0000000E+0,1.4957000E-3,-5.0013800E+1,6.4970310E-2,1.9800000E-2
0.0000000E+0,1.5442000E-3,-5.0013800E+1,6.4970310E-2,1.9800000E-2
0.0000000E+0,1.5890000E-3,-5.0013600E+1,6.4970310E-2,1.9800000E-2
0.0000000E+0,1.6430000E-3,-5.0013500E+1,6.4970310E-2,1.9800000E-2
0.0000000E+0,1.6924000E-3,-5.0013600E+1,6.4970310E-2,1.9800000E-2
0.0000000E+0,1.7417000E-3,-5.0013800E+1,6.4970310E-2,1.9800000E-2
0.0000000E+0,1.7917000E-3,-5.0014200E+1,6.4970310E-2,1.9800000E-2
0.0000000E+0,1.8485000E-3,-5.0013600E+1,6.4970310E-2,1.9800000E-2
0.0000000E+0,1.8890000E-3,-5.0013400E+1,6.4970310E-2,1.9800000E-2
0.0000000E+0,1.9415000E-3,-5.0013400E+1,6.4970310E-2,1.9800000E-2
0.0000000E+0,1.9907000E-3,-5.0013500E+1,6.4970310E-2,1.9800000E-2
0.0000000E+0,2.0377000E-3,-5.0013900E+1,6.4970310E-2,1.9800000E-2
0.0000000E+0,2.0942000E-3,-5.0013700E+1,6.4970310E-2,1.9800000E-2
0.0000000E+0,2.1446000E-3,-5.0014100E+1,6.4970310E-2,1.9800000E-2
0.0000000E+0,2.1915000E-3,-5.0013800E+1,6.4970310E-2,1.9800000E-2
0.0000000E+0,2.2449000E-3,-5.0014000E+1,6.4970310E-2,1.9800000E-2
0.0000000E+0,2.2932000E-3,-5.0013500E+1,6.4970310E-2,1.9800000E-2
0.0000000E+0,2.3424000E-3,-5.0013600E+1,6.4970310E-2,1.9800000E-2
0.0000000E+0,2.3943000E-3,-5.0013400E+1,6.4970310E-2,1.9800000E-2
0.0000000E+0,2.4435000E-3,-5.0013900E+1,6.4970310E-2,1.9800000E-2
0.0000000E+0,2.4927000E-3,-5.0013700E+1,6.4970310E-2,1.9800000E-2
0.0000000E+0,2.5439000E-3,-5.0014000E+1,6.4970310E-2,1.9800000E-2
0.0000000E+0,2.5951000E-3,-5.0013700E+1,6.4970310E-2,1.9800000E-2
0.0000000E+0,2.6421000E-3,-5.0013500E+1,6.4970310E-2,1.9800000E-2
0.0000000E+0,2.6962000E-3,-5.0013700E+1,6.4970310E-2,1.9800000E-2
0.0000000E+0,2.7475000E-3,-5.0013800E+1,6.4970310E-2,1.9800000E-2
0.0000000E+0,2.7912000E-3,-5.0013700E+1,6.4970310E-2,1.9800000E-2
0.0000000E+0,2.8449000E-3,-5.0013700E+1,6.4970310E-2,1.9800000E-2
0.0000000E+0,2.8889000E-3,-5.0014200E+1,6.4970310E-2,1.9800000E-2
0.0000000E+0,2.9404000E-3,-5.0013800E+1,6.4970310E-2,1.9800000E-2
0.0000000E+0,2.9922000E-3,-5.0013500E+1,6.4970310E-2,1.9800000E-2
0.0000000E+0,3.0412000E-3,-5.0014000E+1,6.4970310E-2,1.9800000E-2
0.0000000E+0,3.0910000E-3,-5.0014100E+1,6.4970310E-2,1.9800000E-2
0.0000000E+0,3.1434000E-3,-5.0013900E+1,6.4970310E-2,1.9800000E-2
0.0000000E+0,3.1886000E-3,-5.0013700E+1,6.4970310E-2,1.9800000E-2
0.0000000E+0,3.2442000E-3,-5.0013900E+1,6.4970310E-2,1.9800000E-2
0.0000000E+0,3.2940000E-3,-5.0014100E+1,6.4970310E-2,1.9800000E-2
0.0000000E+0,3.3402000E-3,-5.0014000E+1,6.4970310E-2,1.9800000E-2
0.0000000E+0,3.3929000E-3,-5.0014500E+1,6.4970310E-2,1.9800000E-2
0.0000000E+0,3.4458000E-3,-5.0014400E+1,6.4970310E-2,1.9800000E-2
0.0000000E+0,3.4948000E-3,-5.0013700E+1,6.4970310E-2,1.9800000E-2
0.0000000E+0,3.5387000E-3,-5.0014100E+1,6.4970310E-2,1.9800000E-2
0.0000000E+0,3.5928000E-3,-5.0013900E+1,6.4970310E-2,1.9800000E-2
0.0000000E+0,3.6435000E-3,-5.0013600E+1,6.4970310E-2,1.9800000E-2
0.0000000E+0,3.6912000E-3,-5.0013800E+1,6.4970310E-2,1.9800000E-2
0.0000000E+0,3.7422000E-3,-5.0014100E+1,6.4970310E-2,1.9800000E-2
0.0000000E+0,3.7942000E-3,-5.0014200E+1,6.4970310E-2,1.9800000E-2
0.0000000E+0,3.8454000E-3,-5.0014100E+1,6.4970310E-2,1.9800000E-2
0.0000000E+0,3.8913000E-3,-5.0013500E+1,6.4970310E-2,1.9800000E-2
0.0000000E+0,3.9380000E-3,-5.0013600E+1,6.4970310E-2,1.9800000E-2
0.0000000E+0,3.9937000E-3,-5.0014100E+1,6.4970310E-2,1.9800000E-2
0.0000000E+0,4.0449000E-3,-5.0014000E+1,6.4970310E-2,1.9800000E-2
0.0000000E+0,4.0939000E-3,-5.0013600E+1,6.4970310E-2,1.9800000E-2
0.0000000E+0,4.1435000E-3,-5.0013800E+1,6.4970310E-2,1.9800000E-2
0.0000000E+0,4.1896000E-3,-5.0013700E+1,6.4970310E-2,1.9800000E-2
0.0000000E+0,4.2441000E-3,-5.0014200E+1,6.4970310E-2,1.9800000E-2
0.0000000E+0,4.2880000E-3,-5.0013700E+1,6.4970310E-2,1.9800000E-2
0.0000000E+0,4.3414000E-3,-5.0014000E+1,6.4970310E-2,1.9800000E-2
0.0000000E+0,4.3891000E-3,-5.0013700E+1,6.4970310E-2,1.9800000E-2
0.0000000E+0,4.4451000E-3,-5.0013800E+1,6.4970310E-2,1.9800000E-2
0.0000000E+0,4.4936000E-3,-5.0014000E+1,6.4970310E-2,1.9800000E-2
0.0000000E+0,4.5444000E-3,-5.0013700E+1,6.4970310E-2,1.9800000E-2
0.0000000E+0,4.5987000E-3,-5.0013800E+1,6.4970310E-2,1.9800000E-2
0.0000000E+0,4.6465000E-3,-5.0013300E+1,6.4970310E-2,1.9800000E-2
0.0000000E+0,4.6900000E-3,-5.0013600E+1,6.4970310E-2,1.9800000E-2
0.0000000E+0,4.7434000E-3,-5.0013900E+1,6.4970310E-2,1.9800000E-2
0.0000000E+0,4.7930000E-3,-5.0013900E+1,6.4970310E-2,1.9800000E-2
0.0000000E+0,4.8442000E-3,-5.0013900E+1,6.4970310E-2,1.9800000E-2
0.0000000E+0,4.8950000E-3,-5.0013800E+1,6.4970310E-2,1.9800000E-2
0.0000000E+0,4.9400000E-3,-5.0014100E+1,6.4970310E-2,1.9800000E-2
0.0000000E+0,4.9947000E-3,-5.0013700E+1,6.4970310E-2,1.9800000E-2
0.0000000E+0,5.0446000E-3,-5.0013700E+1,6.4970310E-2,1.9800000E-2
0.0000000E+0,5.0958000E-3,-5.0013700E+1,6.4970310E-2,1.9800000E-2
0.0000000E+0,5.1443000E-3,-5.0014000E+1,6.4970310E-2,1.9800000E-2
0.0000000E+0,5.1895000E-3,-5.0014200E+1,6.4970310E-2,1.9800000E-2
0.0000000E+0,5.2412000E-3,-5.0013800E+1,6.4970310E-2,1.9800000E-2
0.0000000E+0,5.2890000E-3,-5.0013600E+1,6.4970310E-2,1.9800000E-2
0.0000000E+0,5.3431000E-3,-5.0014000E+1,6.4970310E-2,1.9800000E-2
0.0000000E+0,5.3914000E-3,-5.0013600E+1,6.4970310E-2,1.9800000E-2
0.0000000E+0,5.4393000E-3,-5.0013700E+1,6.4970310E-2,1.9800000E-2
0.0000000E+0,5.4986000E-3,-5.0014000E+1,6.4970310E-2,1.9800000E-2
0.0000000E+0,5.5461000E-3,-5.0013900E+1,6.4970310E-2,1.9800000E-2
0.0000000E+0,5.5962000E-3,-5.0013700E+1,6.4970310E-2,1.9800000E-2
0.0000000E+0,5.6425000E-3,-5.0014000E+1,6.4970310E-2,1.9800000E-2
0.0000000E+0,5.6981000E-3,-5.0014100E+1,6.4970310E-2,1.9800000E-2
0.0000000E+0,5.7427000E-3,-5.0013500E+1,6.4970310E-2,1.9800000E-2
0.0000000E+0,5.7970000E-3,-5.0013600E+1,6.4970310E-2,1.9800000E-2
0.0000000E+0,5.8444000E-3,-5.0013800E+1,6.4970310E-2,1.9800000E-2
0.0000000E+0,5.8934000E-3,-5.0013200E+1,6.4970310E-2,1.9800000E-2
0.0000000E+0,5.9406000E-3,-5.0013400E+1,6.4970310E-2,1.9800000E-2
0.0000000E+0,5.9924000E-3,-5.0013500E+1,6.4970310E-2,1.9800000E-2
0.0000000E+0,6.0389000E-3,-5.0013300E+1,6.4970310E-2,1.9800000E-2
0.0000000E+0,6.0939000E-3,-5.0013500E+1,6.4970310E-2,1.9800000E-2
0.0000000E+0,6.1484000E-3,-5.0013700E+1,6.4970310E-2,1.9800000E-2
0.0000000E+0,6.1932000E-3,-5.0013500E+1,6.4970310E-2,1.9800000E-2
0.0000000E+0,6.2400000E-3,-5.0013300E+1,6.4970310E-2,1.9800000E-2
0.0000000E+0,6.2931000E-3,-5.0013500E+1,6.4970310E-2,1.9800000E-2
0.0000000E+0,6.3415000E-3,-5.0013400E+1,6.4970310E-2,1.9800000E-2
0.0000000E+0,6.3951000E-3,-5.0013400E+1,6.4970310E-2,1.9800000E-2
0.0000000E+0,6.4430000E-3,-5.0013900E+1,6.4970310E-2,1.9800000E-2
0.0000000E+0,6.4955000E-3,-5.0013800E+1,6.4970310E-2,1.9800000E-2
0.0000000E+0,6.5422000E-3,-5.0013600E+1,6.4970310E-2,1.9800000E-2
0.0000000E+0,6.5925000E-3,-5.0014000E+1,6.4970310E-2,1.9800000E-2
0.0000000E+0,6.6462000E-3,-5.0014100E+1,6.4970310E-2,1.9800000E-2
0.0000000E+0,6.6923000E-3,-5.0013800E+1,6.4970310E-2,1.9800000E-2
0.0000000E+0,6.7465000E-3,-5.0014000E+1,6.4970310E-2,1.9800000E-2
0.0000000E+0,6.7966000E-3,-5.0013700E+1,6.4970310E-2,1.9800000E-2
0.0000000E+0,6.8460000E-3,-5.0013600E+1,6.4970310E-2,1.9800000E-2
0.0000000E+0,6.8919000E-3,-5.0013700E+1,6.4970310E-2,1.9800000E-2
0.0000000E+0,6.9476000E-3,-5.0013700E+1,6.4970310E-2,1.9800000E-2
0.0000000E+0,6.9897000E-3,-5.0013600E+1,6.4970310E-2,1.9800000E-2
0.0000000E+0,7.0446000E-3,-5.0014500E+1,6.4970310E-2,1.9800000E-2
0.0000000E+0,7.0894000E-3,-5.0013900E+1,6.4970310E-2,1.9800000E-2
0.0000000E+0,7.1415000E-3,-5.0013700E+1,6.4970310E-2,1.9800000E-2
0.0000000E+0,7.1907000E-3,-5.0013200E+1,6.4970310E-2,1.9800000E-2
0.0000000E+0,7.2463000E-3,-5.0013500E+1,6.4970310E-2,1.9800000E-2
0.0000000E+0,7.2957000E-3,-5.0013600E+1,6.4970310E-2,1.9800000E-2
0.0000000E+0,7.3429000E-3,-5.0013700E+1,6.4970310E-2,1.9800000E-2
0.0000000E+0,7.3935000E-3,-5.0013400E+1,6.4970310E-2,1.9800000E-2
0.0000000E+0,7.4407000E-3,-5.0013800E+1,6.4970310E-2,1.9800000E-2
0.0000000E+0,7.4890000E-3,-5.0013300E+1,6.4970310E-2,1.9800000E-2
0.0000000E+0,7.5477000E-3,-5.0013400E+1,6.4970310E-2,1.9800000E-2
0.0000000E+0,7.5987000E-3,-5.0013700E+1,6.4970310E-2,1.9800000E-2
0.0000000E+0,7.6461000E-3,-5.0013600E+1,6.4970310E-2,1.9800000E-2
0.0000000E+0,7.6877000E-3,-5.0013400E+1,6.4970310E-2,1.9800000E-2
0.0000000E+0,7.7429000E-3,-5.0013500E+1,6.4970310E-2,1.9800000E-2
0.0000000E+0,7.7954000E-3,-5.0013700E+1,6.4970310E-2,1.9800000E-2
0.0000000E+0,7.8435000E-3,-5.0013600E+1,6.4970310E-2,1.9800000E-2
0.0000000E+0,7.8929000E-3,-5.0013900E+1,6.4970310E-2,1.9800000E-2
0.0000000E+0,7.9404000E-3,-5.0013800E+1,6.4970310E-2,1.9800000E-2
0.0000000E+0,7.9947000E-3,-5.0013600E+1,6.4970310E-2,1.9800000E-2
0.0000000E+0,8.0414000E-3,-5.0013600E+1,6.4970310E-2,1.9800000E-2
0.0000000E+0,8.0929000E-3,-5.0013600E+1,6.4970310E-2,1.9800000E-2
0.0000000E+0,8.1350000E-3,-5.0013400E+1,6.4970310E-2,1.9800000E-2
0.0000000E+0,8.1919000E-3,-5.0013500E+1,6.4970310E-2,1.9800000E-2
0.0000000E+0,8.2458000E-3,-5.0013600E+1,6.4970310E-2,1.9800000E-2
0.0000000E+0,8.2950000E-3,-5.0013300E+1,6.4970310E-2,1.9800000E-2
0.0000000E+0,8.3400000E-3,-5.0013200E+1,6.4970310E-2,1.9800000E-2
0.0000000E+0,8.3876000E-3,-5.0013300E+1,6.4970310E-2,1.9800000E-2
0.0000000E+0,8.4423000E-3,-5.0013600E+1,6.4970310E-2,1.9800000E-2
0.0000000E+0,8.4902000E-3,-5.0013400E+1,6.4970310E-2,1.9800000E-2
0.0000000E+0,8.5434000E-3,-5.0013500E+1,6.4970310E-2,1.9800000E-2
0.0000000E+0,8.5955000E-3,-5.0013800E+1,6.4970310E-2,1.9800000E-2
0.0000000E+0,8.6444000E-3,-5.0013900E+1,6.4970310E-2,1.9800000E-2
0.0000000E+0,8.6912000E-3,-5.0013500E+1,6.4970310E-2,1.9800000E-2
0.0000000E+0,8.7468000E-3,-5.0013400E+1,6.4970310E-2,1.9800000E-2
0.0000000E+0,8.7943000E-3,-5.0013400E+1,6.4970310E-2,1.9800000E-2
0.0000000E+0,8.8406000E-3,-5.0013500E+1,6.4970310E-2,1.9800000E-2
0.0000000E+0,8.8924000E-3,-5.0013400E+1,6.4970310E-2,1.9800000E-2
0.0000000E+0,8.9419000E-3,-5.0013700E+1,6.4970310E-2,1.9800000E-2
0.0000000E+0,8.9952000E-3,-5.0013800E+1,6.4970310E-2,1.9800000E-2
0.0000000E+0,9.0427000E-3,-5.0013600E+1,6.4970310E-2,1.9800000E-2
0.0000000E+0,9.0939000E-3,-5.0013600E+1,6.4970310E-2,1.9800000E-2
0.0000000E+0,9.1422000E-3,-5.0013800E+1,6.4970310E-2,1.9800000E-2
0.0000000E+0,9.1934000E-3,-5.0013500E+1,6.4970310E-2,1.9800000E-2
0.0000000E+0,9.2423000E-3,-5.0013600E+1,6.4970310E-2,1.9800000E-2
0.0000000E+0,9.2933000E-3,-5.0013400E+1,6.4970310E-2,1.9800000E-2
0.0000000E+0,9.3396000E-3,-5.0013500E+1,6.4970310E-2,1.9800000E-2
0.0000000E+0,9.3902000E-3,-5.0013600E+1,6.4970310E-2,1.9800000E-2
0.0000000E+0,9.4358000E-3,-5.0013800E+1,6.4970310E-2,1.9800000E-2
0.0000000E+0,9.4910000E-3,-5.0014100E+1,6.4970310E-2,1.9800000E-2
0.0000000E+0,9.5396000E-3,-5.0013700E+1,6.4970310E-2,1.9800000E-2
0.0000000E+0,9.5914000E-3,-5.0013600E+1,6.4970310E-2,1.9800000E-2
0.0000000E+0,9.6404000E-3,-5.0014000E+1,6.4970310E-2,1.9800000E-2
0.0000000E+0,9.6964000E-3,-5.0014000E+1,6.4970310E-2,1.9800000E-2
0.0000000E+0,9.7456000E-3,-5.0013800E+1,6.4970310E-2,1.9800000E-2
0.0000000E+0,9.7955000E-3,-5.0014000E+1,6.4970310E-2,1.9800000E-2
0.0000000E+0,9.8432000E-3,-5.0014000E+1,6.4970310E-2,1.9800000E-2
0.0000000E+0,9.8893000E-3,-5.0013900E+1,6.4970310E-2,1.9800000E-2
0.0000000E+0,9.9418000E-3,-5.0013900E+1,6.4970310E-2,1.9800000E-2
0.0000000E+0,9.9859000E-3,-5.0013900E+1,6.4970310E-2,1.9800000E-2
0.0000000E+0,1.0046100E-2,-5.0013800E+1,6.4970310E-2,1.9800000E-2
0.0000000E+0,1.0092000E-2,-5.0013300E+1,6.4970310E-2,1.9800000E-2
0.0000000E+0,1.0144600E-2,-5.0013800E+1,6.4970310E-2,1.9800000E-2
0.0000000E+0,1.0188400E-2,-5.0013600E+1,6.4970310E-2,1.9800000E-2
0.0000000E+0,1.0246000E-2,-5.0013400E+1,6.4970310E-2,1.9800000E-2
0.0000000E+0,1.0295000E-2,-5.0013500E+1,6.4970310E-2,1.9800000E-2
0.0000000E+0,1.0342500E-2,-5.0013600E+1,6.4970310E-2,1.9800000E-2
0.0000000E+0,1.0391900E-2,-5.0013900E+1,6.4970310E-2,1.9800000E-2
0.0000000E+0,1.0442400E-2,-5.0013700E+1,6.4970310E-2,1.9800000E-2
0.0000000E+0,1.0491200E-2,-5.0013500E+1,6.4970310E-2,1.9800000E-2
0.0000000E+0,1.0543500E-2,-5.0013600E+1,6.4970310E-2,1.9800000E-2
0.0000000E+0,1.0587300E-2,-5.0014000E+1,6.4970310E-2,1.9800000E-2
0.0000000E+0,1.0641400E-2,-5.0013500E+1,6.4970310E-2,1.9800000E-2
0.0000000E+0,1.0694200E-2,-5.0013600E+1,6.4970310E-2,1.9800000E-2
0.0000000E+0,1.0740200E-2,-5.0013600E+1,6.4970310E-2,1.9800000E-2
0.0000000E+0,1.0801900E-2,-5.0013700E+1,6.4970310E-2,1.9800000E-2
0.0000000E+0,1.0841500E-2,-5.0013800E+1,6.4970310E-2,1.9800000E-2
0.0000000E+0,1.0898200E-2,-5.0013800E+1,6.4970310E-2,1.9800000E-2
0.0000000E+0,1.0946100E-2,-5.0013600E+1,6.4970310E-2,1.9800000E-2
0.0000000E+0,1.0993500E-2,-5.0013600E+1,6.4970310E-2,1.9800000E-2
0.0000000E+0,1.1046100E-2,-5.0013300E+1,6.4970310E-2,1.9800000E-2
0.0000000E+0,1.1088600E-2,-5.0013900E+1,6.4970310E-2,1.9800000E-2
0.0000000E+0,1.1141800E-2,-5.0013800E+1,6.4970310E-2,1.9800000E-2
0.0000000E+0,1.1191200E-2,-5.0013900E+1,6.4970310E-2,1.9800000E-2
0.0000000E+0,1.1242000E-2,-5.0013700E+1,6.4970310E-2,1.9800000E-2
0.0000000E+0,1.1293400E-2,-5.0013900E+1,6.4970310E-2,1.9800000E-2
0.0000000E+0,1.1346300E-2,-5.0014100E+1,6.4970310E-2,1.9800000E-2
0.0000000E+0,1.1393500E-2,-5.0013500E+1,6.4970310E-2,1.9800000E-2
0.0000000E+0,1.1447600E-2,-5.0013700E+1,6.4970310E-2,1.9800000E-2
0.0000000E+0,1.1494400E-2,-5.0014100E+1,6.4970310E-2,1.9800000E-2
0.0000000E+0,1.1534900E-2,-5.0013500E+1,6.4970310E-2,1.9800000E-2
0.0000000E+0,1.1590600E-2,-5.0014000E+1,6.4970310E-2,1.9800000E-2
0.0000000E+0,1.1644200E-2,-5.0013500E+1,6.4970310E-2,1.9800000E-2
0.0000000E+0,1.1695400E-2,-5.0013700E+1,6.4970310E-2,1.9800000E-2
0.0000000E+0,1.1744800E-2,-5.0013600E+1,6.4970310E-2,1.9800000E-2
0.0000000E+0,1.1787600E-2,-5.0014000E+1,6.4970310E-2,1.9800000E-2
0.0000000E+0,1.1840500E-2,-5.0013500E+1,6.4970310E-2,1.9800000E-2
0.0000000E+0,1.1891500E-2,-5.0014100E+1,6.4970310E-2,1.9800000E-2
0.0000000E+0,1.1940100E-2,-5.0014200E+1,6.4970310E-2,1.9800000E-2
0.0000000E+0,1.1991300E-2,-5.0013600E+1,6.4970310E-2,1.9800000E-2
0.0000000E+0,1.2042700E-2,-5.0013700E+1,6.4970310E-2,1.9800000E-2
0.0000000E+0,1.2097600E-2,-5.0013500E+1,6.4970310E-2,1.9800000E-2
0.0000000E+0,1.2141300E-2,-5.0013300E+1,6.4970310E-2,1.9800000E-2
0.0000000E+0,1.2193100E-2,-5.0013500E+1,6.4970310E-2,1.9800000E-2
0.0000000E+0,1.2241900E-2,-5.0013800E+1,6.4970310E-2,1.9800000E-2
0.0000000E+0,1.2286900E-2,-5.0013900E+1,6.4970310E-2,1.9800000E-2
0.0000000E+0,1.2344100E-2,-5.0013900E+1,6.4970310E-2,1.9800000E-2
0.0000000E+0,1.2397400E-2,-5.0013600E+1,6.4970310E-2,1.9800000E-2
0.0000000E+0,1.2447800E-2,-5.0013500E+1,6.4970310E-2,1.9800000E-2
0.0000000E+0,1.2491900E-2,-5.0013400E+1,6.4970310E-2,1.9800000E-2
0.0000000E+0,1.2540600E-2,-5.0013800E+1,6.4970310E-2,1.9800000E-2
0.0000000E+0,1.2592900E-2,-5.0013900E+1,6.4970310E-2,1.9800000E-2
0.0000000E+0,1.2646500E-2,-5.0013900E+1,6.4970310E-2,1.9800000E-2
0.0000000E+0,1.2689300E-2,-5.0013800E+1,6.4970310E-2,1.9800000E-2
0.0000000E+0,1.2745400E-2,-5.0014000E+1,6.4970310E-2,1.9800000E-2
0.0000000E+0,1.2789700E-2,-5.0013500E+1,6.4970310E-2,1.9800000E-2
0.0000000E+0,1.2843400E-2,-5.0013800E+1,6.4970310E-2,1.9800000E-2
0.0000000E+0,1.2892600E-2,-5.0013600E+1,6.4970310E-2,1.9800000E-2
0.0000000E+0,1.2943700E-2,-5.0014000E+1,6.4970310E-2,1.9800000E-2
0.0000000E+0,1.2997200E-2,-5.0014000E+1,6.4970310E-2,1.9800000E-2
0.0000000E+0,1.3046300E-2,-5.0013800E+1,6.4970310E-2,1.9800000E-2
0.0000000E+0,1.3093600E-2,-5.0013800E+1,6.4970310E-2,1.9800000E-2
0.0000000E+0,1.3139600E-2,-5.0014100E+1,6.4970310E-2,1.9800000E-2
0.0000000E+0,1.3195000E-2,-5.0013600E+1,6.4970310E-2,1.9800000E-2
0.0000000E+0,1.3246200E-2,-5.0013600E+1,6.4970310E-2,1.9800000E-2
0.0000000E+0,1.3293000E-2,-5.0014000E+1,6.4970310E-2,1.9800000E-2
0.0000000E+0,1.3342000E-2,-5.0013600E+1,6.4970310E-2,1.9800000E-2
0.0000000E+0,1.3394900E-2,-5.0013500E+1,6.4970310E-2,1.9800000E-2
0.0000000E+0,1.3441000E-2,-5.0013800E+1,6.4970310E-2,1.9800000E-2
0.0000000E+0,1.3489600E-2,-5.0013700E+1,6.4970310E-2,1.9800000E-2
0.0000000E+0,1.3539400E-2,-5.0013800E+1,6.4970310E-2,1.9800000E-2
0.0000000E+0,1.3596400E-2,-5.0013300E+1,6.4970310E-2,1.9800000E-2
0.0000000E+0,1.3635600E-2,-5.0013300E+1,6.4970310E-2,1.9800000E-2
0.0000000E+0,1.3693000E-2,-5.0014000E+1,6.4970310E-2,1.9800000E-2
0.0000000E+0,1.3751300E-2,-5.0013700E+1,6.4970310E-2,1.9800000E-2
0.0000000E+0,1.3793900E-2,-5.0013600E+1,6.4970310E-2,1.9800000E-2
0.0000000E+0,1.3841900E-2,-5.0013700E+1,6.4970310E-2,1.9800000E-2
0.0000000E+0,1.3890500E-2,-5.0013700E+1,6.4970310E-2,1.9800000E-2
0.0000000E+0,1.3937500E-2,-5.0014000E+1,6.4970310E-2,1.9800000E-2
0.0000000E+0,1.3990600E-2,-5.0013500E+1,6.4970310E-2,1.9800000E-2
0.0000000E+0,1.4046700E-2,-5.0014100E+1,6.4970310E-2,1.9800000E-2
0.0000000E+0,1.4094400E-2,-5.0013700E+1,6.4970310E-2,1.9800000E-2
0.0000000E+0,1.4139500E-2,-5.0013600E+1,6.4970310E-2,1.9800000E-2
0.0000000E+0,1.4192500E-2,-5.0014100E+1,6.4970310E-2,1.9800000E-2
0.0000000E+0,1.4241500E-2,-5.0014100E+1,6.4970310E-2,1.9800000E-2
0.0000000E+0,1.4295800E-2,-5.0014300E+1,6.4970310E-2,1.9800000E-2
0.0000000E+0,1.4346300E-2,-5.0013900E+1,6.4970310E-2,1.9800000E-2
0.0000000E+0,1.4391500E-2,-5.0014400E+1,6.4970310E-2,1.9800000E-2
0.0000000E+0,1.4440100E-2,-5.0013600E+1,6.4970310E-2,1.9800000E-2
0.0000000E+0,1.4491300E-2,-5.0013800E+1,6.4970310E-2,1.9800000E-2
0.0000000E+0,1.4543500E-2,-5.0014200E+1,6.4970310E-2,1.9800000E-2
0.0000000E+0,1.4589700E-2,-5.0014200E+1,6.4970310E-2,1.9800000E-2
0.0000000E+0,1.4646000E-2,-5.0013600E+1,6.4970310E-2,1.9800000E-2
0.0000000E+0,1.4691600E-2,-5.0013700E+1,6.4970310E-2,1.9800000E-2
0.0000000E+0,1.4740800E-2,-5.0014000E+1,6.4970310E-2,1.9800000E-2
0.0000000E+0,1.4794200E-2,-5.0013800E+1,6.4970310E-2,1.9800000E-2
0.0000000E+0,1.4836800E-2,-5.0014000E+1,6.4970310E-2,1.9800000E-2
0.0000000E+0,1.4890600E-2,-5.0014000E+1,6.4970310E-2,1.9800000E-2
0.0000000E+0,1.4946200E-2,-5.0014000E+1,6.4970310E-2,1.9800000E-2
0.0000000E+0,1.4988600E-2,-5.0014200E+1,6.4970310E-2,1.9800000E-2
