Idc,Bx,By,Bz,Vdc_adc,V_bg,dBx,dBy,dBz,
nA,T,T,T,mV,V,T/min,T/min,T/min,
0.0000000E+0,1.3000000E-6,1.0000000E-7,4.9962000E-3,6.4970310E-2,5.0000000E+1,2.4000000E-2,2.4000000E-2,1.9800000E-2
0.0000000E+0,-1.0000000E-7,2.0000000E-7,4.9579000E-3,6.4970310E-2,4.9999800E+1,2.4000000E-2,2.4000000E-2,1.9800000E-2
0.0000000E+0,3.0000000E-7,6.0000000E-7,4.9047000E-3,6.4970310E-2,4.9999700E+1,2.4000000E-2,2.4000000E-2,1.9800000E-2
0.0000000E+0,7.0000000E-7,3.0000000E-7,4.8582000E-3,6.4970310E-2,4.9999600E+1,2.4000000E-2,2.4000000E-2,1.9800000E-2
0.0000000E+0,-4.0000000E-7,-0.0000000E+0,4.8043000E-3,6.4970310E-2,4.9999900E+1,2.4000000E-2,2.4000000E-2,1.9800000E-2
0.0000000E+0,-4.0000000E-7,2.0000000E-7,4.7563000E-3,6.4970310E-2,4.9999800E+1,2.4000000E-2,2.4000000E-2,1.9800000E-2
0.0000000E+0,-3.0000000E-7,3.0000000E-7,4.7075000E-3,6.4970310E-2,4.9999800E+1,2.4000000E-2,2.4000000E-2,1.9800000E-2
0.0000000E+0,5.0000000E-7,-5.0000000E-7,4.6567000E-3,6.4970310E-2,4.9999700E+1,2.4000000E-2,2.4000000E-2,1.9800000E-2
0.0000000E+0,9.0000000E-7,-1.0000000E-7,4.6082000E-3,6.4970310E-2,5.0000100E+1,2.4000000E-2,2.4000000E-2,1.9800000E-2
0.0000000E+0,-3.0000000E-7,-0.0000000E+0,4.5530000E-3,6.4970310E-2,4.9999800E+1,2.4000000E-2,2.4000000E-2,1.9800000E-2
0.0000000E+0,8.0000000E-7,-1.0000000E-6,4.5134000E-3,6.4970310E-2,4.9999900E+1,2.4000000E-2,2.4000000E-2,1.9800000E-2
0.0000000E+0,-1.0000000E-7,-3.0000000E-7,4.4573000E-3,6.4970310E-2,4.9999700E+1,2.4000000E-2,2.4000000E-2,1.9800000E-2
0.0000000E+0,-0.0000000E+0,5.0000000E-7,4.4077000E-3,6.4970310E-2,5.0000000E+1,2.4000000E-2,2.4000000E-2,1.9800000E-2
0.0000000E+0,6.0000000E-7,1.0000000E-7,4.3576000E-3,6.4970310E-2,4.9999900E+1,2.4000000E-2,2.4000000E-2,1.9800000E-2
0.0000000E+0,2.0000000E-7,-4.0000000E-7,4.3117000E-3,6.4970310E-2,4.9999700E+1,2.4000000E-2,2.4000000E-2,1.9800000E-2
0.0000000E+0,1.0000000E-7,-3.0000000E-7,4.2561000E-3,6.4970310E-2,5.0000300E+1,2.4000000E-2,2.4000000E-2,1.9800000E-2
0.0000000E+0,-6.0000000E-7,-0.0000000E+0,4.2100000E-3,6.4970310E-2,4.9999900E+1,2.4000000E-2,2.4000000E-2,1.9800000E-2
0.0000000E+0,-6.0000000E-7,-2.0000000E-7,4.1583000E-3,6.4970310E-2,4.9999800E+1,2.4000000E-2,2.4000000E-2,1.9800000E-2
0.0000000E+0,-6.0000000E-7,2.0000000E-7,4.1032000E-3,6.4970310E-2,4.9999900E+1,2.4000000E-2,2.4000000E-2,1.9800000E-2
0.0000000E+0,6.0000000E-7,1.0000000E-7,4.0568000E-3,6.4970310E-2,4.9999600E+1,2.4000000E-2,2.4000000E-2,1.9800000E-2
0.0000000E+0,-7.0000000E-7,4.0000000E-7,4.0063000E-3,6.4970310E-2,4.9999500E+1,2.4000000E-2,2.4000000E-2,1.9800000E-2
0.0000000E+0,5.0000000E-7,-0.0000000E+0,3.9554000E-3,6.4970310E-2,5.0000000E+1,2.4000000E-2,2.4000000E-2,1.9800000E-2
0.0000000E+0,-3.0000000E-7,3.0000000E-7,3.9041000E-3,6.4970310E-2,5.0000000E+1,2.4000000E-2,2.4000000E-2,1.9800000E-2
0.0000000E+0,7.0000000E-7,-1.0000000E-6,3.8580000E-3,6.4970310E-2,4.9999900E+1,2.4000000E-2,2.4000000E-2,1.9800000E-2
0.0000000E+0,-5.0000000E-7,1.0000000E-7,3.8078000E-3,6.4970310E-2,4.9999800E+1,2.4000000E-2,2.4000000E-2,1.9800000E-2
0.0000000E+0,-6.0000000E-7,-4.0000000E-7,3.7541000E-3,6.4970310E-2,5.0000000E+1,2.4000000E-2,2.4000000E-2,1.9800000E-2
0.0000000E+0,-1.0000000E-7,2.0000000E-7,3.7060000E-3,6.4970310E-2,5.0000200E+1,2.4000000E-2,2.4000000E-2,1.9800000E-2
0.0000000E+0,8.0000000E-7,1.0000000E-7,3.6550000E-3,6.4970310E-2,5.0000000E+1,2.4000000E-2,2.4000000E-2,1.9800000E-2
0.0000000E+0,2.0000000E-7,-5.0000000E-7,3.6021000E-3,6.4970310E-2,4.9999800E+1,2.4000000E-2,2.4000000E-2,1.9800000E-2
0.0000000E+0,7.0000000E-7,-1.0000000E-7,3.5516000E-3,6.4970310E-2,5.0000000E+1,2.4000000E-2,2.4000000E-2,1.9800000E-2
0.0000000E+0,3.0000000E-7,-3.0000000E-7,3.5099000E-3,6.4970310E-2,4.9999700E+1,2.4000000E-2,2.4000000E-2,1.9800000E-2
0.0000000E+0,7.0000000E-7,3.0000000E-7,3.4563000E-3,6.4970310E-2,4.9999500E+1,2.4000000E-2,2.4000000E-2,1.9800000E-2
0.0000000E+0,-1.0000000E-6,-6.0000000E-7,3.4057000E-3,6.4970310E-2,5.0000200E+1,2.4000000E-2,2.4000000E-2,1.9800000E-2
0.0000000E+0,2.0000000E-7,-6.0000000E-7,3.3568000E-3,6.4970310E-2,5.0000200E+1,2.4000000E-2,2.4000000E-2,1.9800000E-2
0.0000000E+0,0.0000000E+0,-3.0000000E-7,3.3054000E-3,6.4970310E-2,4.9999900E+1,2.4000000E-2,2.4000000E-2,1.9800000E-2
0.0000000E+0,-7.0000000E-7,-2.0000000E-7,3.2557000E-3,6.4970310E-2,4.9999700E+1,2.4000000E-2,2.4000000E-2,1.9800000E-2
0.0000000E+0,-1.0000000E-7,1.0000000E-7,3.2039000E-3,6.4970310E-2,5.0000000E+1,2.4000000E-2,2.4000000E-2,1.9800000E-2
0.0000000E+0,-0.0000000E+0,6.0000000E-7,3.1582000E-3,6.4970310E-2,4.9999500E+1,2.4000000E-2,2.4000000E-2,1.9800000E-2
0.0000000E+0,4.0000000E-7,-9.0000000E-7,3.1075000E-3,6.4970310E-2,4.9999600E+1,2.4000000E-2,2.4000000E-2,1.9800000E-2
0.0000000E+0,0.0000000E+0,-6.0000000E-7,3.0576000E-3,6.4970310E-2,4.9999400E+1,2.4000000E-2,2.4000000E-2,1.9800000E-2
0.0000000E+0,-1.1000000E-6,-4.0000000E-7,3.0037000E-3,6.4970310E-2,4.9999600E+1,2.4000000E-2,2.4000000E-2,1.9800000E-2
0.0000000E+0,3.0000000E-7,3.0000000E-7,2.9588000E-3,6.4970310E-2,4.9999800E+1,2.4000000E-2,2.4000000E-2,1.9800000E-2
0.0000000E+0,-2.0000000E-7,0.0000000E+0,2.9085000E-3,6.4970310E-2,5.0000000E+1,2.4000000E-2,2.4000000E-2,1.9800000E-2
0.0000000E+0,-2.0000000E-7,0.0000000E+0,2.8615000E-3,6.4970310E-2,5.0000300E+1,2.4000000E-2,2.4000000E-2,1.9800000E-2
0.0000000E+0,3.0000000E-7,-1.3000000E-6,2.8100000E-3,6.4970310E-2,5.0000000E+1,2.4000000E-2,2.4000000E-2,1.9800000E-2
0.0000000E+0,1.0000000E-6,-8.0000000E-7,2.7593000E-3,6.4970310E-2,4.9999600E+1,2.4000000E-2,2.4000000E-2,1.9800000E-2
0.0000000E+0,-7.0000000E-7,-2.0000000E-7,2.7083000E-3,6.4970310E-2,4.9999700E+1,2.4000000E-2,2.4000000E-2,1.9800000E-2
0.0000000E+0,-2.0000000E-7,5.0000000E-7,2.6578000E-3,6.4970310E-2,4.9999600E+1,2.4000000E-2,2.4000000E-2,1.9800000E-2
0.0000000E+0,9.0000000E-7,1.0000000E-7,2.6028000E-3,6.4970310E-2,4.9999600E+1,2.4000000E-2,2.4000000E-2,1.9800000E-2
0.0000000E+0,-3.0000000E-7,0.0000000E+0,2.5521000E-3,6.4970310E-2,5.0000000E+1,2.4000000E-2,2.4000000E-2,1.9800000E-2
0.0000000E+0,-2.0000000E-7,2.0000000E-7,2.5080000E-3,6.4970310E-2,4.9999400E+1,2.4000000E-2,2.4000000E-2,1.9800000E-2
0.0000000E+0,7.0000000E-7,-5.0000000E-7,2.4522000E-3,6.4970310E-2,4.9999600E+1,2.4000000E-2,2.4000000E-2,1.9800000E-2
0.0000000E+0,-3.0000000E-7,-2.0000000E-7,2.4047000E-3,6.4970310E-2,4.9999800E+1,2.4000000E-2,2.4000000E-2,1.9800000E-2
0.0000000E+0,1.0000000E-7,5.0000000E-7,2.3553000E-3,6.4970310E-2,4.9999600E+1,2.4000000E-2,2.4000000E-2,1.9800000E-2
0.0000000E+0,3.0000000E-7,-5.0000000E-7,2.3056000E-3,6.4970310E-2,4.9999800E+1,2.4000000E-2,2.4000000E-2,1.9800000E-2
0.0000000E+0,1.0000000E-6,2.0000000E-7,2.2531000E-3,6.4970310E-2,4.9999500E+1,2.4000000E-2,2.4000000E-2,1.9800000E-2
0.0000000E+0,4.0000000E-7,1.0000000E-7,2.2035000E-3,6.4970310E-2,4.9999100E+1,2.4000000E-2,2.4000000E-2,1.9800000E-2
0.0000000E+0,1.0000000E-7,-7.0000000E-7,2.1545000E-3,6.4970310E-2,4.9999800E+1,2.4000000E-2,2.4000000E-2,1.9800000E-2
0.0000000E+0,-3.0000000E-7,-3.0000000E-7,2.1115000E-3,6.4970310E-2,4.9999600E+1,2.4000000E-2,2.4000000E-2,1.9800000E-2
0.0000000E+0,0.0000000E+0,-6.0000000E-7,2.0574000E-3,6.4970310E-2,4.9999400E+1,2.4000000E-2,2.4000000E-2,1.9800000E-2
0.0000000E+0,-8.0000000E-7,2.0000000E-7,2.0062000E-3,6.4970310E-2,4.9999500E+1,2.4000000E-2,2.4000000E-2,1.9800000E-2
0.0000000E+0,0.0000000E+0,-0.0000000E+0,1.9580000E-3,6.4970310E-2,4.9999400E+1,2.4000000E-2,2.4000000E-2,1.9800000E-2
0.0000000E+0,5.0000000E-7,-1.0000000E-7,1.9028000E-3,6.4970310E-2,5.0000100E+1,2.4000000E-2,2.4000000E-2,1.9800000E-2
0.0000000E+0,-6.0000000E-7,-2.0000000E-7,1.8525000E-3,6.4970310E-2,4.9999500E+1,2.4000000E-2,2.4000000E-2,1.9800000E-2
0.0000000E+0,-3.0000000E-7,1.0000000E-7,1.8042000E-3,6.4970310E-2,4.9999800E+1,2.4000000E-2,2.4000000E-2,1.9800000E-2
0.0000000E+0,-3.0000000E-7,4.0000000E-7,1.7552000E-3,6.4970310E-2,5.0000100E+1,2.4000000E-2,2.4000000E-2,1.9800000E-2
0.0000000E+0,3.0000000E-7,3.0000000E-7,1.7029000E-3,6.4970310E-2,4.9999800E+1,2.4000000E-2,2.4000000E-2,1.9800000E-2
0.0000000E+0,5.0000000E-7,3.0000000E-7,1.6550000E-3,6.4970310E-2,5.0000000E+1,2.4000000E-2,2.4000000E-2,1.9800000E-2
0.0000000E+0,5.0000000E-7,-1.0000000E-7,1.6107000E-3,6.4970310E-2,4.9999800E+1,2.4000000E-2,2.4000000E-2,1.9800000E-2
0.0000000E+0,3.0000000E-7,5.0000000E-7,1.5540000E-3,6.4970310E-2,4.9999700E+1,2.4000000E-2,2.4000000E-2,1.9800000E-2
0.0000000E+0,-1.0000000E-7,-0.0000000E+0,1.5079000E-3,6.4970310E-2,4.9999800E+1,2.4000000E-2,2.4000000E-2,1.9800000E-2
0.0000000E+0,7.0000000E-7,5.0000000E-7,1.4556000E-3,6.4970310E-2,4.9999800E+1,2.4000000E-2,2.4000000E-2,1.9800000E-2
0.0000000E+0,0.0000000E+0,-2.0000000E-7,1.4108000E-3,6.4970310E-2,4.9999600E+1,2.4000000E-2,2.4000000E-2,1.9800000E-2
0.0000000E+0,0.0000000E+0,3.0000000E-7,1.3569000E-3,6.4970310E-2,4.9999600E+1,2.4000000E-2,2.4000000E-2,1.9800000E-2
0.0000000E+0,2.0000000E-7,-6.0000000E-7,1.3071000E-3,6.4970310E-2,4.9999600E+1,2.4000000E-2,2.4000000E-2,1.9800000E-2
0.0000000E+0,5.0000000E-7,4.0000000E-7,1.2534000E-3,6.4970310E-2,4.9999500E+1,2.4000000E-2,2.4000000E-2,1.9800000E-2
0.0000000E+0,-0.0000000E+0,-4.0000000E-7,1.2118000E-3,6.4970310E-2,4.9999500E+1,2.4000000E-2,2.4000000E-2,1.9800000E-2
0.0000000E+0,-5.0000000E-7,-2.0000000E-7,1.1531000E-3,6.4970310E-2,4.9999500E+1,2.4000000E-2,2.4000000E-2,1.9800000E-2
0.0000000E+0,8.0000000E-7,-3.0000000E-7,1.1007000E-3,6.4970310E-2,4.9999600E+1,2.4000000E-2,2.4000000E-2,1.9800000E-2
0.0000000E+0,-3.0000000E-7,3.0000000E-7,1.0555000E-3,6.4970310E-2,4.9999500E+1,2.4000000E-2,2.4000000E-2,1.9800000E-2
0.0000000E+0,4.0000000E-7,3.0000000E-7,1.0061000E-3,6.4970310E-2,4.9999800E+1,2.4000000E-2,2.4000000E-2,1.9800000E-2
0.0000000E+0,-3.0000000E-7,-1.0000000E-7,9.5320000E-4,6.4970310E-2,4.9999500E+1,2.4000000E-2,2.4000000E-2,1.9800000E-2
0.0000000E+0,-1.0000000E-7,5.0000000E-7,9.0620000E-4,6.4970310E-2,4.9999900E+1,2.4000000E-2,2.4000000E-2,1.9800000E-2
0.0000000E+0,3.0000000E-7,-1.0000000E-7,8.5410000E-4,6.4970310E-2,4.9999500E+1,2.4000000E-2,2.4000000E-2,1.9800000E-2
0.0000000E+0,-9.0000000E-7,1.0000000E-7,8.0440000E-4,6.4970310E-2,4.9999500E+1,2.4000000E-2,2.4000000E-2,1.9800000E-2
0.0000000E+0,2.0000000E-7,-2.0000000E-7,7.5930000E-4,6.4970310E-2,4.9999900E+1,2.4000000E-2,2.4000000E-2,1.9800000E-2
0.0000000E+0,-2.0000000E-7,-1.0000000E-7,7.0360000E-4,6.4970310E-2,4.9999900E+1,2.4000000E-2,2.4000000E-2,1.9800000E-2
0.0000000E+0,-5.0000000E-7,-4.0000000E-7,6.5620000E-4,6.4970310E-2,4.9999800E+1,2.4000000E-2,2.4000000E-2,1.9800000E-2
0.0000000E+0,3.0000000E-7,-2.0000000E-7,5.9840000E-4,6.4970310E-2,4.9999800E+1,2.4000000E-2,2.4000000E-2,1.9800000E-2
0.0000000E+0,5.0000000E-7,4.0000000E-7,5.5820000E-4,6.4970310E-2,4.9999800E+1,2.4000000E-2,2.4000000E-2,1.9800000E-2
0.0000000E+0,1.1000000E-6,2.0000000E-7,5.0170000E-4,6.4970310E-2,4.9999600E+1,2.4000000E-2,2.4000000E-2,1.9800000E-2
0.0000000E+0,-0.0000000E+0,4.0000000E-7,4.6050000E-4,6.4970310E-2,4.9999700E+1,2.4000000E-2,2.4000000E-2,1.9800000E-2
0.0000000E+0,-2.0000000E-7,2.0000000E-7,4.0400000E-4,6.4970310E-2,4.9999800E+1,2.4000000E-2,2.4000000E-2,1.9800000E-2
0.0000000E+0,-7.0000000E-7,-1.0000000E-7,3.5410000E-4,6.4970310E-2,4.9999600E+1,2.4000000E-2,2.4000000E-2,1.9800000E-2
0.0000000E+0,1.0000000E-7,6.0000000E-7,3.1020000E-4,6.4970310E-2,4.9999900E+1,2.4000000E-2,2.4000000E-2,1.9800000E-2
0.0000000E+0,3.0000000E-7,4.0000000E-7,2.5330000E-4,6.4970310E-2,4.9999800E+1,2.4000000E-2,2.4000000E-2,1.9800000E-2
0.0000000E+0,0.0000000E+0,-9.0000000E-7,2.0790000E-4,6.4970310E-2,4.9999900E+1,2.4000000E-2,2.4000000E-2,1.9800000E-2
0.0000000E+0,-8.0000000E-7,-0.0000000E+0,1.5560000E-4,6.4970310E-2,4.9999900E+1,2.4000000E-2,2.4000000E-2,1.9800000E-2
0.0000000E+0,-1.0000000E-7,-2.0000000E-7,1.0390000E-4,6.4970310E-2,4.9999600E+1,2.4000000E-2,2.4000000E-2,1.9800000E-2
0.0000000E+0,-4.0000000E-7,3.0000000E-7,5.8300000E-5,6.4970310E-2,4.9999800E+1,2.4000000E-2,2.4000000E-2,1.9800000E-2
0.0000000E+0,-1.0000000E-6,3.0000000E-7,8.2000000E-6,6.4970310E-2,4.9999600E+1,2.4000000E-2,2.4000000E-2,1.9800000E-2
0.0000000E+0,1.0000000E-7,3.0000000E-7,-4.3900000E-5,6.4970310E-2,4.9999800E+1,2.4000000E-2,2.4000000E-2,1.9800000E-2
0.0000000E+0,5.0000000E-7,1.0000000E-7,-9.0200000E-5,6.4970310E-2,4.9999500E+1,2.4000000E-2,2.4000000E-2,1.9800000E-2
0.0000000E+0,-4.0000000E-7,1.0000000E-6,-1.4340000E-4,6.4970310E-2,4.9999400E+1,2.4000000E-2,2.4000000E-2,1.9800000E-2
0.0000000E+0,-1.0000000E-7,-3.0000000E-7,-1.9120000E-4,6.4970310E-2,4.9999500E+1,2.4000000E-2,2.4000000E-2,1.9800000E-2
0.0000000E+0,-5.0000000E-7,3.0000000E-7,-2.4760000E-4,6.4970310E-2,4.9999600E+1,2.4000000E-2,2.4000000E-2,1.9800000E-2
0.0000000E+0,-7.0000000E-7,-2.0000000E-7,-2.9160000E-4,6.4970310E-2,4.9999800E+1,2.4000000E-2,2.4000000E-2,1.9800000E-2
0.0000000E+0,8.0000000E-7,1.1000000E-6,-3.4840000E-4,6.4970310E-2,4.9999800E+1,2.4000000E-2,2.4000000E-2,1.9800000E-2
0.0000000E+0,-1.0000000E-7,6.0000000E-7,-3.9320000E-4,6.4970310E-2,4.9999500E+1,2.4000000E-2,2.4000000E-2,1.9800000E-2
0.0000000E+0,-8.0000000E-7,-8.0000000E-7,-4.4900000E-4,6.4970310E-2,4.9999900E+1,2.4000000E-2,2.4000000E-2,1.9800000E-2
0.0000000E+0,-4.0000000E-7,-0.0000000E+0,-4.8910000E-4,6.4970310E-2,5.0000100E+1,2.4000000E-2,2.4000000E-2,1.9800000E-2
0.0000000E+0,-1.2000000E-6,-2.0000000E-7,-5.4400000E-4,6.4970310E-2,4.9999500E+1,2.4000000E-2,2.4000000E-2,1.9800000E-2
0.0000000E+0,-6.0000000E-7,1.0000000E-7,-5.9190000E-4,6.4970310E-2,4.9999600E+1,2.4000000E-2,2.4000000E-2,1.9800000E-2
0.0000000E+0,-4.0000000E-7,6.0000000E-7,-6.4930000E-4,6.4970310E-2,4.9999500E+1,2.4000000E-2,2.4000000E-2,1.9800000E-2
0.0000000E+0,0.0000000E+0,-5.0000000E-7,-6.9370000E-4,6.4970310E-2,4.9999400E+1,2.4000000E-2,2.4000000E-2,1.9800000E-2
0.0000000E+0,-5.0000000E-7,1.0000000E-7,-7.4280000E-4,6.4970310E-2,4.9999500E+1,2.4000000E-2,2.4000000E-2,1.9800000E-2
0.0000000E+0,-3.0000000E-7,4.0000000E-7,-7.9380000E-4,6.4970310E-2,4.9999700E+1,2.4000000E-2,2.4000000E-2,1.9800000E-2
0.0000000E+0,-1.0000000E-7,8.0000000E-7,-8.4030000E-4,6.4970310E-2,4.9999600E+1,2.4000000E-2,2.4000000E-2,1.9800000E-2
0.0000000E+0,-8.0000000E-7,-4.0000000E-7,-8.9530000E-4,6.4970310E-2,5.0000000E+1,2.4000000E-2,2.4000000E-2,1.9800000E-2
0.0000000E+0,-1.0000000E-7,-1.0000000E-6,-9.4630000E-4,6.4970310E-2,4.9999800E+1,2.4000000E-2,2.4000000E-2,1.9800000E-2
0.0000000E+0,-4.0000000E-7,-2.0000000E-7,-9.9500000E-4,6.4970310E-2,4.9999700E+1,2.4000000E-2,2.4000000E-2,1.9800000E-2
0.0000000E+0,-1.0000000E-7,-0.0000000E+0,-1.0454000E-3,6.4970310E-2,4.9999700E+1,2.4000000E-2,2.4000000E-2,1.9800000E-2
0.0000000E+0,-7.0000000E-7,-6.0000000E-7,-1.0943000E-3,6.4970310E-2,4.9999800E+1,2.4000000E-2,2.4000000E-2,1.9800000E-2
0.0000000E+0,7.0000000E-7,-4.0000000E-7,-1.1513000E-3,6.4970310E-2,4.9999400E+1,2.4000000E-2,2.4000000E-2,1.9800000E-2
0.0000000E+0,-0.0000000E+0,3.0000000E-7,-1.2023000E-3,6.4970310E-2,4.9999700E+1,2.4000000E-2,2.4000000E-2,1.9800000E-2
0.0000000E+0,-5.0000000E-7,-4.0000000E-7,-1.2481000E-3,6.4970310E-2,4.9999400E+1,2.4000000E-2,2.4000000E-2,1.9800000E-2
0.0000000E+0,-2.0000000E-7,1.0000000E-7,-1.2975000E-3,6.4970310E-2,4.9999400E+1,2.4000000E-2,2.4000000E-2,1.9800000E-2
0.0000000E+0,-1.6000000E-6,-4.0000000E-7,-1.3476000E-3,6.4970310E-2,4.9999600E+1,2.4000000E-2,2.4000000E-2,1.9800000E-2
0.0000000E+0,-3.0000000E-7,-2.0000000E-7,-1.3897000E-3,6.4970310E-2,4.9999800E+1,2.4000000E-2,2.4000000E-2,1.9800000E-2
0.0000000E+0,3.0000000E-7,3.0000000E-7,-1.4401000E-3,6.4970310E-2,5.0000000E+1,2.4000000E-2,2.4000000E-2,1.9800000E-2
0.0000000E+0,-2.0000000E-7,-6.0000000E-7,-1.4994000E-3,6.4970310E-2,5.0000000E+1,2.4000000E-2,2.4000000E-2,1.9800000E-2
0.0000000E+0,7.0000000E-7,3.0000000E-7,-1.5424000E-3,6.4970310E-2,5.0000000E+1,2.4000000E-2,2.4000000E-2,1.9800000E-2
0.0000000E+0,-4.0000000E-7,7.0000000E-7,-1.5941000E-3,6.4970310E-2,4.9999800E+1,2.4000000E-2,2.4000000E-2,1.9800000E-2
0.0000000E+0,-5.0000000E-7,4.0000000E-7,-1.6490000E-3,6.4970310E-2,4.9999900E+1,2.4000000E-2,2.4000000E-2,1.9800000E-2
0.0000000E+0,-1.0000000E-7,6.0000000E-7,-1.7040000E-3,6.4970310E-2,4.9999900E+1,2.4000000E-2,2.4000000E-2,1.9800000E-2
0.0000000E+0,1.1000000E-6,-7.0000000E-7,-1.7510000E-3,6.4970310E-2,4.9999700E+1,2.4000000E-2,2.4000000E-2,1.9800000E-2
0.0000000E+0,-1.1000000E-6,-5.0000000E-7,-1.7931000E-3,6.4970310E-2,4.9999900E+1,2.4000000E-2,2.4000000E-2,1.9800000E-2
0.0000000E+0,-1.0000000E-7,3.0000000E-7,-1.8359000E-3,6.4970310E-2,4.9999600E+1,2.4000000E-2,2.4000000E-2,1.9800000E-2
0.0000000E+0,5.0000000E-7,1.0000000E-7,-1.9010000E-3,6.4970310E-2,5.0000000E+1,2.4000000E-2,2.4000000E-2,1.9800000E-2
0.0000000E+0,4.0000000E-7,-3.0000000E-7,-1.9371000E-3,6.4970310E-2,4.9999900E+1,2.4000000E-2,2.4000000E-2,1.9800000E-2
0.0000000E+0,5.0000000E-7,5.0000000E-7,-1.9952000E-3,6.4970310E-2,5.0000000E+1,2.4000000E-2,2.4000000E-2,1.9800000E-2
0.0000000E+0,-4.0000000E-7,7.0000000E-7,-2.0448000E-3,6.4970310E-2,5.0000100E+1,2.4000000E-2,2.4000000E-2,1.9800000E-2
0.0000000E+0,6.0000000E-7,-2.0000000E-7,-2.0976000E-3,6.4970310E-2,5.0000000E+1,2.4000000E-2,2.4000000E-2,1.9800000E-2
0.0000000E+0,6.0000000E-7,5.0000000E-7,-2.1408000E-3,6.4970310E-2,4.9999900E+1,2.4000000E-2,2.4000000E-2,1.9800000E-2
0.0000000E+0,6.0000000E-7,0.0000000E+0,-2.1944000E-3,6.4970310E-2,5.0000000E+1,2.4000000E-2,2.4000000E-2,1.9800000E-2
0.0000000E+0,1.0000000E-6,3.0000000E-7,-2.2440000E-3,6.4970310E-2,5.0000300E+1,2.4000000E-2,2.4000000E-2,1.9800000E-2
0.0000000E+0,5.0000000E-7,-5.0000000E-7,-2.2943000E-3,6.4970310E-2,5.0000000E+1,2.4000000E-2,2.4000000E-2,1.9800000E-2
0.0000000E+0,7.0000000E-7,6.0000000E-7,-2.3396000E-3,6.4970310E-2,5.0000300E+1,2.4000000E-2,2.4000000E-2,1.9800000E-2
0.0000000E+0,7.0000000E-7,6.0000000E-7,-2.3928000E-3,6.4970310E-2,5.0000000E+1,2.4000000E-2,2.4000000E-2,1.9800000E-2
0.0000000E+0,4.0000000E-7,-2.0000000E-7,-2.4428000E-3,6.4970310E-2,5.0000000E+1,2.4000000E-2,2.4000000E-2,1.9800000E-2
0.0000000E+0,-1.0000000E-7,-1.0000000E-7,-2.4929000E-3,6.4970310E-2,4.9999800E+1,2.4000000E-2,2.4000000E-2,1.9800000E-2
0.0000000E+0,5.0000000E-7,5.0000000E-7,-2.5381000E-3,6.4970310E-2,5.0000000E+1,2.4000000E-2,2.4000000E-2,1.9800000E-2
0.0000000E+0,3.0000000E-7,2.0000000E-7,-2.5918000E-3,6.4970310E-2,4.9999900E+1,2.4000000E-2,2.4000000E-2,1.9800000E-2
0.0000000E+0,3.0000000E-7,-3.0000000E-7,-2.6472000E-3,6.4970310E-2,4.9999800E+1,2.4000000E-2,2.4000000E-2,1.9800000E-2
0.0000000E+0,-1.0000000E-7,3.0000000E-7,-2.6937000E-3,6.4970310E-2,4.9999900E+1,2.4000000E-2,2.4000000E-2,1.9800000E-2
0.0000000E+0,-1.3000000E-6,3.0000000E-7,-2.7427000E-3,6.4970310E-2,5.0000200E+1,2.4000000E-2,2.4000000E-2,1.9800000E-2
0.0000000E+0,0.0000000E+0,1.0000000E-7,-2.7957000E-3,6.4970310E-2,5.0000100E+1,2.4000000E-2,2.4000000E-2,1.9800000E-2
0.0000000E+0,-1.0000000E-7,-4.0000000E-7,-2.8440000E-3,6.4970310E-2,5.0000000E+1,2.4000000E-2,2.4000000E-2,1.9800000E-2
0.0000000E+0,0.0000000E+0,4.0000000E-7,-2.8960000E-3,6.4970310E-2,4.9999900E+1,2.4000000E-2,2.4000000E-2,1.9800000E-2
0.0000000E+0,7.0000000E-7,3.0000000E-7,-2.9463000E-3,6.4970310E-2,5.0000000E+1,2.4000000E-2,2.4000000E-2,1.9800000E-2
0.0000000E+0,2.0000000E-7,-3.0000000E-7,-2.9987000E-3,6.4970310E-2,5.0000200E+1,2.4000000E-2,2.4000000E-2,1.9800000E-2
0.0000000E+0,5.0000000E-7,-4.0000000E-7,-3.0434000E-3,6.4970310E-2,5.0000400E+1,2.4000000E-2,2.4000000E-2,1.9800000E-2
0.0000000E+0,1.2000000E-6,-9.0000000E-7,-3.0951000E-3,6.4970310E-2,4.9999900E+1,2.4000000E-2,2.4000000E-2,1.9800000E-2
0.0000000E+0,3.0000000E-7,-2.0000000E-7,-3.1420000E-3,6.4970310E-2,4.9999500E+1,2.4000000E-2,2.4000000E-2,1.9800000E-2
0.0000000E+0,4.0000000E-7,-2.0000000E-7,-3.1937000E-3,6.4970310E-2,5.0000200E+1,2.4000000E-2,2.4000000E-2,1.9800000E-2
0.0000000E+0,-2.0000000E-7,-7.0000000E-7,-3.2387000E-3,6.4970310E-2,5.0000100E+1,2.4000000E-2,2.4000000E-2,1.9800000E-2
0.0000000E+0,2.0000000E-7,7.0000000E-7,-3.2965000E-3,6.4970310E-2,5.0000300E+1,2.4000000E-2,2.4000000E-2,1.9800000E-2
0.0000000E+0,3.0000000E-7,-0.0000000E+0,-3.3417000E-3,6.4970310E-2,4.9999900E+1,2.4000000E-2,2.4000000E-2,1.9800000E-2
0.0000000E+0,1.0000000E-7,-2.0000000E-7,-3.3942000E-3,6.4970310E-2,5.0000100E+1,2.4000000E-2,2.4000000E-2,1.9800000E-2
0.0000000E+0,-2.0000000E-7,3.0000000E-7,-3.4461000E-3,6.4970310E-2,5.0000100E+1,2.4000000E-2,2.4000000E-2,1.9800000E-2
0.0000000E+0,7.0000000E-7,6.0000000E-7,-3.4937000E-3,6.4970310E-2,5.0000300E+1,2.4000000E-2,2.4000000E-2,1.9800000E-2
0.0000000E+0,-7.0000000E-7,-0.0000000E+0,-3.5474000E-3,6.4970310E-2,5.0000200E+1,2.4000000E-2,2.4000000E-2,1.9800000E-2
0.0000000E+0,1.0000000E-7,6.0000000E-7,-3.5954000E-3,6.4970310E-2,5.0000200E+1,2.4000000E-2,2.4000000E-2,1.9800000E-2
0.0000000E+0,-1.0000000E-7,5.0000000E-7,-3.6438000E-3,6.4970310E-2,5.0000000E+1,2.4000000E-2,2.4000000E-2,1.9800000E-2
0.0000000E+0,4.0000000E-7,1.0000000E-7,-3.6883000E-3,6.4970310E-2,5.0000100E+1,2.4000000E-2,2.4000000E-2,1.9800000E-2
0.0000000E+0,5.0000000E-7,-1.0000000E-7,-3.7391000E-3,6.4970310E-2,5.0000000E+1,2.4000000E-2,2.4000000E-2,1.9800000E-2
0.0000000E+0,-9.0000000E-7,-0.0000000E+0,-3.7945000E-3,6.4970310E-2,5.0000400E+1,2.4000000E-2,2.4000000E-2,1.9800000E-2
0.0000000E+0,0.0000000E+0,-4.0000000E-7,-3.8470000E-3,6.4970310E-2,5.0000400E+1,2.4000000E-2,2.4000000E-2,1.9800000E-2
0.0000000E+0,-3.0000000E-7,5.0000000E-7,-3.8878000E-3,6.4970310E-2,5.0000100E+1,2.4000000E-2,2.4000000E-2,1.9800000E-2
0.0000000E+0,-9.0000000E-7,0.0000000E+0,-3.9447000E-3,6.4970310E-2,4.9999800E+1,2.4000000E-2,2.4000000E-2,1.9800000E-2
0.0000000E+0,0.0000000E+0,-5.0000000E-7,-3.9884000E-3,6.4970310E-2,5.0000400E+1,2.4000000E-2,2.4000000E-2,1.9800000E-2
0.0000000E+0,2.0000000E-7,-3.0000000E-7,-4.0387000E-3,6.4970310E-2,5.0000100E+1,2.4000000E-2,2.4000000E-2,1.9800000E-2
0.0000000E+0,1.0000000E-7,6.0000000E-7,-4.0996000E-3,6.4970310E-2,5.0000400E+1,2.4000000E-2,2.4000000E-2,1.9800000E-2
0.0000000E+0,-1.0000000E-7,2.0000000E-7,-4.1420000E-3,6.4970310E-2,5.0000400E+1,2.4000000E-2,2.4000000E-2,1.9800000E-2
0.0000000E+0,-1.0000000E-6,-4.0000000E-7,-4.1945000E-3,6.4970310E-2,5.0000300E+1,2.4000000E-2,2.4000000E-2,1.9800000E-2
0.0000000E+0,-3.0000000E-7,-1.0000000E-7,-4.2468000E-3,6.4970310E-2,5.0000000E+1,2.4000000E-2,2.4000000E-2,1.9800000E-2
0.0000000E+0,1.1000000E-6,1.0000000E-7,-4.2918000E-3,6.4970310E-2,5.0000000E+1,2.4000000E-2,2.4000000E-2,1.9800000E-2
0.0000000E+0,-3.0000000E-7,-2.0000000E-7,-4.3458000E-3,6.4970310E-2,5.0000400E+1,2.4000000E-2,2.4000000E-2,1.9800000E-2
0.0000000E+0,-1.0000000E-7,-2.0000000E-7,-4.3961000E-3,6.4970310E-2,5.0000500E+1,2.4000000E-2,2.4000000E-2,1.9800000E-2
0.0000000E+0,-1.5000000E-6,1.0000000E-7,-4.4435000E-3,6.4970310E-2,5.0000300E+1,2.4000000E-2,2.4000000E-2,1.9800000E-2
0.0000000E+0,4.0000000E-7,-0.0000000E+0,-4.4976000E-3,6.4970310E-2,5.0000300E+1,2.4000000E-2,2.4000000E-2,1.9800000E-2
0.0000000E+0,-6.0000000E-7,-3.0000000E-7,-4.5431000E-3,6.4970310E-2,4.9999800E+1,2.4000000E-2,2.4000000E-2,1.9800000E-2
0.0000000E+0,0.0000000E+0,4.0000000E-7,-4.5923000E-3,6.4970310E-2,4.9999800E+1,2.4000000E-2,2.4000000E-2,1.9800000E-2
0.0000000E+0,-2.0000000E-7,3.0000000E-7,-4.6408000E-3,6.4970310E-2,5.0000000E+1,2.4000000E-2,2.4000000E-2,1.9800000E-2
0.0000000E+0,-5.0000000E-7,3.0000000E-7,-4.6971000E-3,6.4970310E-2,4.9999900E+1,2.4000000E-2,2.4000000E-2,1.9800000E-2
0.0000000E+0,7.0000000E-7,2.0000000E-7,-4.7498000E-3,6.4970310E-2,5.0000100E+1,2.4000000E-2,2.4000000E-2,1.9800000E-2
0.0000000E+0,6.0000000E-7,-2.0000000E-7,-4.7964000E-3,6.4970310E-2,5.0000100E+1,2.4000000E-2,2.4000000E-2,1.9800000E-2
0.0000000E+0,9.0000000E-7,-3.0000000E-7,-4.8478000E-3,6.4970310E-2,5.0000300E+1,2.4000000E-2,2.4000000E-2,1.9800000E-2
0.0000000E+0,0.0000000E+0,-2.0000000E-7,-4.8905000E-3,6.4970310E-2,5.0000100E+1,2.4000000E-2,2.4000000E-2,1.9800000E-2
0.0000000E+0,1.0000000E-7,-8.0000000E-7,-4.9417000E-3,6.4970310E-2,5.0000000E+1,2.4000000E-2,2.4000000E-2,1.9800000E-2
0.0000000E+0,7.0000000E-7,-5.0000000E-7,-4.9923000E-3,6.4970310E-2,5.0000100E+1,2.4000000E-2,2.4000000E-2,1.9800000E-2
