Idc,Bx,By,Bz,Vdc_adc,V_bg,dBx,dBy,dBz,
nA,T,T,T,mV,V,T/min,T/min,T/min,
0.0000000E+0,-6.0000000E-7,-3.0000000E-7,-1.4998700E-2,6.4970310E-2,4.9999800E+1,2.4000000E-2,2.4000000E-2,1.9800000E-2
0.0000000E+0,3.0000000E-7,-8.0000000E-7,-1.4957500E-2,6.4970310E-2,4.9999600E+1,2.4000000E-2,2.4000000E-2,1.9800000E-2
0.0000000E+0,5.0000000E-7,2.0000000E-7,-1.4903900E-2,6.4970310E-2,5.0000000E+1,2.4000000E-2,2.4000000E-2,1.9800000E-2
0.0000000E+0,4.0000000E-7,-6.0000000E-7,-1.4857400E-2,6.4970310E-2,5.0000000E+1,2.4000000E-2,2.4000000E-2,1.9800000E-2
0.0000000E+0,-4.0000000E-7,5.0000000E-7,-1.4804600E-2,6.4970310E-2,4.9999500E+1,2.4000000E-2,2.4000000E-2,1.9800000E-2
0.0000000E+0,-1.0000000E-7,6.0000000E-7,-1.4759800E-2,6.4970310E-2,4.9999600E+1,2.4000000E-2,2.4000000E-2,1.9800000E-2
0.0000000E+0,5.0000000E-7,-3.0000000E-7,-1.4707500E-2,6.4970310E-2,4.9999900E+1,2.4000000E-2,2.4000000E-2,1.9800000E-2
0.0000000E+0,7.0000000E-7,5.0000000E-7,-1.4651200E-2,6.4970310E-2,5.0000100E+1,2.4000000E-2,2.4000000E-2,1.9800000E-2
0.0000000E+0,-3.0000000E-7,-3.0000000E-7,-1.4605000E-2,6.4970310E-2,5.0000000E+1,2.4000000E-2,2.4000000E-2,1.9800000E-2
0.0000000E+0,-9.0000000E-7,5.0000000E-7,-1.4554200E-2,6.4970310E-2,4.9999500E+1,2.4000000E-2,2.4000000E-2,1.9800000E-2
0.0000000E+0,0.0000000E+0,1.0000000E-7,-1.4505400E-2,6.4970310E-2,4.9999300E+1,2.4000000E-2,2.4000000E-2,1.9800000E-2
0.0000000E+0,-3.0000000E-7,-6.0000000E-7,-1.4457800E-2,6.4970310E-2,4.9999600E+1,2.4000000E-2,2.4000000E-2,1.9800000E-2
0.0000000E+0,1.0000000E-6,-3.0000000E-7,-1.4407000E-2,6.4970310E-2,5.0000300E+1,2.4000000E-2,2.4000000E-2,1.9800000E-2
0.0000000E+0,-3.0000000E-7,8.0000000E-7,-1.4351900E-2,6.4970310E-2,5.0000300E+1,2.4000000E-2,2.4000000E-2,1.9800000E-2
0.0000000E+0,-1.0000000E-7,-6.0000000E-7,-1.4309700E-2,6.4970310E-2,4.9999800E+1,2.4000000E-2,2.4000000E-2,1.9800000E-2
0.0000000E+0,8.0000000E-7,1.6000000E-6,-1.4256800E-2,6.4970310E-2,4.9999500E+1,2.4000000E-2,2.4000000E-2,1.9800000E-2
0.0000000E+0,1.3000000E-6,-2.0000000E-7,-1.4203100E-2,6.4970310E-2,5.0000100E+1,2.4000000E-2,2.4000000E-2,1.9800000E-2
0.0000000E+0,-4.0000000E-7,-4.0000000E-7,-1.4158600E-2,6.4970310E-2,5.0000000E+1,2.4000000E-2,2.4000000E-2,1.9800000E-2
0.0000000E+0,-2.0000000E-7,5.0000000E-7,-1.4106700E-2,6.4970310E-2,5.0000200E+1,2.4000000E-2,2.4000000E-2,1.9800000E-2
0.0000000E+0,1.0000000E-7,5.0000000E-7,-1.4055300E-2,6.4970310E-2,5.0000000E+1,2.4000000E-2,2.4000000E-2,1.9800000E-2
0.0000000E+0,-1.2000000E-6,0.0000000E+0,-1.4008100E-2,6.4970310E-2,4.9999700E+1,2.4000000E-2,2.4000000E-2,1.9800000E-2
0.0000000E+0,-4.0000000E-7,4.0000000E-7,-1.3947000E-2,6.4970310E-2,4.9999800E+1,2.4000000E-2,2.4000000E-2,1.9800000E-2
0.0000000E+0,-2.0000000E-7,-3.0000000E-7,-1.3907500E-2,6.4970310E-2,4.9999700E+1,2.4000000E-2,2.4000000E-2,1.9800000E-2
0.0000000E+0,1.0000000E-7,-4.0000000E-7,-1.3857000E-2,6.4970310E-2,4.9999700E+1,2.4000000E-2,2.4000000E-2,1.9800000E-2
0.0000000E+0,7.0000000E-7,-3.0000000E-7,-1.3808200E-2,6.4970310E-2,4.9999300E+1,2.4000000E-2,2.4000000E-2,1.9800000E-2
0.0000000E+0,-4.0000000E-7,2.0000000E-7,-1.3753900E-2,6.4970310E-2,4.9999300E+1,2.4000000E-2,2.4000000E-2,1.9800000E-2
0.0000000E+0,-1.0000000E-7,5.0000000E-7,-1.3703700E-2,6.4970310E-2,4.9999700E+1,2.4000000E-2,2.4000000E-2,1.9800000E-2
0.0000000E+0,-0.0000000E+0,4.0000000E-7,-1.3654400E-2,6.4970310E-2,5.0000000E+1,2.4000000E-2,2.4000000E-2,1.9800000E-2
0.0000000E+0,-5.0000000E-7,2.0000000E-7,-1.3611700E-2,6.4970310E-2,5.0000100E+1,2.4000000E-2,2.4000000E-2,1.9800000E-2
0.0000000E+0,-2.0000000E-7,-3.0000000E-7,-1.3562500E-2,6.4970310E-2,4.9999800E+1,2.4000000E-2,2.4000000E-2,1.9800000E-2
0.0000000E+0,-0.0000000E+0,-2.0000000E-7,-1.3500700E-2,6.4970310E-2,4.9999900E+1,2.4000000E-2,2.4000000E-2,1.9800000E-2
0.0000000E+0,-2.0000000E-7,-8.0000000E-7,-1.3459000E-2,6.4970310E-2,4.9999600E+1,2.4000000E-2,2.4000000E-2,1.9800000E-2
0.0000000E+0,-9.0000000E-7,-3.0000000E-7,-1.3400300E-2,6.4970310E-2,4.9999400E+1,2.4000000E-2,2.4000000E-2,1.9800000E-2
0.0000000E+0,-5.0000000E-7,0.0000000E+0,-1.3361700E-2,6.4970310E-2,4.9999700E+1,2.4000000E-2,2.4000000E-2,1.9800000E-2
0.0000000E+0,-9.0000000E-7,-1.0000000E-7,-1.3309200E-2,6.4970310E-2,4.9999800E+1,2.4000000E-2,2.4000000E-2,1.9800000E-2
0.0000000E+0,-1.0000000E-7,3.0000000E-7,-1.3264000E-2,6.4970310E-2,5.0000100E+1,2.4000000E-2,2.4000000E-2,1.9800000E-2
0.0000000E+0,1.0000000E-7,-7.0000000E-7,-1.3215400E-2,6.4970310E-2,4.9999500E+1,2.4000000E-2,2.4000000E-2,1.9800000E-2
0.0000000E+0,4.0000000E-7,-1.2000000E-6,-1.3165100E-2,6.4970310E-2,4.9999900E+1,2.4000000E-2,2.4000000E-2,1.9800000E-2
0.0000000E+0,3.0000000E-7,-0.0000000E+0,-1.3111500E-2,6.4970310E-2,4.9999700E+1,2.4000000E-2,2.4000000E-2,1.9800000E-2
0.0000000E+0,-1.1000000E-6,-0.0000000E+0,-1.3059900E-2,6.4970310E-2,4.9999500E+1,2.4000000E-2,2.4000000E-2,1.9800000E-2
0.0000000E+0,0.0000000E+0,5.0000000E-7,-1.3020900E-2,6.4970310E-2,4.9999500E+1,2.4000000E-2,2.4000000E-2,1.9800000E-2
0.0000000E+0,1.0000000E-7,5.0000000E-7,-1.2977700E-2,6.4970310E-2,4.9999700E+1,2.4000000E-2,2.4000000E-2,1.9800000E-2
0.0000000E+0,-9.0000000E-7,2.0000000E-7,-1.2908700E-2,6.4970310E-2,4.9999600E+1,2.4000000E-2,2.4000000E-2,1.9800000E-2
0.0000000E+0,5.0000000E-7,3.0000000E-7,-1.2832700E-2,6.4970310E-2,4.9999500E+1,2.4000000E-2,2.4000000E-2,1.9800000E-2
0.0000000E+0,-4.0000000E-7,3.0000000E-7,-1.2813700E-2,6.4970310E-2,4.9999400E+1,2.4000000E-2,2.4000000E-2,1.9800000E-2
0.0000000E+0,0.0000000E+0,-3.0000000E-7,-1.2777500E-2,6.4970310E-2,4.9999500E+1,2.4000000E-2,2.4000000E-2,1.9800000E-2
0.0000000E+0,0.0000000E+0,1.0000000E-7,-1.2703300E-2,6.4970310E-2,4.9999800E+1,2.4000000E-2,2.4000000E-2,1.9800000E-2
0.0000000E+0,-4.0000000E-7,2.0000000E-7,-1.2672900E-2,6.4970310E-2,4.9999500E+1,2.4000000E-2,2.4000000E-2,1.9800000E-2
0.0000000E+0,-0.0000000E+0,-3.0000000E-7,-1.2644600E-2,6.4970310E-2,4.9999600E+1,2.4000000E-2,2.4000000E-2,1.9800000E-2
0.0000000E+0,-1.2000000E-6,3.0000000E-7,-1.2554600E-2,6.4970310E-2,4.9999700E+1,2.4000000E-2,2.4000000E-2,1.9800000E-2
0.0000000E+0,-9.0000000E-7,-2.0000000E-7,-1.2521100E-2,6.4970310E-2,4.9999800E+1,2.4000000E-2,2.4000000E-2,1.9800000E-2
0.0000000E+0,5.0000000E-7,1.0000000E-7,-1.2452200E-2,6.4970310E-2,4.9999900E+1,2.4000000E-2,2.4000000E-2,1.9800000E-2
0.0000000E+0,-3.0000000E-7,6.0000000E-7,-1.2413800E-2,6.4970310E-2,4.9999800E+1,2.4000000E-2,2.4000000E-2,1.9800000E-2
0.0000000E+0,2.0000000E-7,0.0000000E+0,-1.2392400E-2,6.4970310E-2,4.9999500E+1,2.4000000E-2,2.4000000E-2,1.9800000E-2
0.0000000E+0,1.0000000E-7,5.0000000E-7,-1.2318100E-2,6.4970310E-2,4.9999800E+1,2.4000000E-2,2.4000000E-2,1.9800000E-2
0.0000000E+0,-6.0000000E-7,-1.0000000E-7,-1.2230800E-2,6.4970310E-2,4.9999600E+1,2.4000000E-2,2.4000000E-2,1.9800000E-2
0.0000000E+0,4.0000000E-7,-4.0000000E-7,-1.2239200E-2,6.4970310E-2,4.9999600E+1,2.4000000E-2,2.4000000E-2,1.9800000E-2
0.0000000E+0,-1.0000000E-7,-4.0000000E-7,-1.2157500E-2,6.4970310E-2,4.9999500E+1,2.4000000E-2,2.4000000E-2,1.9800000E-2
0.0000000E+0,-3.0000000E-7,-1.0000000E-7,-1.2116900E-2,6.4970310E-2,5.0000000E+1,2.4000000E-2,2.4000000E-2,1.9800000E-2
0.0000000E+0,-9.0000000E-7,6.0000000E-7,-1.2056400E-2,6.4970310E-2,4.9999600E+1,2.4000000E-2,2.4000000E-2,1.9800000E-2
0.0000000E+0,-6.0000000E-7,-0.0000000E+0,-1.2075000E-2,6.4970310E-2,4.9999700E+1,2.4000000E-2,2.4000000E-2,1.9800000E-2
0.0000000E+0,-7.0000000E-7,4.0000000E-7,-1.1866000E-2,6.4970310E-2,4.9999800E+1,2.4000000E-2,2.4000000E-2,1.9800000E-2
0.0000000E+0,-1.0000000E-7,1.0000000E-7,-1.1941600E-2,6.4970310E-2,4.9999300E+1,2.4000000E-2,2.4000000E-2,1.9800000E-2
0.0000000E+0,7.0000000E-7,-7.0000000E-7,-1.1830800E-2,6.4970310E-2,5.0000000E+1,2.4000000E-2,2.4000000E-2,1.9800000E-2
0.0000000E+0,-3.0000000E-7,7.0000000E-7,-1.1765600E-2,6.4970310E-2,5.0000000E+1,2.4000000E-2,2.4000000E-2,1.9800000E-2
0.0000000E+0,2.0000000E-7,-1.0000000E-7,-1.1735700E-2,6.4970310E-2,5.0000000E+1,2.4000000E-2,2.4000000E-2,1.9800000E-2
0.0000000E+0,-5.0000000E-7,5.0000000E-7,-1.1652400E-2,6.4970310E-2,4.9999600E+1,2.4000000E-2,2.4000000E-2,1.9800000E-2
0.0000000E+0,-1.0000000E-7,-1.0000000E-7,-1.1663700E-2,6.4970310E-2,4.9999500E+1,2.4000000E-2,2.4000000E-2,1.9800000E-2
0.0000000E+0,7.0000000E-7,-3.0000000E-7,-1.1492000E-2,6.4970310E-2,4.9999600E+1,2.4000000E-2,2.4000000E-2,1.9800000E-2
0.0000000E+0,3.0000000E-7,-1.0000000E-7,-1.1524800E-2,6.4970310E-2,4.9999900E+1,2.4000000E-2,2.4000000E-2,1.9800000E-2
0.0000000E+0,3.0000000E-7,-1.0000000E-7,-1.1437400E-2,6.4970310E-2,4.9999600E+1,2.4000000E-2,2.4000000E-2,1.9800000E-2
0.0000000E+0,1.0000000E-7,2.0000000E-7,-1.1348100E-2,6.4970310E-2,4.9999600E+1,2.4000000E-2,2.4000000E-2,1.9800000E-2
0.0000000E+0,-1.0000000E-7,5.0000000E-7,-1.1280100E-2,6.4970310E-2,4.9999700E+1,2.4000000E-2,2.4000000E-2,1.9800000E-2
0.0000000E+0,4.0000000E-7,-1.0000000E-7,-1.1277600E-2,6.4970310E-2,4.9999600E+1,2.4000000E-2,2.4000000E-2,1.9800000E-2
0.0000000E+0,1.1000000E-6,-3.0000000E-7,-1.1075800E-2,6.4970310E-2,4.9999400E+1,2.4000000E-2,2.4000000E-2,1.9800000E-2
0.0000000E+0,5.0000000E-7,1.0000000E-7,-1.1262300E-2,6.4970310E-2,4.9999500E+1,2.4000000E-2,2.4000000E-2,1.9800000E-2
0.0000000E+0,-6.0000000E-7,6.0000000E-7,-1.0996600E-2,6.4970310E-2,4.9999700E+1,2.4000000E-2,2.4000000E-2,1.9800000E-2
0.0000000E+0,-7.0000000E-7,2.0000000E-7,-1.0999100E-2,6.4970310E-2,4.9999400E+1,2.4000000E-2,2.4000000E-2,1.9800000E-2
0.0000000E+0,-1.0000000E-7,-3.0000000E-7,-1.0918800E-2,6.4970310E-2,4.9999700E+1,2.4000000E-2,2.4000000E-2,1.9800000E-2
0.0000000E+0,2.0000000E-7,1.0000000E-7,-1.0869400E-2,6.4970310E-2,4.9999500E+1,2.4000000E-2,2.4000000E-2,1.9800000E-2
0.0000000E+0,4.0000000E-7,3.0000000E-7,-1.0809200E-2,6.4970310E-2,4.9999600E+1,2.4000000E-2,2.4000000E-2,1.9800000E-2
0.0000000E+0,1.2000000E-6,-6.0000000E-7,-1.0873200E-2,6.4970310E-2,4.9999500E+1,2.4000000E-2,2.4000000E-2,1.9800000E-2
0.0000000E+0,1.0000000E-7,7.0000000E-7,-1.0713000E-2,6.4970310E-2,4.9999500E+1,2.4000000E-2,2.4000000E-2,1.9800000E-2
0.0000000E+0,-0.0000000E+0,4.0000000E-7,-1.0699700E-2,6.4970310E-2,4.9999800E+1,2.4000000E-2,2.4000000E-2,1.9800000E-2
0.0000000E+0,-1.2000000E-6,2.0000000E-7,-1.0651600E-2,6.4970310E-2,4.9999000E+1,2.4000000E-2,2.4000000E-2,1.9800000E-2
0.0000000E+0,-1.0000000E-6,0.0000000E+0,-1.0669300E-2,6.4970310E-2,4.9999100E+1,2.4000000E-2,2.4000000E-2,1.9800000E-2
0.0000000E+0,0.0000000E+0,-1.0000000E-7,-1.0509600E-2,6.4970310E-2,4.9999300E+1,2.4000000E-2,2.4000000E-2,1.9800000E-2
0.0000000E+0,1.1000000E-6,-2.0000000E-7,-1.0427100E-2,6.4970310E-2,4.9999200E+1,2.4000000E-2,2.4000000E-2,1.9800000E-2
0.0000000E+0,-5.0000000E-7,4.0000000E-7,-1.0446600E-2,6.4970310E-2,4.9999400E+1,2.4000000E-2,2.4000000E-2,1.9800000E-2
0.0000000E+0,5.0000000E-7,-3.0000000E-7,-1.0370600E-2,6.4970310E-2,4.9999200E+1,2.4000000E-2,2.4000000E-2,1.9800000E-2
0.0000000E+0,-1.0000000E-7,-1.0000000E-7,-1.0334200E-2,6.4970310E-2,4.9999600E+1,2.4000000E-2,2.4000000E-2,1.9800000E-2
0.0000000E+0,-7.0000000E-7,-5.0000000E-7,-1.0255100E-2,6.4970310E-2,4.9999300E+1,2.4000000E-2,2.4000000E-2,1.9800000E-2
0.0000000E+0,-9.0000000E-7,-3.0000000E-7,-1.0215900E-2,6.4970310E-2,4.9999400E+1,2.4000000E-2,2.4000000E-2,1.9800000E-2
0.0000000E+0,5.0000000E-7,3.0000000E-7,-1.0117900E-2,6.4970310E-2,4.9999500E+1,2.4000000E-2,2.4000000E-2,1.9800000E-2
0.0000000E+0,-5.0000000E-7,2.0000000E-7,-1.0130600E-2,6.4970310E-2,4.9999500E+1,2.4000000E-2,2.4000000E-2,1.9800000E-2
0.0000000E+0,-1.0000000E-7,7.0000000E-7,-1.0106000E-2,6.4970310E-2,4.9999700E+1,2.4000000E-2,2.4000000E-2,1.9800000E-2
0.0000000E+0,1.0000000E-7,-3.0000000E-7,-1.0059500E-2,6.4970310E-2,4.9999100E+1,2.4000000E-2,2.4000000E-2,1.9800000E-2
0.0000000E+0,-5.0000000E-7,1.0000000E-6,-9.8959000E-3,6.4970310E-2,4.9999200E+1,2.4000000E-2,2.4000000E-2,1.9800000E-2
0.0000000E+0,-8.0000000E-7,7.0000000E-7,-9.9043000E-3,6.4970310E-2,4.9999200E+1,2.4000000E-2,2.4000000E-2,1.9800000E-2
0.0000000E+0,1.0000000E-7,2.0000000E-7,-9.7386000E-3,6.4970310E-2,4.9999300E+1,2.4000000E-2,2.4000000E-2,1.9800000E-2
0.0000000E+0,1.8000000E-6,1.0000000E-7,-9.8130000E-3,6.4970310E-2,4.9999600E+1,2.4000000E-2,2.4000000E-2,1.9800000E-2
0.0000000E+0,-5.0000000E-7,-5.0000000E-7,-9.5956000E-3,6.4970310E-2,4.9999400E+1,2.4000000E-2,2.4000000E-2,1.9800000E-2
0.0000000E+0,-7.0000000E-7,6.0000000E-7,-9.5573000E-3,6.4970310E-2,4.9999600E+1,2.4000000E-2,2.4000000E-2,1.9800000E-2
0.0000000E+0,-7.0000000E-7,-2.0000000E-7,-9.4917000E-3,6.4970310E-2,4.9999200E+1,2.4000000E-2,2.4000000E-2,1.9800000E-2
0.0000000E+0,-5.0000000E-7,-8.0000000E-7,-9.5480000E-3,6.4970310E-2,4.9999700E+1,2.4000000E-2,2.4000000E-2,1.9800000E-2
0.0000000E+0,-1.0000000E-7,7.0000000E-7,-9.3576000E-3,6.4970310E-2,4.9999600E+1,2.4000000E-2,2.4000000E-2,1.9800000E-2
0.0000000E+0,9.0000000E-7,-1.0000000E-7,-9.3915000E-3,6.4970310E-2,4.9999800E+1,2.4000000E-2,2.4000000E-2,1.9800000E-2
0.0000000E+0,7.0000000E-7,3.0000000E-7,-9.2346000E-3,6.4970310E-2,4.9999600E+1,2.4000000E-2,2.4000000E-2,1.9800000E-2
0.0000000E+0,-3.0000000E-7,-1.0000000E-7,-9.2102000E-3,6.4970310E-2,4.9999100E+1,2.4000000E-2,2.4000000E-2,1.9800000E-2
0.0000000E+0,2.0000000E-7,1.0000000E-7,-9.1471000E-3,6.4970310E-2,4.9999400E+1,2.4000000E-2,2.4000000E-2,1.9800000E-2
0.0000000E+0,5.0000000E-7,-1.0000000E-7,-9.1019000E-3,6.4970310E-2,4.9999400E+1,2.4000000E-2,2.4000000E-2,1.9800000E-2
0.0000000E+0,3.0000000E-7,-1.0000000E-6,-9.0675000E-3,6.4970310E-2,4.9999500E+1,2.4000000E-2,2.4000000E-2,1.9800000E-2
0.0000000E+0,-0.0000000E+0,-8.0000000E-7,-9.0378000E-3,6.4970310E-2,4.9999400E+1,2.4000000E-2,2.4000000E-2,1.9800000E-2
0.0000000E+0,3.0000000E-7,-8.0000000E-7,-8.8470000E-3,6.4970310E-2,4.9999400E+1,2.4000000E-2,2.4000000E-2,1.9800000E-2
0.0000000E+0,5.0000000E-7,6.0000000E-7,-8.8100000E-3,6.4970310E-2,4.9999500E+1,2.4000000E-2,2.4000000E-2,1.9800000E-2
0.0000000E+0,-7.0000000E-7,9.0000000E-7,-8.7575000E-3,6.4970310E-2,4.9999700E+1,2.4000000E-2,2.4000000E-2,1.9800000E-2
0.0000000E+0,-7.0000000E-7,4.0000000E-7,-8.6526000E-3,6.4970310E-2,4.9999700E+1,2.4000000E-2,2.4000000E-2,1.9800000E-2
0.0000000E+0,-1.0000000E-6,6.0000000E-7,-8.7393000E-3,6.4970310E-2,4.9999800E+1,2.4000000E-2,2.4000000E-2,1.9800000E-2
0.0000000E+0,-4.0000000E-7,-0.0000000E+0,-8.6292000E-3,6.4970310E-2,4.9999500E+1,2.4000000E-2,2.4000000E-2,1.9800000E-2
0.0000000E+0,0.0000000E+0,-1.0000000E-7,-8.6555000E-3,6.4970310E-2,4.9999500E+1,2.4000000E-2,2.4000000E-2,1.9800000E-2
0.0000000E+0,-1.0000000E-6,-1.0000000E-6,-8.5421000E-3,6.4970310E-2,4.9999500E+1,2.4000000E-2,2.4000000E-2,1.9800000E-2
0.0000000E+0,4.0000000E-7,-3.0000000E-7,-8.4490000E-3,6.4970310E-2,4.9999600E+1,2.4000000E-2,2.4000000E-2,1.9800000E-2
0.0000000E+0,9.0000000E-7,-8.0000000E-7,-8.4182000E-3,6.4970310E-2,4.9999600E+1,2.4000000E-2,2.4000000E-2,1.9800000E-2
0.0000000E+0,-3.0000000E-7,4.0000000E-7,-8.3348000E-3,6.4970310E-2,4.9999500E+1,2.4000000E-2,2.4000000E-2,1.9800000E-2
0.0000000E+0,7.0000000E-7,4.0000000E-7,-8.3512000E-3,6.4970310E-2,4.9999500E+1,2.4000000E-2,2.4000000E-2,1.9800000E-2
0.0000000E+0,2.0000000E-7,-3.0000000E-7,-8.1952000E-3,6.4970310E-2,4.9999300E+1,2.4000000E-2,2.4000000E-2,1.9800000E-2
0.0000000E+0,-1.0000000E-6,5.0000000E-7,-8.1441000E-3,6.4970310E-2,4.9999100E+1,2.4000000E-2,2.4000000E-2,1.9800000E-2
0.0000000E+0,-1.1000000E-6,-6.0000000E-7,-8.1121000E-3,6.4970310E-2,4.9999300E+1,2.4000000E-2,2.4000000E-2,1.9800000E-2
0.0000000E+0,4.0000000E-7,-5.0000000E-7,-8.0765000E-3,6.4970310E-2,4.9999500E+1,2.4000000E-2,2.4000000E-2,1.9800000E-2
0.0000000E+0,5.0000000E-7,-0.0000000E+0,-8.0474000E-3,6.4970310E-2,4.9999600E+1,2.4000000E-2,2.4000000E-2,1.9800000E-2
0.0000000E+0,4.0000000E-7,-2.0000000E-7,-7.9827000E-3,6.4970310E-2,4.9999500E+1,2.4000000E-2,2.4000000E-2,1.9800000E-2
0.0000000E+0,2.0000000E-7,1.0000000E-7,-7.9151000E-3,6.4970310E-2,4.9999800E+1,2.4000000E-2,2.4000000E-2,1.9800000E-2
0.0000000E+0,1.0000000E-7,4.0000000E-7,-7.8628000E-3,6.4970310E-2,4.9999100E+1,2.4000000E-2,2.4000000E-2,1.9800000E-2
0.0000000E+0,-1.0000000E-7,-1.1000000E-6,-7.8209000E-3,6.4970310E-2,4.9999500E+1,2.4000000E-2,2.4000000E-2,1.9800000E-2
0.0000000E+0,0.0000000E+0,-3.0000000E-7,-7.7474000E-3,6.4970310E-2,4.9999600E+1,2.4000000E-2,2.4000000E-2,1.9800000E-2
0.0000000E+0,1.0000000E-7,-1.0000000E-7,-7.6959000E-3,6.4970310E-2,4.9999800E+1,2.4000000E-2,2.4000000E-2,1.9800000E-2
0.0000000E+0,-0.0000000E+0,8.0000000E-7,-7.6631000E-3,6.4970310E-2,4.9999700E+1,2.4000000E-2,2.4000000E-2,1.9800000E-2
0.0000000E+0,-6.0000000E-7,-3.0000000E-7,-7.6168000E-3,6.4970310E-2,4.9999400E+1,2.4000000E-2,2.4000000E-2,1.9800000E-2
0.0000000E+0,4.0000000E-7,-5.0000000E-7,-7.5151000E-3,6.4970310E-2,4.9999400E+1,2.4000000E-2,2.4000000E-2,1.9800000E-2
0.0000000E+0,1.0000000E-6,-2.0000000E-7,-7.5149000E-3,6.4970310E-2,4.9999700E+1,2.4000000E-2,2.4000000E-2,1.9800000E-2
0.0000000E+0,-3.0000000E-7,3.0000000E-7,-7.4500000E-3,6.4970310E-2,4.9999200E+1,2.4000000E-2,2.4000000E-2,1.9800000E-2
0.0000000E+0,5.0000000E-7,0.0000000E+0,-7.4016000E-3,6.4970310E-2,4.9999600E+1,2.4000000E-2,2.4000000E-2,1.9800000E-2
0.0000000E+0,-3.0000000E-7,5.0000000E-7,-7.3677000E-3,6.4970310E-2,4.9999600E+1,2.4000000E-2,2.4000000E-2,1.9800000E-2
0.0000000E+0,-4.0000000E-7,8.0000000E-7,-7.3128000E-3,6.4970310E-2,4.9999900E+1,2.4000000E-2,2.4000000E-2,1.9800000E-2
0.0000000E+0,-1.0000000E-7,-1.0000000E-7,-7.2906000E-3,6.4970310E-2,4.9999500E+1,2.4000000E-2,2.4000000E-2,1.9800000E-2
0.0000000E+0,1.0000000E-7,3.0000000E-7,-7.2153000E-3,6.4970310E-2,4.9999500E+1,2.4000000E-2,2.4000000E-2,1.9800000E-2
0.0000000E+0,2.0000000E-7,6.0000000E-7,-7.1552000E-3,6.4970310E-2,4.9999400E+1,2.4000000E-2,2.4000000E-2,1.9800000E-2
0.0000000E+0,-1.0000000E-7,-3.0000000E-7,-7.1187000E-3,6.4970310E-2,5.0000000E+1,2.4000000E-2,2.4000000E-2,1.9800000E-2
0.0000000E+0,-4.0000000E-7,3.0000000E-7,-7.0551000E-3,6.4970310E-2,4.9999500E+1,2.4000000E-2,2.4000000E-2,1.9800000E-2
0.0000000E+0,3.0000000E-7,-9.0000000E-7,-7.0223000E-3,6.4970310E-2,4.9999400E+1,2.4000000E-2,2.4000000E-2,1.9800000E-2
0.0000000E+0,6.0000000E-7,3.0000000E-7,-6.9526000E-3,6.4970310E-2,4.9999300E+1,2.4000000E-2,2.4000000E-2,1.9800000E-2
0.0000000E+0,-4.0000000E-7,2.0000000E-7,-6.9192000E-3,6.4970310E-2,4.9999300E+1,2.4000000E-2,2.4000000E-2,1.9800000E-2
0.0000000E+0,4.0000000E-7,-6.0000000E-7,-6.8536000E-3,6.4970310E-2,4.9999600E+1,2.4000000E-2,2.4000000E-2,1.9800000E-2
0.0000000E+0,-0.0000000E+0,1.0000000E-7,-6.8066000E-3,6.4970310E-2,4.9999900E+1,2.4000000E-2,2.4000000E-2,1.9800000E-2
0.0000000E+0,-5.0000000E-7,1.0000000E-7,-6.7537000E-3,6.4970310E-2,4.9999700E+1,2.4000000E-2,2.4000000E-2,1.9800000E-2
0.0000000E+0,1.0000000E-7,-4.0000000E-7,-6.7067000E-3,6.4970310E-2,4.9999600E+1,2.4000000E-2,2.4000000E-2,1.9800000E-2
0.0000000E+0,5.0000000E-7,-2.0000000E-7,-6.6608000E-3,6.4970310E-2,4.9999700E+1,2.4000000E-2,2.4000000E-2,1.9800000E-2
0.0000000E+0,4.0000000E-7,8.0000000E-7,-6.6010000E-3,6.4970310E-2,4.9999500E+1,2.4000000E-2,2.4000000E-2,1.9800000E-2
0.0000000E+0,-9.0000000E-7,-2.0000000E-7,-6.5613000E-3,6.4970310E-2,4.9999300E+1,2.4000000E-2,2.4000000E-2,1.9800000E-2
0.0000000E+0,4.0000000E-7,-5.0000000E-7,-6.5117000E-3,6.4970310E-2,4.9999600E+1,2.4000000E-2,2.4000000E-2,1.9800000E-2
0.0000000E+0,6.0000000E-7,3.0000000E-7,-6.4644000E-3,6.4970310E-2,4.9999600E+1,2.4000000E-2,2.4000000E-2,1.9800000E-2
0.0000000E+0,-4.0000000E-7,1.0000000E-7,-6.4024000E-3,6.4970310E-2,4.9999400E+1,2.4000000E-2,2.4000000E-2,1.9800000E-2
0.0000000E+0,-6.0000000E-7,5.0000000E-7,-6.3538000E-3,6.4970310E-2,4.9999800E+1,2.4000000E-2,2.4000000E-2,1.9800000E-2
0.0000000E+0,1.1000000E-6,-6.0000000E-7,-6.3029000E-3,6.4970310E-2,4.9999500E+1,2.4000000E-2,2.4000000E-2,1.9800000E-2
0.0000000E+0,3.0000000E-7,-3.0000000E-7,-6.2553000E-3,6.4970310E-2,4.9999700E+1,2.4000000E-2,2.4000000E-2,1.9800000E-2
0.0000000E+0,1.0000000E-7,-3.0000000E-7,-6.2063000E-3,6.4970310E-2,4.9999400E+1,2.4000000E-2,2.4000000E-2,1.9800000E-2
0.0000000E+0,1.0000000E-6,2.0000000E-7,-6.1508000E-3,6.4970310E-2,4.9999600E+1,2.4000000E-2,2.4000000E-2,1.9800000E-2
0.0000000E+0,6.0000000E-7,-5.0000000E-7,-6.1121000E-3,6.4970310E-2,4.9999400E+1,2.4000000E-2,2.4000000E-2,1.9800000E-2
0.0000000E+0,-4.0000000E-7,3.0000000E-7,-6.0600000E-3,6.4970310E-2,5.0000000E+1,2.4000000E-2,2.4000000E-2,1.9800000E-2
0.0000000E+0,3.0000000E-7,1.0000000E-7,-6.0097000E-3,6.4970310E-2,4.9999500E+1,2.4000000E-2,2.4000000E-2,1.9800000E-2
0.0000000E+0,-5.0000000E-7,-7.0000000E-7,-5.9563000E-3,6.4970310E-2,4.9999900E+1,2.4000000E-2,2.4000000E-2,1.9800000E-2
0.0000000E+0,-1.0000000E-7,-2.0000000E-7,-5.9013000E-3,6.4970310E-2,4.9999500E+1,2.4000000E-2,2.4000000E-2,1.9800000E-2
0.0000000E+0,2.0000000E-7,-0.0000000E+0,-5.8581000E-3,6.4970310E-2,4.9999500E+1,2.4000000E-2,2.4000000E-2,1.9800000E-2
0.0000000E+0,-5.0000000E-7,-8.0000000E-7,-5.8098000E-3,6.4970310E-2,4.9999900E+1,2.4000000E-2,2.4000000E-2,1.9800000E-2
0.0000000E+0,8.0000000E-7,1.4000000E-6,-5.7559000E-3,6.4970310E-2,4.9999500E+1,2.4000000E-2,2.4000000E-2,1.9800000E-2
0.0000000E+0,-2.0000000E-7,-2.0000000E-7,-5.7109000E-3,6.4970310E-2,4.9999200E+1,2.4000000E-2,2.4000000E-2,1.9800000E-2
0.0000000E+0,2.0000000E-7,2.0000000E-7,-5.6573000E-3,6.4970310E-2,4.9999200E+1,2.4000000E-2,2.4000000E-2,1.9800000E-2
0.0000000E+0,7.0000000E-7,1.0000000E-7,-5.6070000E-3,6.4970310E-2,4.9999500E+1,2.4000000E-2,2.4000000E-2,1.9800000E-2
0.0000000E+0,1.0000000E-7,5.0000000E-7,-5.5550000E-3,6.4970310E-2,4.9999500E+1,2.4000000E-2,2.4000000E-2,1.9800000E-2
0.0000000E+0,-3.0000000E-7,5.0000000E-7,-5.5064000E-3,6.4970310E-2,4.9999200E+1,2.4000000E-2,2.4000000E-2,1.9800000E-2
0.0000000E+0,5.0000000E-7,1.6000000E-6,-5.4519000E-3,6.4970310E-2,4.9999500E+1,2.4000000E-2,2.4000000E-2,1.9800000E-2
0.0000000E+0,-1.0000000E-7,3.0000000E-7,-5.4138000E-3,6.4970310E-2,4.9999700E+1,2.4000000E-2,2.4000000E-2,1.9800000E-2
0.0000000E+0,1.0000000E-7,-3.0000000E-7,-5.3568000E-3,6.4970310E-2,4.9999300E+1,2.4000000E-2,2.4000000E-2,1.9800000E-2
0.0000000E+0,6.0000000E-7,2.0000000E-7,-5.3085000E-3,6.4970310E-2,4.9999900E+1,2.4000000E-2,2.4000000E-2,1.9800000E-2
0.0000000E+0,-3.0000000E-7,-3.0000000E-7,-5.2546000E-3,6.4970310E-2,4.9999700E+1,2.4000000E-2,2.4000000E-2,1.9800000E-2
0.0000000E+0,-2.0000000E-7,-5.0000000E-7,-5.2032000E-3,6.4970310E-2,4.9999900E+1,2.4000000E-2,2.4000000E-2,1.9800000E-2
0.0000000E+0,-4.0000000E-7,7.0000000E-7,-5.1492000E-3,6.4970310E-2,5.0000000E+1,2.4000000E-2,2.4000000E-2,1.9800000E-2
0.0000000E+0,9.0000000E-7,0.0000000E+0,-5.1077000E-3,6.4970310E-2,5.0000200E+1,2.4000000E-2,2.4000000E-2,1.9800000E-2
0.0000000E+0,-1.0000000E-7,2.0000000E-7,-5.0576000E-3,6.4970310E-2,4.9999900E+1,2.4000000E-2,2.4000000E-2,1.9800000E-2
0.0000000E+0,-1.0000000E-7,-1.5000000E-6,-5.0053000E-3,6.4970310E-2,5.0000200E+1,2.4000000E-2,2.4000000E-2,1.9800000E-2
0.0000000E+0,2.0000000E-7,-9.0000000E-7,-4.9548000E-3,6.4970310E-2,4.9999900E+1,2.4000000E-2,2.4000000E-2,1.9800000E-2
0.0000000E+0,6.0000000E-7,3.0000000E-7,-4.9070000E-3,6.4970310E-2,5.0000100E+1,2.4000000E-2,2.4000000E-2,1.9800000E-2
0.0000000E+0,1.3000000E-6,-1.0000000E-7,-4.8522000E-3,6.4970310E-2,4.9999800E+1,2.4000000E-2,2.4000000E-2,1.9800000E-2
0.0000000E+0,4.0000000E-7,-2.0000000E-7,-4.8055000E-3,6.4970310E-2,4.9999800E+1,2.4000000E-2,2.4000000E-2,1.9800000E-2
0.0000000E+0,3.0000000E-7,2.0000000E-7,-4.7505000E-3,6.4970310E-2,4.9999900E+1,2.4000000E-2,2.4000000E-2,1.9800000E-2
0.0000000E+0,3.0000000E-7,-1.0000000E-7,-4.7029000E-3,6.4970310E-2,4.9999900E+1,2.4000000E-2,2.4000000E-2,1.9800000E-2
0.0000000E+0,2.0000000E-7,0.0000000E+0,-4.6563000E-3,6.4970310E-2,5.0000000E+1,2.4000000E-2,2.4000000E-2,1.9800000E-2
0.0000000E+0,4.0000000E-7,-8.0000000E-7,-4.6035000E-3,6.4970310E-2,4.9999600E+1,2.4000000E-2,2.4000000E-2,1.9800000E-2
0.0000000E+0,6.0000000E-7,-3.0000000E-7,-4.5555000E-3,6.4970310E-2,4.9999700E+1,2.4000000E-2,2.4000000E-2,1.9800000E-2
0.0000000E+0,-7.0000000E-7,-3.0000000E-7,-4.5098000E-3,6.4970310E-2,4.9999800E+1,2.4000000E-2,2.4000000E-2,1.9800000E-2
0.0000000E+0,6.0000000E-7,-1.0000000E-7,-4.4526000E-3,6.4970310E-2,4.9999800E+1,2.4000000E-2,2.4000000E-2,1.9800000E-2
0.0000000E+0,1.0000000E-7,-2.0000000E-7,-4.4017000E-3,6.4970310E-2,4.9999500E+1,2.4000000E-2,2.4000000E-2,1.9800000E-2
0.0000000E+0,-5.0000000E-7,-3.0000000E-7,-4.3527000E-3,6.4970310E-2,4.9999900E+1,2.4000000E-2,2.4000000E-2,1.9800000E-2
0.0000000E+0,-7.0000000E-7,1.0000000E-7,-4.3013000E-3,6.4970310E-2,5.0000100E+1,2.4000000E-2,2.4000000E-2,1.9800000E-2
0.0000000E+0,1.0000000E-7,-4.0000000E-7,-4.2558000E-3,6.4970310E-2,5.0000100E+1,2.4000000E-2,2.4000000E-2,1.9800000E-2
0.0000000E+0,1.0000000E-7,-2.0000000E-7,-4.2129000E-3,6.4970310E-2,4.9999700E+1,2.4000000E-2,2.4000000E-2,1.9800000E-2
0.0000000E+0,-7.0000000E-7,7.0000000E-7,-4.1575000E-3,6.4970310E-2,4.9999800E+1,2.4000000E-2,2.4000000E-2,1.9800000E-2
0.0000000E+0,2.0000000E-7,-4.0000000E-7,-4.1061000E-3,6.4970310E-2,5.0000000E+1,2.4000000E-2,2.4000000E-2,1.9800000E-2
0.0000000E+0,2.0000000E-7,1.0000000E-7,-4.0571000E-3,6.4970310E-2,4.9999600E+1,2.4000000E-2,2.4000000E-2,1.9800000E-2
0.0000000E+0,-1.0000000E-7,-3.0000000E-7,-4.0056000E-3,6.4970310E-2,4.9999700E+1,2.4000000E-2,2.4000000E-2,1.9800000E-2
0.0000000E+0,-6.0000000E-7,-0.0000000E+0,-3.9496000E-3,6.4970310E-2,4.9999500E+1,2.4000000E-2,2.4000000E-2,1.9800000E-2
0.0000000E+0,-3.0000000E-7,1.0000000E-7,-3.9064000E-3,6.4970310E-2,5.0000000E+1,2.4000000E-2,2.4000000E-2,1.9800000E-2
0.0000000E+0,-1.3000000E-6,-1.0000000E-7,-3.8521000E-3,6.4970310E-2,4.9999400E+1,2.4000000E-2,2.4000000E-2,1.9800000E-2
0.0000000E+0,-6.0000000E-7,6.0000000E-7,-3.7993000E-3,6.4970310E-2,4.9999900E+1,2.4000000E-2,2.4000000E-2,1.9800000E-2
0.0000000E+0,7.0000000E-7,2.0000000E-7,-3.7610000E-3,6.4970310E-2,4.9999800E+1,2.4000000E-2,2.4000000E-2,1.9800000E-2
0.0000000E+0,0.0000000E+0,2.0000000E-7,-3.7021000E-3,6.4970310E-2,4.9999700E+1,2.4000000E-2,2.4000000E-2,1.9800000E-2
0.0000000E+0,-7.0000000E-7,3.0000000E-7,-3.6590000E-3,6.4970310E-2,4.9999800E+1,2.4000000E-2,2.4000000E-2,1.9800000E-2
0.0000000E+0,-0.0000000E+0,2.0000000E-7,-3.6087000E-3,6.4970310E-2,4.9999700E+1,2.4000000E-2,2.4000000E-2,1.9800000E-2
0.0000000E+0,-4.0000000E-7,9.0000000E-7,-3.5560000E-3,6.4970310E-2,4.9999800E+1,2.4000000E-2,2.4000000E-2,1.9800000E-2
0.0000000E+0,6.0000000E-7,4.0000000E-7,-3.5053000E-3,6.4970310E-2,4.9999500E+1,2.4000000E-2,2.4000000E-2,1.9800000E-2
0.0000000E+0,-4.0000000E-7,-1.0000000E-7,-3.4552000E-3,6.4970310E-2,4.9999700E+1,2.4000000E-2,2.4000000E-2,1.9800000E-2
0.0000000E+0,5.0000000E-7,1.3000000E-6,-3.4084000E-3,6.4970310E-2,4.9999500E+1,2.4000000E-2,2.4000000E-2,1.9800000E-2
0.0000000E+0,9.0000000E-7,-7.0000000E-7,-3.3565000E-3,6.4970310E-2,4.9999600E+1,2.4000000E-2,2.4000000E-2,1.9800000E-2
0.0000000E+0,-2.0000000E-7,3.0000000E-7,-3.3053000E-3,6.4970310E-2,4.9999300E+1,2.4000000E-2,2.4000000E-2,1.9800000E-2
0.0000000E+0,-4.0000000E-7,-1.0000000E-7,-3.2551000E-3,6.4970310E-2,4.9999500E+1,2.4000000E-2,2.4000000E-2,1.9800000E-2
0.0000000E+0,-1.0000000E-7,2.0000000E-7,-3.2074000E-3,6.4970310E-2,4.9999800E+1,2.4000000E-2,2.4000000E-2,1.9800000E-2
0.0000000E+0,-1.0000000E-7,-0.0000000E+0,-3.1602000E-3,6.4970310E-2,4.9999900E+1,2.4000000E-2,2.4000000E-2,1.9800000E-2
0.0000000E+0,-3.0000000E-7,2.0000000E-7,-3.1041000E-3,6.4970310E-2,4.9999600E+1,2.4000000E-2,2.4000000E-2,1.9800000E-2
0.0000000E+0,-2.0000000E-7,4.0000000E-7,-3.0531000E-3,6.4970310E-2,4.9999800E+1,2.4000000E-2,2.4000000E-2,1.9800000E-2
0.0000000E+0,-1.0000000E-7,3.0000000E-7,-3.0071000E-3,6.4970310E-2,4.9999700E+1,2.4000000E-2,2.4000000E-2,1.9800000E-2
0.0000000E+0,2.0000000E-7,3.0000000E-7,-2.9528000E-3,6.4970310E-2,4.9999800E+1,2.4000000E-2,2.4000000E-2,1.9800000E-2
0.0000000E+0,2.0000000E-7,-0.0000000E+0,-2.9042000E-3,6.4970310E-2,4.9999800E+1,2.4000000E-2,2.4000000E-2,1.9800000E-2
0.0000000E+0,1.0000000E-7,-2.0000000E-7,-2.8575000E-3,6.4970310E-2,4.9999700E+1,2.4000000E-2,2.4000000E-2,1.9800000E-2
0.0000000E+0,-4.0000000E-7,-1.0000000E-7,-2.8043000E-3,6.4970310E-2,4.9999700E+1,2.4000000E-2,2.4000000E-2,1.9800000E-2
0.0000000E+0,6.0000000E-7,1.0000000E-7,-2.7604000E-3,6.4970310E-2,4.9999800E+1,2.4000000E-2,2.4000000E-2,1.9800000E-2
0.0000000E+0,4.0000000E-7,1.0000000E-7,-2.7079000E-3,6.4970310E-2,4.9999500E+1,2.4000000E-2,2.4000000E-2,1.9800000E-2
0.0000000E+0,6.0000000E-7,-8.0000000E-7,-2.6534000E-3,6.4970310E-2,4.9999700E+1,2.4000000E-2,2.4000000E-2,1.9800000E-2
0.0000000E+0,-5.0000000E-7,1.0000000E-7,-2.6042000E-3,6.4970310E-2,4.9999700E+1,2.4000000E-2,2.4000000E-2,1.9800000E-2
0.0000000E+0,-0.0000000E+0,6.0000000E-7,-2.5539000E-3,6.4970310E-2,4.9999900E+1,2.4000000E-2,2.4000000E-2,1.9800000E-2
0.0000000E+0,5.0000000E-7,7.0000000E-7,-2.5038000E-3,6.4970310E-2,5.0000000E+1,2.4000000E-2,2.4000000E-2,1.9800000E-2
0.0000000E+0,3.0000000E-7,0.0000000E+0,-2.4621000E-3,6.4970310E-2,4.9999600E+1,2.4000000E-2,2.4000000E-2,1.9800000E-2
0.0000000E+0,-4.0000000E-7,3.0000000E-7,-2.4078000E-3,6.4970310E-2,4.9999600E+1,2.4000000E-2,2.4000000E-2,1.9800000E-2
0.0000000E+0,-2.0000000E-7,-4.0000000E-7,-2.3497000E-3,6.4970310E-2,4.9999600E+1,2.4000000E-2,2.4000000E-2,1.9800000E-2
0.0000000E+0,-9.0000000E-7,4.0000000E-7,-2.3074000E-3,6.4970310E-2,4.9999500E+1,2.4000000E-2,2.4000000E-2,1.9800000E-2
0.0000000E+0,5.0000000E-7,7.0000000E-7,-2.2576000E-3,6.4970310E-2,4.9999900E+1,2.4000000E-2,2.4000000E-2,1.9800000E-2
0.0000000E+0,3.0000000E-7,3.0000000E-7,-2.2106000E-3,6.4970310E-2,4.9999700E+1,2.4000000E-2,2.4000000E-2,1.9800000E-2
0.0000000E+0,1.1000000E-6,-2.0000000E-7,-2.1579000E-3,6.4970310E-2,5.0000000E+1,2.4000000E-2,2.4000000E-2,1.9800000E-2
0.0000000E+0,3.0000000E-7,-7.0000000E-7,-2.1060000E-3,6.4970310E-2,4.9999600E+1,2.4000000E-2,2.4000000E-2,1.9800000E-2
0.0000000E+0,1.1000000E-6,-7.0000000E-7,-2.0615000E-3,6.4970310E-2,4.9999700E+1,2.4000000E-2,2.4000000E-2,1.9800000E-2
0.0000000E+0,-6.0000000E-7,-9.0000000E-7,-2.0125000E-3,6.4970310E-2,5.0000100E+1,2.4000000E-2,2.4000000E-2,1.9800000E-2
0.0000000E+0,6.0000000E-7,1.0000000E-7,-1.9549000E-3,6.4970310E-2,4.9999800E+1,2.4000000E-2,2.4000000E-2,1.9800000E-2
0.0000000E+0,5.0000000E-7,-1.0000000E-6,-1.9045000E-3,6.4970310E-2,4.9999000E+1,2.4000000E-2,2.4000000E-2,1.9800000E-2
0.0000000E+0,1.0000000E-7,4.0000000E-7,-1.8533000E-3,6.4970310E-2,4.9999500E+1,2.4000000E-2,2.4000000E-2,1.9800000E-2
0.0000000E+0,1.0000000E-6,-1.0000000E-7,-1.8121000E-3,6.4970310E-2,4.9999500E+1,2.4000000E-2,2.4000000E-2,1.9800000E-2
0.0000000E+0,-5.0000000E-7,3.0000000E-7,-1.7541000E-3,6.4970310E-2,4.9999700E+1,2.4000000E-2,2.4000000E-2,1.9800000E-2
0.0000000E+0,6.0000000E-7,-3.0000000E-7,-1.7011000E-3,6.4970310E-2,4.9999600E+1,2.4000000E-2,2.4000000E-2,1.9800000E-2
0.0000000E+0,-1.0000000E-7,3.0000000E-7,-1.6659000E-3,6.4970310E-2,4.9999900E+1,2.4000000E-2,2.4000000E-2,1.9800000E-2
0.0000000E+0,1.1000000E-6,6.0000000E-7,-1.6144000E-3,6.4970310E-2,4.9999700E+1,2.4000000E-2,2.4000000E-2,1.9800000E-2
0.0000000E+0,1.1000000E-6,8.0000000E-7,-1.5524000E-3,6.4970310E-2,4.9999500E+1,2.4000000E-2,2.4000000E-2,1.9800000E-2
0.0000000E+0,3.0000000E-7,-1.0000000E-7,-1.5074000E-3,6.4970310E-2,4.9999500E+1,2.4000000E-2,2.4000000E-2,1.9800000E-2
0.0000000E+0,-7.0000000E-7,-4.0000000E-7,-1.4611000E-3,6.4970310E-2,4.9999400E+1,2.4000000E-2,2.4000000E-2,1.9800000E-2
0.0000000E+0,3.0000000E-7,7.0000000E-7,-1.4072000E-3,6.4970310E-2,4.9999400E+1,2.4000000E-2,2.4000000E-2,1.9800000E-2
0.0000000E+0,4.0000000E-7,-7.0000000E-7,-1.3600000E-3,6.4970310E-2,5.0000100E+1,2.4000000E-2,2.4000000E-2,1.9800000E-2
0.0000000E+0,-6.0000000E-7,-8.0000000E-7,-1.3000000E-3,6.4970310E-2,4.9999900E+1,2.4000000E-2,2.4000000E-2,1.9800000E-2
0.0000000E+0,-3.0000000E-7,6.0000000E-7,-1.2639000E-3,6.4970310E-2,4.9999800E+1,2.4000000E-2,2.4000000E-2,1.9800000E-2
0.0000000E+0,-5.0000000E-7,4.0000000E-7,-1.2109000E-3,6.4970310E-2,4.9999900E+1,2.4000000E-2,2.4000000E-2,1.9800000E-2
0.0000000E+0,-4.0000000E-7,-1.5000000E-6,-1.1592000E-3,6.4970310E-2,4.9999600E+1,2.4000000E-2,2.4000000E-2,1.9800000E-2
0.0000000E+0,-1.0000000E-7,1.0000000E-7,-1.0987000E-3,6.4970310E-2,4.9999600E+1,2.4000000E-2,2.4000000E-2,1.9800000E-2
0.0000000E+0,5.0000000E-7,-7.0000000E-7,-1.0591000E-3,6.4970310E-2,4.9999900E+1,2.4000000E-2,2.4000000E-2,1.9800000E-2
0.0000000E+0,-1.0000000E-7,3.0000000E-7,-1.0079000E-3,6.4970310E-2,4.9999700E+1,2.4000000E-2,2.4000000E-2,1.9800000E-2
0.0000000E+0,-8.0000000E-7,2.0000000E-7,-9.6000000E-4,6.4970310E-2,5.0000000E+1,2.4000000E-2,2.4000000E-2,1.9800000E-2
0.0000000E+0,-5.0000000E-7,4.0000000E-7,-9.0460000E-4,6.4970310E-2,4.9999900E+1,2.4000000E-2,2.4000000E-2,1.9800000E-2
0.0000000E+0,6.0000000E-7,-2.0000000E-7,-8.5560000E-4,6.4970310E-2,4.9999700E+1,2.4000000E-2,2.4000000E-2,1.9800000E-2
0.0000000E+0,-3.0000000E-7,3.0000000E-7,-7.9940000E-4,6.4970310E-2,4.9999800E+1,2.4000000E-2,2.4000000E-2,1.9800000E-2
0.0000000E+0,2.0000000E-7,-6.0000000E-7,-7.5020000E-4,6.4970310E-2,4.9999800E+1,2.4000000E-2,2.4000000E-2,1.9800000E-2
0.0000000E+0,5.0000000E-7,-7.0000000E-7,-7.1000000E-4,6.4970310E-2,4.9999900E+1,2.4000000E-2,2.4000000E-2,1.9800000E-2
0.0000000E+0,3.0000000E-7,1.0000000E-7,-6.5820000E-4,6.4970310E-2,5.0000000E+1,2.4000000E-2,2.4000000E-2,1.9800000E-2
0.0000000E+0,-8.0000000E-7,1.0000000E-7,-6.0410000E-4,6.4970310E-2,4.9999800E+1,2.4000000E-2,2.4000000E-2,1.9800000E-2
0.0000000E+0,-4.0000000E-7,-8.0000000E-7,-5.5400000E-4,6.4970310E-2,4.9999500E+1,2.4000000E-2,2.4000000E-2,1.9800000E-2
0.0000000E+0,-1.3000000E-6,6.0000000E-7,-5.0860000E-4,6.4970310E-2,4.9999300E+1,2.4000000E-2,2.4000000E-2,1.9800000E-2
0.0000000E+0,3.0000000E-7,6.0000000E-7,-4.5170000E-4,6.4970310E-2,4.9999600E+1,2.4000000E-2,2.4000000E-2,1.9800000E-2
0.0000000E+0,7.0000000E-7,-5.0000000E-7,-4.0440000E-4,6.4970310E-2,4.9999700E+1,2.4000000E-2,2.4000000E-2,1.9800000E-2
0.0000000E+0,7.0000000E-7,2.0000000E-7,-3.5370000E-4,6.4970310E-2,4.9999500E+1,2.4000000E-2,2.4000000E-2,1.9800000E-2
0.0000000E+0,1.0000000E-6,-2.0000000E-7,-3.0630000E-4,6.4970310E-2,4.9999900E+1,2.4000000E-2,2.4000000E-2,1.9800000E-2
0.0000000E+0,2.0000000E-7,1.0000000E-7,-2.5600000E-4,6.4970310E-2,4.9999700E+1,2.4000000E-2,2.4000000E-2,1.9800000E-2
0.0000000E+0,-6.0000000E-7,5.0000000E-7,-2.0520000E-4,6.4970310E-2,4.9999800E+1,2.4000000E-2,2.4000000E-2,1.9800000E-2
0.0000000E+0,-2.0000000E-7,-3.0000000E-7,-1.6020000E-4,6.4970310E-2,4.9999600E+1,2.4000000E-2,2.4000000E-2,1.9800000E-2
0.0000000E+0,-6.0000000E-7,-1.0000000E-7,-1.0590000E-4,6.4970310E-2,4.9999600E+1,2.4000000E-2,2.4000000E-2,1.9800000E-2
0.0000000E+0,-2.0000000E-7,1.1000000E-6,-5.3000000E-5,6.4970310E-2,4.9999500E+1,2.4000000E-2,2.4000000E-2,1.9800000E-2
0.0000000E+0,-0.0000000E+0,-1.0000000E-7,2.6000000E-6,6.4970310E-2,4.9999500E+1,2.4000000E-2,2.4000000E-2,1.9800000E-2
0.0000000E+0,8.0000000E-7,-1.0000000E-7,4.1200000E-5,6.4970310E-2,4.9999200E+1,2.4000000E-2,2.4000000E-2,1.9800000E-2
0.0000000E+0,1.4000000E-6,3.0000000E-7,9.3700000E-5,6.4970310E-2,4.9999500E+1,2.4000000E-2,2.4000000E-2,1.9800000E-2
0.0000000E+0,-4.0000000E-7,-6.0000000E-7,1.3920000E-4,6.4970310E-2,4.9999400E+1,2.4000000E-2,2.4000000E-2,1.9800000E-2
0.0000000E+0,6.0000000E-7,-1.0000000E-7,1.8920000E-4,6.4970310E-2,4.9999500E+1,2.4000000E-2,2.4000000E-2,1.9800000E-2
0.0000000E+0,6.0000000E-7,5.0000000E-7,2.4200000E-4,6.4970310E-2,4.9999500E+1,2.4000000E-2,2.4000000E-2,1.9800000E-2
0.0000000E+0,9.0000000E-7,-4.0000000E-7,2.8970000E-4,6.4970310E-2,4.9999400E+1,2.4000000E-2,2.4000000E-2,1.9800000E-2
0.0000000E+0,3.0000000E-7,3.0000000E-7,3.4040000E-4,6.4970310E-2,4.9999400E+1,2.4000000E-2,2.4000000E-2,1.9800000E-2
0.0000000E+0,2.0000000E-7,-9.0000000E-7,3.9110000E-4,6.4970310E-2,4.9999600E+1,2.4000000E-2,2.4000000E-2,1.9800000E-2
0.0000000E+0,1.0000000E-7,-3.0000000E-7,4.4450000E-4,6.4970310E-2,4.9999600E+1,2.4000000E-2,2.4000000E-2,1.9800000E-2
0.0000000E+0,4.0000000E-7,0.0000000E+0,4.8980000E-4,6.4970310E-2,4.9999500E+1,2.4000000E-2,2.4000000E-2,1.9800000E-2
0.0000000E+0,-9.0000000E-7,3.0000000E-7,5.4100000E-4,6.4970310E-2,4.9999600E+1,2.4000000E-2,2.4000000E-2,1.9800000E-2
0.0000000E+0,8.0000000E-7,-3.0000000E-7,5.9610000E-4,6.4970310E-2,4.9999500E+1,2.4000000E-2,2.4000000E-2,1.9800000E-2
0.0000000E+0,1.0000000E-7,5.0000000E-7,6.4330000E-4,6.4970310E-2,4.9999700E+1,2.4000000E-2,2.4000000E-2,1.9800000E-2
0.0000000E+0,-4.0000000E-7,-2.0000000E-7,6.9470000E-4,6.4970310E-2,4.9999900E+1,2.4000000E-2,2.4000000E-2,1.9800000E-2
0.0000000E+0,-2.0000000E-7,0.0000000E+0,7.4990000E-4,6.4970310E-2,4.9999500E+1,2.4000000E-2,2.4000000E-2,1.9800000E-2
0.0000000E+0,3.0000000E-7,-1.0000000E-7,7.8650000E-4,6.4970310E-2,4.9999500E+1,2.4000000E-2,2.4000000E-2,1.9800000E-2
0.0000000E+0,3.0000000E-7,6.0000000E-7,8.4080000E-4,6.4970310E-2,4.9999800E+1,2.4000000E-2,2.4000000E-2,1.9800000E-2
0.0000000E+0,-3.0000000E-7,3.0000000E-7,8.9780000E-4,6.4970310E-2,4.9999800E+1,2.4000000E-2,2.4000000E-2,1.9800000E-2
0.0000000E+0,-7.0000000E-7,-4.0000000E-7,9.4500000E-4,6.4970310E-2,4.9999600E+1,2.4000000E-2,2.4000000E-2,1.9800000E-2
0.0000000E+0,3.0000000E-7,3.0000000E-7,9.9260000E-4,6.4970310E-2,4.9999700E+1,2.4000000E-2,2.4000000E-2,1.9800000E-2
0.0000000E+0,0.0000000E+0,2.0000000E-7,1.0418000E-3,6.4970310E-2,4.9999700E+1,2.4000000E-2,2.4000000E-2,1.9800000E-2
0.0000000E+0,-5.0000000E-7,-0.0000000E+0,1.0932000E-3,6.4970310E-2,4.9999700E+1,2.4000000E-2,2.4000000E-2,1.9800000E-2
0.0000000E+0,-8.0000000E-7,-3.0000000E-7,1.1435000E-3,6.4970310E-2,4.9999600E+1,2.4000000E-2,2.4000000E-2,1.9800000E-2
0.0000000E+0,-5.0000000E-7,6.0000000E-7,1.1889000E-3,6.4970310E-2,4.9999800E+1,2.4000000E-2,2.4000000E-2,1.9800000E-2
0.0000000E+0,1.3000000E-6,-4.0000000E-7,1.2457000E-3,6.4970310E-2,4.9999700E+1,2.4000000E-2,2.4000000E-2,1.9800000E-2
0.0000000E+0,1.0000000E-7,3.0000000E-7,1.2922000E-3,6.4970310E-2,4.9999600E+1,2.4000000E-2,2.4000000E-2,1.9800000E-2
0.0000000E+0,-2.0000000E-7,4.0000000E-7,1.3443000E-3,6.4970310E-2,4.9999900E+1,2.4000000E-2,2.4000000E-2,1.9800000E-2
0.0000000E+0,6.0000000E-7,-4.0000000E-7,1.3900000E-3,6.4970310E-2,4.9999600E+1,2.4000000E-2,2.4000000E-2,1.9800000E-2
0.0000000E+0,1.0000000E-7,1.0000000E-7,1.4409000E-3,6.4970310E-2,4.9999900E+1,2.4000000E-2,2.4000000E-2,1.9800000E-2
0.0000000E+0,-1.0000000E-7,-1.0000000E-7,1.4976000E-3,6.4970310E-2,4.9999700E+1,2.4000000E-2,2.4000000E-2,1.9800000E-2
0.0000000E+0,2.0000000E-7,3.0000000E-7,1.5431000E-3,6.4970310E-2,4.9999600E+1,2.4000000E-2,2.4000000E-2,1.9800000E-2
0.0000000E+0,7.0000000E-7,3.0000000E-7,1.5952000E-3,6.4970310E-2,4.9999700E+1,2.4000000E-2,2.4000000E-2,1.9800000E-2
0.0000000E+0,-5.0000000E-7,9.0000000E-7,1.6481000E-3,6.4970310E-2,4.9999700E+1,2.4000000E-2,2.4000000E-2,1.9800000E-2
0.0000000E+0,-1.0000000E-7,1.0000000E-7,1.6920000E-3,6.4970310E-2,4.9999800E+1,2.4000000E-2,2.4000000E-2,1.9800000E-2
0.0000000E+0,1.0000000E-7,-9.0000000E-7,1.7476000E-3,6.4970310E-2,4.9999900E+1,2.4000000E-2,2.4000000E-2,1.9800000E-2
0.0000000E+0,0.0000000E+0,2.0000000E-7,1.7959000E-3,6.4970310E-2,5.0000000E+1,2.4000000E-2,2.4000000E-2,1.9800000E-2
0.0000000E+0,4.0000000E-7,-0.0000000E+0,1.8483000E-3,6.4970310E-2,5.0000000E+1,2.4000000E-2,2.4000000E-2,1.9800000E-2
0.0000000E+0,-3.0000000E-7,4.0000000E-7,1.8921000E-3,6.4970310E-2,4.9999700E+1,2.4000000E-2,2.4000000E-2,1.9800000E-2
0.0000000E+0,1.0000000E-7,1.0000000E-7,1.9458000E-3,6.4970310E-2,4.9999300E+1,2.4000000E-2,2.4000000E-2,1.9800000E-2
0.0000000E+0,3.0000000E-7,2.0000000E-7,1.9958000E-3,6.4970310E-2,4.9999700E+1,2.4000000E-2,2.4000000E-2,1.9800000E-2
0.0000000E+0,-5.0000000E-7,1.0000000E-7,2.0457000E-3,6.4970310E-2,4.9999300E+1,2.4000000E-2,2.4000000E-2,1.9800000E-2
0.0000000E+0,3.0000000E-7,3.0000000E-7,2.0938000E-3,6.4970310E-2,4.9999600E+1,2.4000000E-2,2.4000000E-2,1.9800000E-2
0.0000000E+0,4.0000000E-7,8.0000000E-7,2.1481000E-3,6.4970310E-2,4.9999800E+1,2.4000000E-2,2.4000000E-2,1.9800000E-2
0.0000000E+0,-4.0000000E-7,1.0000000E-7,2.1973000E-3,6.4970310E-2,4.9999600E+1,2.4000000E-2,2.4000000E-2,1.9800000E-2
0.0000000E+0,-5.0000000E-7,-1.0000000E-7,2.2438000E-3,6.4970310E-2,4.9999900E+1,2.4000000E-2,2.4000000E-2,1.9800000E-2
0.0000000E+0,2.0000000E-7,3.0000000E-7,2.2890000E-3,6.4970310E-2,4.9999700E+1,2.4000000E-2,2.4000000E-2,1.9800000E-2
0.0000000E+0,7.0000000E-7,7.0000000E-7,2.3438000E-3,6.4970310E-2,4.9999700E+1,2.4000000E-2,2.4000000E-2,1.9800000E-2
0.0000000E+0,-8.0000000E-7,5.0000000E-7,2.3992000E-3,6.4970310E-2,4.9999800E+1,2.4000000E-2,2.4000000E-2,1.9800000E-2
0.0000000E+0,1.0000000E-7,7.0000000E-7,2.4435000E-3,6.4970310E-2,4.9999600E+1,2.4000000E-2,2.4000000E-2,1.9800000E-2
0.0000000E+0,5.0000000E-7,-4.0000000E-7,2.4947000E-3,6.4970310E-2,4.9999500E+1,2.4000000E-2,2.4000000E-2,1.9800000E-2
0.0000000E+0,3.0000000E-7,-0.0000000E+0,2.5423000E-3,6.4970310E-2,4.9999800E+1,2.4000000E-2,2.4000000E-2,1.9800000E-2
0.0000000E+0,3.0000000E-7,1.0000000E-7,2.5911000E-3,6.4970310E-2,4.9999600E+1,2.4000000E-2,2.4000000E-2,1.9800000E-2
0.0000000E+0,-1.0000000E-7,-1.0000000E-7,2.6450000E-3,6.4970310E-2,4.9999600E+1,2.4000000E-2,2.4000000E-2,1.9800000E-2
0.0000000E+0,7.0000000E-7,-2.0000000E-7,2.6966000E-3,6.4970310E-2,4.9999800E+1,2.4000000E-2,2.4000000E-2,1.9800000E-2
0.0000000E+0,2.0000000E-7,-3.0000000E-7,2.7465000E-3,6.4970310E-2,5.0000000E+1,2.4000000E-2,2.4000000E-2,1.9800000E-2
0.0000000E+0,-3.0000000E-7,-1.0000000E-7,2.7939000E-3,6.4970310E-2,4.9999700E+1,2.4000000E-2,2.4000000E-2,1.9800000E-2
0.0000000E+0,4.0000000E-7,-1.0000000E-7,2.8455000E-3,6.4970310E-2,4.9999800E+1,2.4000000E-2,2.4000000E-2,1.9800000E-2
0.0000000E+0,-7.0000000E-7,-1.0000000E-7,2.8932000E-3,6.4970310E-2,4.9999800E+1,2.4000000E-2,2.4000000E-2,1.9800000E-2
0.0000000E+0,-2.0000000E-7,6.0000000E-7,2.9430000E-3,6.4970310E-2,4.9999900E+1,2.4000000E-2,2.4000000E-2,1.9800000E-2
0.0000000E+0,3.0000000E-7,8.0000000E-7,2.9977000E-3,6.4970310E-2,5.0000000E+1,2.4000000E-2,2.4000000E-2,1.9800000E-2
0.0000000E+0,-1.0000000E-7,-6.0000000E-7,3.0439000E-3,6.4970310E-2,5.0000200E+1,2.4000000E-2,2.4000000E-2,1.9800000E-2
0.0000000E+0,4.0000000E-7,-1.0000000E-7,3.0950000E-3,6.4970310E-2,4.9999900E+1,2.4000000E-2,2.4000000E-2,1.9800000E-2
0.0000000E+0,5.0000000E-7,4.0000000E-7,3.1458000E-3,6.4970310E-2,4.9999700E+1,2.4000000E-2,2.4000000E-2,1.9800000E-2
0.0000000E+0,-4.0000000E-7,-1.0000000E-7,3.1941000E-3,6.4970310E-2,4.9999900E+1,2.4000000E-2,2.4000000E-2,1.9800000E-2
0.0000000E+0,-3.0000000E-7,-6.0000000E-7,3.2424000E-3,6.4970310E-2,4.9999600E+1,2.4000000E-2,2.4000000E-2,1.9800000E-2
0.0000000E+0,-2.0000000E-7,6.0000000E-7,3.2961000E-3,6.4970310E-2,4.9999700E+1,2.4000000E-2,2.4000000E-2,1.9800000E-2
0.0000000E+0,-2.0000000E-7,7.0000000E-7,3.3410000E-3,6.4970310E-2,4.9999700E+1,2.4000000E-2,2.4000000E-2,1.9800000E-2
0.0000000E+0,4.0000000E-7,1.0000000E-7,3.3933000E-3,6.4970310E-2,4.9999500E+1,2.4000000E-2,2.4000000E-2,1.9800000E-2
0.0000000E+0,4.0000000E-7,4.0000000E-7,3.4445000E-3,6.4970310E-2,4.9999800E+1,2.4000000E-2,2.4000000E-2,1.9800000E-2
0.0000000E+0,2.0000000E-7,-1.0000000E-7,3.4966000E-3,6.4970310E-2,4.9999600E+1,2.4000000E-2,2.4000000E-2,1.9800000E-2
0.0000000E+0,-8.0000000E-7,-3.0000000E-7,3.5445000E-3,6.4970310E-2,4.9999500E+1,2.4000000E-2,2.4000000E-2,1.9800000E-2
0.0000000E+0,1.0000000E-7,5.0000000E-7,3.5919000E-3,6.4970310E-2,4.9999700E+1,2.4000000E-2,2.4000000E-2,1.9800000E-2
0.0000000E+0,-2.0000000E-7,-9.0000000E-7,3.6491000E-3,6.4970310E-2,4.9999600E+1,2.4000000E-2,2.4000000E-2,1.9800000E-2
0.0000000E+0,-3.0000000E-7,1.0000000E-7,3.6958000E-3,6.4970310E-2,4.9999700E+1,2.4000000E-2,2.4000000E-2,1.9800000E-2
0.0000000E+0,-5.0000000E-7,-2.0000000E-7,3.7444000E-3,6.4970310E-2,4.9999700E+1,2.4000000E-2,2.4000000E-2,1.9800000E-2
0.0000000E+0,3.0000000E-7,4.0000000E-7,3.7938000E-3,6.4970310E-2,4.9999800E+1,2.4000000E-2,2.4000000E-2,1.9800000E-2
0.0000000E+0,-4.0000000E-7,1.0000000E-7,3.8386000E-3,6.4970310E-2,4.9999800E+1,2.4000000E-2,2.4000000E-2,1.9800000E-2
0.0000000E+0,-6.0000000E-7,6.0000000E-7,3.8988000E-3,6.4970310E-2,4.9999500E+1,2.4000000E-2,2.4000000E-2,1.9800000E-2
0.0000000E+0,4.0000000E-7,6.0000000E-7,3.9498000E-3,6.4970310E-2,4.9999600E+1,2.4000000E-2,2.4000000E-2,1.9800000E-2
0.0000000E+0,-3.0000000E-7,-8.0000000E-7,3.9954000E-3,6.4970310E-2,4.9999600E+1,2.4000000E-2,2.4000000E-2,1.9800000E-2
0.0000000E+0,6.0000000E-7,6.0000000E-7,4.0396000E-3,6.4970310E-2,4.9999800E+1,2.4000000E-2,2.4000000E-2,1.9800000E-2
0.0000000E+0,-1.0000000E-7,1.0000000E-7,4.0921000E-3,6.4970310E-2,4.9999800E+1,2.4000000E-2,2.4000000E-2,1.9800000E-2
0.0000000E+0,1.1000000E-6,-2.0000000E-7,4.1448000E-3,6.4970310E-2,4.9999700E+1,2.4000000E-2,2.4000000E-2,1.9800000E-2
0.0000000E+0,3.0000000E-7,1.0000000E-7,4.1956000E-3,6.4970310E-2,4.9999900E+1,2.4000000E-2,2.4000000E-2,1.9800000E-2
0.0000000E+0,-5.0000000E-7,2.0000000E-7,4.2435000E-3,6.4970310E-2,4.9999700E+1,2.4000000E-2,2.4000000E-2,1.9800000E-2
0.0000000E+0,7.0000000E-7,3.0000000E-7,4.2969000E-3,6.4970310E-2,4.9999500E+1,2.4000000E-2,2.4000000E-2,1.9800000E-2
0.0000000E+0,1.0000000E-7,-1.0000000E-6,4.3472000E-3,6.4970310E-2,4.9999600E+1,2.4000000E-2,2.4000000E-2,1.9800000E-2
0.0000000E+0,3.0000000E-7,-2.0000000E-7,4.3961000E-3,6.4970310E-2,4.9999900E+1,2.4000000E-2,2.4000000E-2,1.9800000E-2
0.0000000E+0,-0.0000000E+0,-2.0000000E-7,4.4469000E-3,6.4970310E-2,5.0000100E+1,2.4000000E-2,2.4000000E-2,1.9800000E-2
0.0000000E+0,3.0000000E-7,-8.0000000E-7,4.4972000E-3,6.4970310E-2,4.9999600E+1,2.4000000E-2,2.4000000E-2,1.9800000E-2
0.0000000E+0,4.0000000E-7,-6.0000000E-7,4.5439000E-3,6.4970310E-2,4.9999600E+1,2.4000000E-2,2.4000000E-2,1.9800000E-2
0.0000000E+0,-2.0000000E-7,6.0000000E-7,4.5931000E-3,6.4970310E-2,4.9999600E+1,2.4000000E-2,2.4000000E-2,1.9800000E-2
0.0000000E+0,-4.0000000E-7,-5.0000000E-7,4.6503000E-3,6.4970310E-2,4.9999500E+1,2.4000000E-2,2.4000000E-2,1.9800000E-2
0.0000000E+0,0.0000000E+0,4.0000000E-7,4.6933000E-3,6.4970310E-2,4.9999800E+1,2.4000000E-2,2.4000000E-2,1.9800000E-2
0.0000000E+0,1.0000000E-7,-2.0000000E-7,4.7403000E-3,6.4970310E-2,4.9999700E+1,2.4000000E-2,2.4000000E-2,1.9800000E-2
0.0000000E+0,1.0000000E-7,6.0000000E-7,4.7944000E-3,6.4970310E-2,4.9999400E+1,2.4000000E-2,2.4000000E-2,1.9800000E-2
0.0000000E+0,6.0000000E-7,-5.0000000E-7,4.8413000E-3,6.4970310E-2,4.9999300E+1,2.4000000E-2,2.4000000E-2,1.9800000E-2
0.0000000E+0,5.0000000E-7,-1.0000000E-7,4.8945000E-3,6.4970310E-2,4.9999500E+1,2.4000000E-2,2.4000000E-2,1.9800000E-2
0.0000000E+0,-5.0000000E-7,-5.0000000E-7,4.9490000E-3,6.4970310E-2,4.9999500E+1,2.4000000E-2,2.4000000E-2,1.9800000E-2
0.0000000E+0,5.0000000E-7,-4.0000000E-7,4.9992000E-3,6.4970310E-2,4.9999600E+1,2.4000000E-2,2.4000000E-2,1.9800000E-2
0.0000000E+0,1.0000000E-7,-0.0000000E+0,5.0406000E-3,6.4970310E-2,4.9999800E+1,2.4000000E-2,2.4000000E-2,1.9800000E-2
0.0000000E+0,6.0000000E-7,-6.0000000E-7,5.0958000E-3,6.4970310E-2,4.9999800E+1,2.4000000E-2,2.4000000E-2,1.9800000E-2
0.0000000E+0,-2.0000000E-7,6.0000000E-7,5.1436000E-3,6.4970310E-2,4.9999700E+1,2.4000000E-2,2.4000000E-2,1.9800000E-2
0.0000000E+0,4.0000000E-7,2.0000000E-7,5.1957000E-3,6.4970310E-2,4.9999700E+1,2.4000000E-2,2.4000000E-2,1.9800000E-2
0.0000000E+0,-4.0000000E-7,-1.0000000E-7,5.2391000E-3,6.4970310E-2,5.0000000E+1,2.4000000E-2,2.4000000E-2,1.9800000E-2
0.0000000E+0,-8.0000000E-7,8.0000000E-7,5.2921000E-3,6.4970310E-2,4.9999200E+1,2.4000000E-2,2.4000000E-2,1.9800000E-2
0.0000000E+0,2.0000000E-7,1.0000000E-7,5.3469000E-3,6.4970310E-2,4.9999800E+1,2.4000000E-2,2.4000000E-2,1.9800000E-2
0.0000000E+0,1.0000000E-7,2.0000000E-7,5.3960000E-3,6.4970310E-2,4.9999600E+1,2.4000000E-2,2.4000000E-2,1.9800000E-2
0.0000000E+0,0.0000000E+0,9.0000000E-7,5.4452000E-3,6.4970310E-2,4.9999500E+1,2.4000000E-2,2.4000000E-2,1.9800000E-2
0.0000000E+0,-3.0000000E-7,-7.0000000E-7,5.4987000E-3,6.4970310E-2,4.9999700E+1,2.4000000E-2,2.4000000E-2,1.9800000E-2
0.0000000E+0,4.0000000E-7,-0.0000000E+0,5.5437000E-3,6.4970310E-2,4.9999600E+1,2.4000000E-2,2.4000000E-2,1.9800000E-2
0.0000000E+0,-2.0000000E-7,1.0000000E-7,5.5911000E-3,6.4970310E-2,4.9999700E+1,2.4000000E-2,2.4000000E-2,1.9800000E-2
0.0000000E+0,-3.0000000E-7,-2.0000000E-7,5.6401000E-3,6.4970310E-2,5.0000000E+1,2.4000000E-2,2.4000000E-2,1.9800000E-2
0.0000000E+0,0.0000000E+0,-1.0000000E-7,5.6963000E-3,6.4970310E-2,5.0000000E+1,2.4000000E-2,2.4000000E-2,1.9800000E-2
0.0000000E+0,-7.0000000E-7,3.0000000E-7,5.7395000E-3,6.4970310E-2,4.9999500E+1,2.4000000E-2,2.4000000E-2,1.9800000E-2
0.0000000E+0,-5.0000000E-7,1.0000000E-7,5.7916000E-3,6.4970310E-2,4.9999500E+1,2.4000000E-2,2.4000000E-2,1.9800000E-2
0.0000000E+0,7.0000000E-7,-2.0000000E-7,5.8453000E-3,6.4970310E-2,4.9999500E+1,2.4000000E-2,2.4000000E-2,1.9800000E-2
0.0000000E+0,-4.0000000E-7,6.0000000E-7,5.8894000E-3,6.4970310E-2,4.9999400E+1,2.4000000E-2,2.4000000E-2,1.9800000E-2
0.0000000E+0,6.0000000E-7,1.0000000E-7,5.9445000E-3,6.4970310E-2,4.9999500E+1,2.4000000E-2,2.4000000E-2,1.9800000E-2
0.0000000E+0,1.0000000E-6,1.0000000E-7,5.9942000E-3,6.4970310E-2,4.9999600E+1,2.4000000E-2,2.4000000E-2,1.9800000E-2
0.0000000E+0,-7.0000000E-7,1.0000000E-7,6.0492000E-3,6.4970310E-2,4.9999500E+1,2.4000000E-2,2.4000000E-2,1.9800000E-2
0.0000000E+0,2.0000000E-7,6.0000000E-7,6.0937000E-3,6.4970310E-2,4.9999300E+1,2.4000000E-2,2.4000000E-2,1.9800000E-2
0.0000000E+0,-3.0000000E-7,-6.0000000E-7,6.1424000E-3,6.4970310E-2,4.9999300E+1,2.4000000E-2,2.4000000E-2,1.9800000E-2
0.0000000E+0,-6.0000000E-7,-3.0000000E-7,6.1948000E-3,6.4970310E-2,4.9999500E+1,2.4000000E-2,2.4000000E-2,1.9800000E-2
0.0000000E+0,-3.0000000E-7,5.0000000E-7,6.2446000E-3,6.4970310E-2,4.9999600E+1,2.4000000E-2,2.4000000E-2,1.9800000E-2
0.0000000E+0,-7.0000000E-7,3.0000000E-7,6.2943000E-3,6.4970310E-2,4.9999600E+1,2.4000000E-2,2.4000000E-2,1.9800000E-2
0.0000000E+0,-2.0000000E-7,3.0000000E-7,6.3434000E-3,6.4970310E-2,4.9999100E+1,2.4000000E-2,2.4000000E-2,1.9800000E-2
0.0000000E+0,7.0000000E-7,-3.0000000E-7,6.3902000E-3,6.4970310E-2,4.9999100E+1,2.4000000E-2,2.4000000E-2,1.9800000E-2
0.0000000E+0,6.0000000E-7,-7.0000000E-7,6.4445000E-3,6.4970310E-2,4.9999300E+1,2.4000000E-2,2.4000000E-2,1.9800000E-2
0.0000000E+0,1.0000000E-7,-1.0000000E-7,6.4977000E-3,6.4970310E-2,4.9999300E+1,2.4000000E-2,2.4000000E-2,1.9800000E-2
0.0000000E+0,3.0000000E-7,-4.0000000E-7,6.5465000E-3,6.4970310E-2,4.9999400E+1,2.4000000E-2,2.4000000E-2,1.9800000E-2
0.0000000E+0,0.0000000E+0,4.0000000E-7,6.6018000E-3,6.4970310E-2,4.9999400E+1,2.4000000E-2,2.4000000E-2,1.9800000E-2
0.0000000E+0,1.0000000E-7,3.0000000E-7,6.6493000E-3,6.4970310E-2,4.9999400E+1,2.4000000E-2,2.4000000E-2,1.9800000E-2
0.0000000E+0,-1.0000000E-7,-6.0000000E-7,6.6932000E-3,6.4970310E-2,4.9999400E+1,2.4000000E-2,2.4000000E-2,1.9800000E-2
0.0000000E+0,6.0000000E-7,-5.0000000E-7,6.7444000E-3,6.4970310E-2,4.9999200E+1,2.4000000E-2,2.4000000E-2,1.9800000E-2
0.0000000E+0,1.0000000E-7,-5.0000000E-7,6.7973000E-3,6.4970310E-2,4.9999300E+1,2.4000000E-2,2.4000000E-2,1.9800000E-2
0.0000000E+0,1.0000000E-7,1.0000000E-7,6.8463000E-3,6.4970310E-2,4.9999500E+1,2.4000000E-2,2.4000000E-2,1.9800000E-2
0.0000000E+0,-9.0000000E-7,-1.0000000E-7,6.8933000E-3,6.4970310E-2,4.9999600E+1,2.4000000E-2,2.4000000E-2,1.9800000E-2
0.0000000E+0,5.0000000E-7,2.0000000E-7,6.9480000E-3,6.4970310E-2,4.9999800E+1,2.4000000E-2,2.4000000E-2,1.9800000E-2
0.0000000E+0,-7.0000000E-7,3.0000000E-7,6.9926000E-3,6.4970310E-2,4.9999600E+1,2.4000000E-2,2.4000000E-2,1.9800000E-2
0.0000000E+0,-7.0000000E-7,1.0000000E-7,7.0457000E-3,6.4970310E-2,4.9999100E+1,2.4000000E-2,2.4000000E-2,1.9800000E-2
0.0000000E+0,-1.0000000E-7,-3.0000000E-7,7.0918000E-3,6.4970310E-2,4.9999400E+1,2.4000000E-2,2.4000000E-2,1.9800000E-2
0.0000000E+0,1.3000000E-6,0.0000000E+0,7.1454000E-3,6.4970310E-2,4.9999700E+1,2.4000000E-2,2.4000000E-2,1.9800000E-2
0.0000000E+0,4.0000000E-7,-6.0000000E-7,7.1909000E-3,6.4970310E-2,4.9999600E+1,2.4000000E-2,2.4000000E-2,1.9800000E-2
0.0000000E+0,1.0000000E-7,3.0000000E-7,7.2414000E-3,6.4970310E-2,4.9999400E+1,2.4000000E-2,2.4000000E-2,1.9800000E-2
0.0000000E+0,-3.0000000E-7,3.0000000E-7,7.2975000E-3,6.4970310E-2,4.9999600E+1,2.4000000E-2,2.4000000E-2,1.9800000E-2
0.0000000E+0,-3.0000000E-7,6.0000000E-7,7.3476000E-3,6.4970310E-2,4.9999600E+1,2.4000000E-2,2.4000000E-2,1.9800000E-2
0.0000000E+0,6.0000000E-7,6.0000000E-7,7.3974000E-3,6.4970310E-2,4.9999500E+1,2.4000000E-2,2.4000000E-2,1.9800000E-2
0.0000000E+0,9.0000000E-7,-9.0000000E-7,7.4444000E-3,6.4970310E-2,4.9999400E+1,2.4000000E-2,2.4000000E-2,1.9800000E-2
0.0000000E+0,3.0000000E-7,-3.0000000E-7,7.4974000E-3,6.4970310E-2,4.9999100E+1,2.4000000E-2,2.4000000E-2,1.9800000E-2
0.0000000E+0,2.0000000E-7,1.0000000E-7,7.5492000E-3,6.4970310E-2,4.9999600E+1,2.4000000E-2,2.4000000E-2,1.9800000E-2
0.0000000E+0,3.0000000E-7,1.0000000E-7,7.5964000E-3,6.4970310E-2,4.9999100E+1,2.4000000E-2,2.4000000E-2,1.9800000E-2
0.0000000E+0,-5.0000000E-7,-9.0000000E-7,7.6479000E-3,6.4970310E-2,4.9999200E+1,2.4000000E-2,2.4000000E-2,1.9800000E-2
0.0000000E+0,1.0000000E-7,-3.0000000E-7,7.6888000E-3,6.4970310E-2,4.9999400E+1,2.4000000E-2,2.4000000E-2,1.9800000E-2
0.0000000E+0,-2.0000000E-7,1.0000000E-7,7.7431000E-3,6.4970310E-2,4.9999000E+1,2.4000000E-2,2.4000000E-2,1.9800000E-2
0.0000000E+0,-8.0000000E-7,-9.0000000E-7,7.7975000E-3,6.4970310E-2,4.9998900E+1,2.4000000E-2,2.4000000E-2,1.9800000E-2
0.0000000E+0,6.0000000E-7,4.0000000E-7,7.8398000E-3,6.4970310E-2,4.9999000E+1,2.4000000E-2,2.4000000E-2,1.9800000E-2
0.0000000E+0,4.0000000E-7,5.0000000E-7,7.8927000E-3,6.4970310E-2,4.9999500E+1,2.4000000E-2,2.4000000E-2,1.9800000E-2
0.0000000E+0,-7.0000000E-7,-6.0000000E-7,7.9475000E-3,6.4970310E-2,4.9999500E+1,2.4000000E-2,2.4000000E-2,1.9800000E-2
0.0000000E+0,-0.0000000E+0,4.0000000E-7,7.9960000E-3,6.4970310E-2,4.9999500E+1,2.4000000E-2,2.4000000E-2,1.9800000E-2
0.0000000E+0,2.0000000E-7,-2.0000000E-7,8.0432000E-3,6.4970310E-2,4.9999100E+1,2.4000000E-2,2.4000000E-2,1.9800000E-2
0.0000000E+0,1.0000000E-7,4.0000000E-7,8.0968000E-3,6.4970310E-2,4.9999700E+1,2.4000000E-2,2.4000000E-2,1.9800000E-2
0.0000000E+0,-1.1000000E-6,-4.0000000E-7,8.1452000E-3,6.4970310E-2,4.9999400E+1,2.4000000E-2,2.4000000E-2,1.9800000E-2
0.0000000E+0,-9.0000000E-7,3.0000000E-7,8.1964000E-3,6.4970310E-2,4.9999500E+1,2.4000000E-2,2.4000000E-2,1.9800000E-2
0.0000000E+0,-4.0000000E-7,-3.0000000E-7,8.2442000E-3,6.4970310E-2,4.9999200E+1,2.4000000E-2,2.4000000E-2,1.9800000E-2
0.0000000E+0,-4.0000000E-7,1.0000000E-7,8.2956000E-3,6.4970310E-2,4.9999300E+1,2.4000000E-2,2.4000000E-2,1.9800000E-2
0.0000000E+0,4.0000000E-7,1.4000000E-6,8.3431000E-3,6.4970310E-2,4.9999300E+1,2.4000000E-2,2.4000000E-2,1.9800000E-2
0.0000000E+0,-7.0000000E-7,2.0000000E-7,8.3909000E-3,6.4970310E-2,4.9999400E+1,2.4000000E-2,2.4000000E-2,1.9800000E-2
0.0000000E+0,-9.0000000E-7,-2.0000000E-7,8.4472000E-3,6.4970310E-2,4.9999200E+1,2.4000000E-2,2.4000000E-2,1.9800000E-2
0.0000000E+0,0.0000000E+0,-4.0000000E-7,8.4895000E-3,6.4970310E-2,4.9999300E+1,2.4000000E-2,2.4000000E-2,1.9800000E-2
0.0000000E+0,-4.0000000E-7,-3.0000000E-7,8.5427000E-3,6.4970310E-2,4.9999500E+1,2.4000000E-2,2.4000000E-2,1.9800000E-2
0.0000000E+0,-3.0000000E-7,-9.0000000E-7,8.5937000E-3,6.4970310E-2,4.9999400E+1,2.4000000E-2,2.4000000E-2,1.9800000E-2
0.0000000E+0,5.0000000E-7,3.0000000E-7,8.6464000E-3,6.4970310E-2,4.9999300E+1,2.4000000E-2,2.4000000E-2,1.9800000E-2
0.0000000E+0,-7.0000000E-7,-1.0000000E-7,8.6950000E-3,6.4970310E-2,4.9999400E+1,2.4000000E-2,2.4000000E-2,1.9800000E-2
0.0000000E+0,2.0000000E-7,-3.0000000E-7,8.7391000E-3,6.4970310E-2,4.9999600E+1,2.4000000E-2,2.4000000E-2,1.9800000E-2
0.0000000E+0,-3.0000000E-7,3.0000000E-7,8.7900000E-3,6.4970310E-2,4.9999100E+1,2.4000000E-2,2.4000000E-2,1.9800000E-2
0.0000000E+0,1.1000000E-6,1.0000000E-7,8.8437000E-3,6.4970310E-2,4.9999800E+1,2.4000000E-2,2.4000000E-2,1.9800000E-2
0.0000000E+0,-7.0000000E-7,-2.0000000E-7,8.8927000E-3,6.4970310E-2,4.9999200E+1,2.4000000E-2,2.4000000E-2,1.9800000E-2
0.0000000E+0,-1.0000000E-7,-1.0000000E-7,8.9414000E-3,6.4970310E-2,4.9999200E+1,2.4000000E-2,2.4000000E-2,1.9800000E-2
0.0000000E+0,5.0000000E-7,-2.0000000E-7,8.9928000E-3,6.4970310E-2,4.9999100E+1,2.4000000E-2,2.4000000E-2,1.9800000E-2
0.0000000E+0,-5.0000000E-7,3.0000000E-7,9.0429000E-3,6.4970310E-2,4.9999700E+1,2.4000000E-2,2.4000000E-2,1.9800000E-2
0.0000000E+0,1.3000000E-6,-3.0000000E-7,9.0988000E-3,6.4970310E-2,4.9999800E+1,2.4000000E-2,2.4000000E-2,1.9800000E-2
0.0000000E+0,-8.0000000E-7,2.0000000E-7,9.1451000E-3,6.4970310E-2,4.9999300E+1,2.4000000E-2,2.4000000E-2,1.9800000E-2
0.0000000E+0,3.0000000E-7,1.0000000E-7,9.1949000E-3,6.4970310E-2,4.9999600E+1,2.4000000E-2,2.4000000E-2,1.9800000E-2
0.0000000E+0,7.0000000E-7,6.0000000E-7,9.2393000E-3,6.4970310E-2,4.9999600E+1,2.4000000E-2,2.4000000E-2,1.9800000E-2
0.0000000E+0,-5.0000000E-7,-0.0000000E+0,9.2938000E-3,6.4970310E-2,4.9999300E+1,2.4000000E-2,2.4000000E-2,1.9800000E-2
0.0000000E+0,8.0000000E-7,-3.0000000E-7,9.3459000E-3,6.4970310E-2,5.0000000E+1,2.4000000E-2,2.4000000E-2,1.9800000E-2
0.0000000E+0,3.0000000E-7,1.0000000E-7,9.3951000E-3,6.4970310E-2,4.9999500E+1,2.4000000E-2,2.4000000E-2,1.9800000E-2
0.0000000E+0,-2.0000000E-7,1.0000000E-7,9.4420000E-3,6.4970310E-2,4.9999700E+1,2.4000000E-2,2.4000000E-2,1.9800000E-2
0.0000000E+0,0.0000000E+0,-3.0000000E-7,9.4977000E-3,6.4970310E-2,4.9999600E+1,2.4000000E-2,2.4000000E-2,1.9800000E-2
0.0000000E+0,-8.0000000E-7,-3.0000000E-7,9.5478000E-3,6.4970310E-2,4.9999300E+1,2.4000000E-2,2.4000000E-2,1.9800000E-2
0.0000000E+0,-7.0000000E-7,-4.0000000E-7,9.5965000E-3,6.4970310E-2,4.9999500E+1,2.4000000E-2,2.4000000E-2,1.9800000E-2
0.0000000E+0,4.0000000E-7,-3.0000000E-7,9.6413000E-3,6.4970310E-2,4.9999200E+1,2.4000000E-2,2.4000000E-2,1.9800000E-2
0.0000000E+0,1.0000000E-6,-1.0000000E-7,9.6955000E-3,6.4970310E-2,4.9999400E+1,2.4000000E-2,2.4000000E-2,1.9800000E-2
0.0000000E+0,0.0000000E+0,-4.0000000E-7,9.7454000E-3,6.4970310E-2,4.9999400E+1,2.4000000E-2,2.4000000E-2,1.9800000E-2
0.0000000E+0,-3.0000000E-7,3.0000000E-7,9.7964000E-3,6.4970310E-2,4.9999200E+1,2.4000000E-2,2.4000000E-2,1.9800000E-2
0.0000000E+0,1.1000000E-6,-6.0000000E-7,9.8425000E-3,6.4970310E-2,4.9999400E+1,2.4000000E-2,2.4000000E-2,1.9800000E-2
0.0000000E+0,-9.0000000E-7,-6.0000000E-7,9.8983000E-3,6.4970310E-2,4.9999200E+1,2.4000000E-2,2.4000000E-2,1.9800000E-2
0.0000000E+0,-3.0000000E-7,-3.0000000E-7,9.9438000E-3,6.4970310E-2,4.9999400E+1,2.4000000E-2,2.4000000E-2,1.9800000E-2
0.0000000E+0,2.0000000E-7,6.0000000E-7,9.9932000E-3,6.4970310E-2,4.9999500E+1,2.4000000E-2,2.4000000E-2,1.9800000E-2
0.0000000E+0,5.0000000E-7,-3.0000000E-7,1.0044400E-2,6.4970310E-2,4.9999600E+1,2.4000000E-2,2.4000000E-2,1.9800000E-2
0.0000000E+0,3.0000000E-7,1.0000000E-7,1.0094500E-2,6.4970310E-2,4.9999700E+1,2.4000000E-2,2.4000000E-2,1.9800000E-2
0.0000000E+0,1.0000000E-7,-9.0000000E-7,1.0140500E-2,6.4970310E-2,4.9999400E+1,2.4000000E-2,2.4000000E-2,1.9800000E-2
0.0000000E+0,8.0000000E-7,-3.0000000E-7,1.0196200E-2,6.4970310E-2,4.9999500E+1,2.4000000E-2,2.4000000E-2,1.9800000E-2
0.0000000E+0,-8.0000000E-7,-0.0000000E+0,1.0242300E-2,6.4970310E-2,4.9999500E+1,2.4000000E-2,2.4000000E-2,1.9800000E-2
0.0000000E+0,-3.0000000E-7,4.0000000E-7,1.0295900E-2,6.4970310E-2,4.9999800E+1,2.4000000E-2,2.4000000E-2,1.9800000E-2
0.0000000E+0,1.4000000E-6,1.0000000E-7,1.0343100E-2,6.4970310E-2,4.9999600E+1,2.4000000E-2,2.4000000E-2,1.9800000E-2
0.0000000E+0,-5.0000000E-7,5.0000000E-7,1.0392100E-2,6.4970310E-2,4.9999400E+1,2.4000000E-2,2.4000000E-2,1.9800000E-2
0.0000000E+0,-1.0000000E-7,-6.0000000E-7,1.0441100E-2,6.4970310E-2,4.9999700E+1,2.4000000E-2,2.4000000E-2,1.9800000E-2
0.0000000E+0,4.0000000E-7,-1.0000000E-7,1.0493800E-2,6.4970310E-2,4.9999800E+1,2.4000000E-2,2.4000000E-2,1.9800000E-2
0.0000000E+0,-7.0000000E-7,-7.0000000E-7,1.0548500E-2,6.4970310E-2,4.9999500E+1,2.4000000E-2,2.4000000E-2,1.9800000E-2
0.0000000E+0,2.0000000E-7,1.0000000E-7,1.0590000E-2,6.4970310E-2,4.9999900E+1,2.4000000E-2,2.4000000E-2,1.9800000E-2
0.0000000E+0,5.0000000E-7,1.0000000E-7,1.0642100E-2,6.4970310E-2,4.9999900E+1,2.4000000E-2,2.4000000E-2,1.9800000E-2
0.0000000E+0,-3.0000000E-7,3.0000000E-7,1.0693200E-2,6.4970310E-2,4.9999500E+1,2.4000000E-2,2.4000000E-2,1.9800000E-2
0.0000000E+0,7.0000000E-7,6.0000000E-7,1.0745500E-2,6.4970310E-2,4.9999700E+1,2.4000000E-2,2.4000000E-2,1.9800000E-2
0.0000000E+0,-0.0000000E+0,-3.0000000E-7,1.0792100E-2,6.4970310E-2,5.0000100E+1,2.4000000E-2,2.4000000E-2,1.9800000E-2
0.0000000E+0,-1.0000000E-6,1.0000000E-7,1.0845700E-2,6.4970310E-2,4.9999900E+1,2.4000000E-2,2.4000000E-2,1.9800000E-2
0.0000000E+0,-5.0000000E-7,-2.0000000E-7,1.0892100E-2,6.4970310E-2,4.9999800E+1,2.4000000E-2,2.4000000E-2,1.9800000E-2
0.0000000E+0,-0.0000000E+0,7.0000000E-7,1.0945400E-2,6.4970310E-2,4.9999800E+1,2.4000000E-2,2.4000000E-2,1.9800000E-2
0.0000000E+0,3.0000000E-7,-3.0000000E-7,1.0994200E-2,6.4970310E-2,5.0000100E+1,2.4000000E-2,2.4000000E-2,1.9800000E-2
0.0000000E+0,2.0000000E-7,6.0000000E-7,1.1048100E-2,6.4970310E-2,5.0000000E+1,2.4000000E-2,2.4000000E-2,1.9800000E-2
0.0000000E+0,3.0000000E-7,1.0000000E-7,1.1099700E-2,6.4970310E-2,4.9999800E+1,2.4000000E-2,2.4000000E-2,1.9800000E-2
0.0000000E+0,3.0000000E-7,-2.0000000E-7,1.1147300E-2,6.4970310E-2,4.9999700E+1,2.4000000E-2,2.4000000E-2,1.9800000E-2
0.0000000E+0,-2.0000000E-7,5.0000000E-7,1.1189700E-2,6.4970310E-2,4.9999600E+1,2.4000000E-2,2.4000000E-2,1.9800000E-2
0.0000000E+0,9.0000000E-7,-3.0000000E-7,1.1241700E-2,6.4970310E-2,4.9999700E+1,2.4000000E-2,2.4000000E-2,1.9800000E-2
0.0000000E+0,8.0000000E-7,-7.0000000E-7,1.1294300E-2,6.4970310E-2,4.9999700E+1,2.4000000E-2,2.4000000E-2,1.9800000E-2
0.0000000E+0,-2.0000000E-7,6.0000000E-7,1.1342300E-2,6.4970310E-2,4.9999600E+1,2.4000000E-2,2.4000000E-2,1.9800000E-2
0.0000000E+0,-3.0000000E-7,5.0000000E-7,1.1394400E-2,6.4970310E-2,4.9999300E+1,2.4000000E-2,2.4000000E-2,1.9800000E-2
0.0000000E+0,-4.0000000E-7,4.0000000E-7,1.1443600E-2,6.4970310E-2,4.9999600E+1,2.4000000E-2,2.4000000E-2,1.9800000E-2
0.0000000E+0,-6.0000000E-7,6.0000000E-7,1.1493500E-2,6.4970310E-2,4.9999800E+1,2.4000000E-2,2.4000000E-2,1.9800000E-2
0.0000000E+0,2.0000000E-7,1.0000000E-7,1.1542900E-2,6.4970310E-2,4.9999800E+1,2.4000000E-2,2.4000000E-2,1.9800000E-2
0.0000000E+0,-2.0000000E-7,-4.0000000E-7,1.1594800E-2,6.4970310E-2,4.9999800E+1,2.4000000E-2,2.4000000E-2,1.9800000E-2
0.0000000E+0,-7.0000000E-7,-2.0000000E-7,1.1649100E-2,6.4970310E-2,4.9999500E+1,2.4000000E-2,2.4000000E-2,1.9800000E-2
0.0000000E+0,7.0000000E-7,1.0000000E-7,1.1693400E-2,6.4970310E-2,4.9999700E+1,2.4000000E-2,2.4000000E-2,1.9800000E-2
0.0000000E+0,1.0000000E-6,-0.0000000E+0,1.1746300E-2,6.4970310E-2,4.9999900E+1,2.4000000E-2,2.4000000E-2,1.9800000E-2
0.0000000E+0,0.0000000E+0,6.0000000E-7,1.1791800E-2,6.4970310E-2,4.9999600E+1,2.4000000E-2,2.4000000E-2,1.9800000E-2
0.0000000E+0,-9.0000000E-7,-5.0000000E-7,1.1841200E-2,6.4970310E-2,4.9999500E+1,2.4000000E-2,2.4000000E-2,1.9800000E-2
0.0000000E+0,1.0000000E-7,-3.0000000E-7,1.1889800E-2,6.4970310E-2,4.9999600E+1,2.4000000E-2,2.4000000E-2,1.9800000E-2
0.0000000E+0,-2.0000000E-7,-0.0000000E+0,1.1945400E-2,6.4970310E-2,4.9999800E+1,2.4000000E-2,2.4000000E-2,1.9800000E-2
0.0000000E+0,0.0000000E+0,-3.0000000E-7,1.1992800E-2,6.4970310E-2,4.9999900E+1,2.4000000E-2,2.4000000E-2,1.9800000E-2
0.0000000E+0,5.0000000E-7,3.0000000E-7,1.2045800E-2,6.4970310E-2,4.9999500E+1,2.4000000E-2,2.4000000E-2,1.9800000E-2
0.0000000E+0,1.1000000E-6,1.0000000E-7,1.2094900E-2,6.4970310E-2,4.9999500E+1,2.4000000E-2,2.4000000E-2,1.9800000E-2
0.0000000E+0,-2.0000000E-7,4.0000000E-7,1.2140000E-2,6.4970310E-2,4.9999600E+1,2.4000000E-2,2.4000000E-2,1.9800000E-2
0.0000000E+0,4.0000000E-7,4.0000000E-7,1.2193600E-2,6.4970310E-2,4.9999700E+1,2.4000000E-2,2.4000000E-2,1.9800000E-2
0.0000000E+0,-2.0000000E-7,-5.0000000E-7,1.2246100E-2,6.4970310E-2,4.9999900E+1,2.4000000E-2,2.4000000E-2,1.9800000E-2
0.0000000E+0,2.0000000E-7,-4.0000000E-7,1.2292200E-2,6.4970310E-2,4.9999500E+1,2.4000000E-2,2.4000000E-2,1.9800000E-2
0.0000000E+0,-5.0000000E-7,-2.0000000E-7,1.2344700E-2,6.4970310E-2,4.9999600E+1,2.4000000E-2,2.4000000E-2,1.9800000E-2
0.0000000E+0,4.0000000E-7,-5.0000000E-7,1.2393500E-2,6.4970310E-2,4.9999500E+1,2.4000000E-2,2.4000000E-2,1.9800000E-2
0.0000000E+0,0.0000000E+0,-4.0000000E-7,1.2441300E-2,6.4970310E-2,4.9999600E+1,2.4000000E-2,2.4000000E-2,1.9800000E-2
0.0000000E+0,5.0000000E-7,8.0000000E-7,1.2494500E-2,6.4970310E-2,4.9999800E+1,2.4000000E-2,2.4000000E-2,1.9800000E-2
0.0000000E+0,3.0000000E-7,0.0000000E+0,1.2542000E-2,6.4970310E-2,5.0000300E+1,2.4000000E-2,2.4000000E-2,1.9800000E-2
0.0000000E+0,2.0000000E-7,-6.0000000E-7,1.2590100E-2,6.4970310E-2,4.9999900E+1,2.4000000E-2,2.4000000E-2,1.9800000E-2
0.0000000E+0,3.0000000E-7,-8.0000000E-7,1.2647400E-2,6.4970310E-2,4.9999900E+1,2.4000000E-2,2.4000000E-2,1.9800000E-2
0.0000000E+0,-1.0000000E-7,-4.0000000E-7,1.2692000E-2,6.4970310E-2,4.9999700E+1,2.4000000E-2,2.4000000E-2,1.9800000E-2
0.0000000E+0,-5.0000000E-7,0.0000000E+0,1.2744700E-2,6.4970310E-2,4.9999500E+1,2.4000000E-2,2.4000000E-2,1.9800000E-2
0.0000000E+0,8.0000000E-7,-3.0000000E-7,1.2789300E-2,6.4970310E-2,4.9999900E+1,2.4000000E-2,2.4000000E-2,1.9800000E-2
0.0000000E+0,2.0000000E-7,3.0000000E-7,1.2840300E-2,6.4970310E-2,4.9999800E+1,2.4000000E-2,2.4000000E-2,1.9800000E-2
0.0000000E+0,3.0000000E-7,2.0000000E-7,1.2896700E-2,6.4970310E-2,4.9999600E+1,2.4000000E-2,2.4000000E-2,1.9800000E-2
0.0000000E+0,4.0000000E-7,3.0000000E-7,1.2947100E-2,6.4970310E-2,4.9999800E+1,2.4000000E-2,2.4000000E-2,1.9800000E-2
0.0000000E+0,-1.0000000E-7,3.0000000E-7,1.2989800E-2,6.4970310E-2,4.9999400E+1,2.4000000E-2,2.4000000E-2,1.9800000E-2
0.0000000E+0,7.0000000E-7,-2.0000000E-7,1.3044400E-2,6.4970310E-2,4.9999500E+1,2.4000000E-2,2.4000000E-2,1.9800000E-2
0.0000000E+0,-3.0000000E-7,-5.0000000E-7,1.3091600E-2,6.4970310E-2,4.9999600E+1,2.4000000E-2,2.4000000E-2,1.9800000E-2
0.0000000E+0,8.0000000E-7,1.1000000E-6,1.3143200E-2,6.4970310E-2,4.9999600E+1,2.4000000E-2,2.4000000E-2,1.9800000E-2
0.0000000E+0,-1.0000000E-7,-5.0000000E-7,1.3193500E-2,6.4970310E-2,4.9999900E+1,2.4000000E-2,2.4000000E-2,1.9800000E-2
0.0000000E+0,-5.0000000E-7,2.0000000E-7,1.3242900E-2,6.4970310E-2,4.9999800E+1,2.4000000E-2,2.4000000E-2,1.9800000E-2
0.0000000E+0,-3.0000000E-7,-1.0000000E-7,1.3296100E-2,6.4970310E-2,4.9999600E+1,2.4000000E-2,2.4000000E-2,1.9800000E-2
0.0000000E+0,4.0000000E-7,1.0000000E-7,1.3348200E-2,6.4970310E-2,4.9999600E+1,2.4000000E-2,2.4000000E-2,1.9800000E-2
0.0000000E+0,-5.0000000E-7,-1.0000000E-7,1.3392500E-2,6.4970310E-2,4.9999700E+1,2.4000000E-2,2.4000000E-2,1.9800000E-2
0.0000000E+0,-1.0000000E-7,4.0000000E-7,1.3442800E-2,6.4970310E-2,4.9999400E+1,2.4000000E-2,2.4000000E-2,1.9800000E-2
0.0000000E+0,5.0000000E-7,7.0000000E-7,1.3497600E-2,6.4970310E-2,5.0000000E+1,2.4000000E-2,2.4000000E-2,1.9800000E-2
0.0000000E+0,-1.0000000E-7,-5.0000000E-7,1.3546100E-2,6.4970310E-2,4.9999900E+1,2.4000000E-2,2.4000000E-2,1.9800000E-2
0.0000000E+0,1.1000000E-6,3.0000000E-7,1.3595100E-2,6.4970310E-2,4.9999600E+1,2.4000000E-2,2.4000000E-2,1.9800000E-2
0.0000000E+0,4.0000000E-7,5.0000000E-7,1.3640300E-2,6.4970310E-2,4.9999500E+1,2.4000000E-2,2.4000000E-2,1.9800000E-2
0.0000000E+0,2.0000000E-7,-2.0000000E-7,1.3695700E-2,6.4970310E-2,4.9999800E+1,2.4000000E-2,2.4000000E-2,1.9800000E-2
0.0000000E+0,3.0000000E-7,4.0000000E-7,1.3745500E-2,6.4970310E-2,4.9999900E+1,2.4000000E-2,2.4000000E-2,1.9800000E-2
0.0000000E+0,-2.0000000E-7,-0.0000000E+0,1.3794500E-2,6.4970310E-2,4.9999700E+1,2.4000000E-2,2.4000000E-2,1.9800000E-2
0.0000000E+0,2.0000000E-7,1.2000000E-6,1.3840800E-2,6.4970310E-2,4.9999300E+1,2.4000000E-2,2.4000000E-2,1.9800000E-2
0.0000000E+0,3.0000000E-7,-3.0000000E-7,1.3893300E-2,6.4970310E-2,4.9999400E+1,2.4000000E-2,2.4000000E-2,1.9800000E-2
0.0000000E+0,-5.0000000E-7,1.0000000E-7,1.3939500E-2,6.4970310E-2,4.9999900E+1,2.4000000E-2,2.4000000E-2,1.9800000E-2
0.0000000E+0,0.0000000E+0,-1.0000000E-7,1.3995500E-2,6.4970310E-2,5.0000000E+1,2.4000000E-2,2.4000000E-2,1.9800000E-2
0.0000000E+0,-4.0000000E-7,-7.0000000E-7,1.4045400E-2,6.4970310E-2,5.0000000E+1,2.4000000E-2,2.4000000E-2,1.9800000E-2
0.0000000E+0,1.0000000E-6,2.0000000E-7,1.4093900E-2,6.4970310E-2,4.9999900E+1,2.4000000E-2,2.4000000E-2,1.9800000E-2
0.0000000E+0,2.0000000E-7,1.0000000E-7,1.4145700E-2,6.4970310E-2,4.9999900E+1,2.4000000E-2,2.4000000E-2,1.9800000E-2
0.0000000E+0,1.1000000E-6,1.0000000E-7,1.4192500E-2,6.4970310E-2,4.9999900E+1,2.4000000E-2,2.4000000E-2,1.9800000E-2
0.0000000E+0,-4.0000000E-7,3.0000000E-7,1.4244100E-2,6.4970310E-2,5.0000000E+1,2.4000000E-2,2.4000000E-2,1.9800000E-2
0.0000000E+0,-3.0000000E-7,-9.0000000E-7,1.4294500E-2,6.4970310E-2,4.9999900E+1,2.4000000E-2,2.4000000E-2,1.9800000E-2
0.0000000E+0,-2.0000000E-7,-1.0000000E-7,1.4346500E-2,6.4970310E-2,4.9999500E+1,2.4000000E-2,2.4000000E-2,1.9800000E-2
0.0000000E+0,-9.0000000E-7,1.0000000E-7,1.4397500E-2,6.4970310E-2,4.9999500E+1,2.4000000E-2,2.4000000E-2,1.9800000E-2
0.0000000E+0,-1.0000000E-7,-4.0000000E-7,1.4440700E-2,6.4970310E-2,4.9999500E+1,2.4000000E-2,2.4000000E-2,1.9800000E-2
0.0000000E+0,-1.0000000E-7,-3.0000000E-7,1.4498100E-2,6.4970310E-2,4.9999600E+1,2.4000000E-2,2.4000000E-2,1.9800000E-2
0.0000000E+0,2.0000000E-7,-0.0000000E+0,1.4549100E-2,6.4970310E-2,4.9999600E+1,2.4000000E-2,2.4000000E-2,1.9800000E-2
0.0000000E+0,-3.0000000E-7,-1.0000000E-7,1.4591900E-2,6.4970310E-2,4.9999500E+1,2.4000000E-2,2.4000000E-2,1.9800000E-2
0.0000000E+0,4.0000000E-7,2.0000000E-7,1.4643500E-2,6.4970310E-2,4.9999600E+1,2.4000000E-2,2.4000000E-2,1.9800000E-2
0.0000000E+0,-6.0000000E-7,5.0000000E-7,1.4693600E-2,6.4970310E-2,4.9999800E+1,2.4000000E-2,2.4000000E-2,1.9800000E-2
0.0000000E+0,-1.0000000E-7,3.0000000E-7,1.4741900E-2,6.4970310E-2,4.9999600E+1,2.4000000E-2,2.4000000E-2,1.9800000E-2
0.0000000E+0,1.0000000E-7,-3.0000000E-7,1.4792600E-2,6.4970310E-2,4.9999900E+1,2.4000000E-2,2.4000000E-2,1.9800000E-2
0.0000000E+0,1.1000000E-6,-3.0000000E-7,1.4843600E-2,6.4970310E-2,4.9999500E+1,2.4000000E-2,2.4000000E-2,1.9800000E-2
0.0000000E+0,-0.0000000E+0,3.0000000E-7,1.4897200E-2,6.4970310E-2,4.9999600E+1,2.4000000E-2,2.4000000E-2,1.9800000E-2
0.0000000E+0,-7.0000000E-7,2.0000000E-7,1.4945400E-2,6.4970310E-2,4.9999800E+1,2.4000000E-2,2.4000000E-2,1.9800000E-2
0.0000000E+0,1.0000000E-7,0.0000000E+0,1.4994500E-2,6.4970310E-2,4.9999300E+1,2.4000000E-2,2.4000000E-2,1.9800000E-2
