Idc,Bx,By,Bz,Vdc_adc,V_bg,dBx,dBy,dBz,
nA,T,T,T,mV,V,T/min,T/min,T/min,
0.0000000E+0,8.0000000E-7,-3.0000000E-7,1.9999400E-2,6.4970310E-2,-5.0014700E+1,2.4000000E-2,2.4000000E-2,1.9800000E-2
0.0000000E+0,-7.0000000E-7,1.2000000E-6,1.9951400E-2,6.4970310E-2,-5.0014400E+1,2.4000000E-2,2.4000000E-2,1.9800000E-2
0.0000000E+0,-4.0000000E-7,-1.0000000E-7,1.9903200E-2,6.4970310E-2,-5.0014100E+1,2.4000000E-2,2.4000000E-2,1.9800000E-2
0.0000000E+0,-9.0000000E-7,4.0000000E-7,1.9856100E-2,6.4970310E-2,-5.0014000E+1,2.4000000E-2,2.4000000E-2,1.9800000E-2
0.0000000E+0,-5.0000000E-7,-3.0000000E-7,1.9804000E-2,6.4970310E-2,-5.0014300E+1,2.4000000E-2,2.4000000E-2,1.9800000E-2
0.0000000E+0,3.0000000E-7,-6.0000000E-7,1.9755700E-2,6.4970310E-2,-5.0014300E+1,2.4000000E-2,2.4000000E-2,1.9800000E-2
0.0000000E+0,-6.0000000E-7,-0.0000000E+0,1.9707100E-2,6.4970310E-2,-5.0014200E+1,2.4000000E-2,2.4000000E-2,1.9800000E-2
0.0000000E+0,3.0000000E-7,4.0000000E-7,1.9657100E-2,6.4970310E-2,-5.0014100E+1,2.4000000E-2,2.4000000E-2,1.9800000E-2
0.0000000E+0,2.0000000E-7,-8.0000000E-7,1.9605800E-2,6.4970310E-2,-5.0014300E+1,2.4000000E-2,2.4000000E-2,1.9800000E-2
0.0000000E+0,-3.0000000E-7,-4.0000000E-7,1.9557300E-2,6.4970310E-2,-5.0014200E+1,2.4000000E-2,2.4000000E-2,1.9800000E-2
0.0000000E+0,-1.4000000E-6,-1.0000000E-7,1.9510400E-2,6.4970310E-2,-5.0014100E+1,2.4000000E-2,2.4000000E-2,1.9800000E-2
0.0000000E+0,2.0000000E-7,5.0000000E-7,1.9453000E-2,6.4970310E-2,-5.0014600E+1,2.4000000E-2,2.4000000E-2,1.9800000E-2
0.0000000E+0,-4.0000000E-7,-1.0000000E-7,1.9408000E-2,6.4970310E-2,-5.0014300E+1,2.4000000E-2,2.4000000E-2,1.9800000E-2
0.0000000E+0,-1.0000000E-7,-1.0000000E-7,1.9361600E-2,6.4970310E-2,-5.0014400E+1,2.4000000E-2,2.4000000E-2,1.9800000E-2
0.0000000E+0,7.0000000E-7,-6.0000000E-7,1.9308500E-2,6.4970310E-2,-5.0014300E+1,2.4000000E-2,2.4000000E-2,1.9800000E-2
0.0000000E+0,-4.0000000E-7,-3.0000000E-7,1.9260600E-2,6.4970310E-2,-5.0014500E+1,2.4000000E-2,2.4000000E-2,1.9800000E-2
0.0000000E+0,-6.0000000E-7,-3.0000000E-7,1.9206500E-2,6.4970310E-2,-5.0014400E+1,2.4000000E-2,2.4000000E-2,1.9800000E-2
0.0000000E+0,1.0000000E-7,-3.0000000E-7,1.9156700E-2,6.4970310E-2,-5.0014400E+1,2.4000000E-2,2.4000000E-2,1.9800000E-2
0.0000000E+0,-5.0000000E-7,5.0000000E-7,1.9104300E-2,6.4970310E-2,-5.0014600E+1,2.4000000E-2,2.4000000E-2,1.9800000E-2
0.0000000E+0,-1.1000000E-6,-6.0000000E-7,1.9055800E-2,6.4970310E-2,-5.0014500E+1,2.4000000E-2,2.4000000E-2,1.9800000E-2
0.0000000E+0,-1.0000000E-7,-3.0000000E-7,1.9005900E-2,6.4970310E-2,-5.0014600E+1,2.4000000E-2,2.4000000E-2,1.9800000E-2
0.0000000E+0,-5.0000000E-7,-4.0000000E-7,1.8954700E-2,6.4970310E-2,-5.0014300E+1,2.4000000E-2,2.4000000E-2,1.9800000E-2
0.0000000E+0,1.0000000E-7,5.0000000E-7,1.8905300E-2,6.4970310E-2,-5.0014800E+1,2.4000000E-2,2.4000000E-2,1.9800000E-2
0.0000000E+0,-4.0000000E-7,-6.0000000E-7,1.8852800E-2,6.4970310E-2,-5.0014200E+1,2.4000000E-2,2.4000000E-2,1.9800000E-2
0.0000000E+0,3.0000000E-7,-5.0000000E-7,1.8809600E-2,6.4970310E-2,-5.0014300E+1,2.4000000E-2,2.4000000E-2,1.9800000E-2
0.0000000E+0,1.0000000E-7,2.0000000E-7,1.8757500E-2,6.4970310E-2,-5.0014000E+1,2.4000000E-2,2.4000000E-2,1.9800000E-2
0.0000000E+0,7.0000000E-7,-2.0000000E-7,1.8701500E-2,6.4970310E-2,-5.0014100E+1,2.4000000E-2,2.4000000E-2,1.9800000E-2
0.0000000E+0,2.0000000E-7,1.0000000E-7,1.8657300E-2,6.4970310E-2,-5.0014500E+1,2.4000000E-2,2.4000000E-2,1.9800000E-2
0.0000000E+0,0.0000000E+0,3.0000000E-7,1.8603300E-2,6.4970310E-2,-5.0014300E+1,2.4000000E-2,2.4000000E-2,1.9800000E-2
0.0000000E+0,-2.0000000E-7,-2.0000000E-7,1.8556700E-2,6.4970310E-2,-5.0014400E+1,2.4000000E-2,2.4000000E-2,1.9800000E-2
0.0000000E+0,3.0000000E-7,5.0000000E-7,1.8502400E-2,6.4970310E-2,-5.0014200E+1,2.4000000E-2,2.4000000E-2,1.9800000E-2
0.0000000E+0,-3.0000000E-7,1.0000000E-7,1.8459200E-2,6.4970310E-2,-5.0014400E+1,2.4000000E-2,2.4000000E-2,1.9800000E-2
0.0000000E+0,3.0000000E-7,4.0000000E-7,1.8404900E-2,6.4970310E-2,-5.0014200E+1,2.4000000E-2,2.4000000E-2,1.9800000E-2
0.0000000E+0,-0.0000000E+0,2.0000000E-7,1.8353500E-2,6.4970310E-2,-5.0014400E+1,2.4000000E-2,2.4000000E-2,1.9800000E-2
0.0000000E+0,-1.0000000E-7,-5.0000000E-7,1.8309000E-2,6.4970310E-2,-5.0014000E+1,2.4000000E-2,2.4000000E-2,1.9800000E-2
0.0000000E+0,-7.0000000E-7,3.0000000E-7,1.8255600E-2,6.4970310E-2,-5.0014300E+1,2.4000000E-2,2.4000000E-2,1.9800000E-2
0.0000000E+0,-4.0000000E-7,3.0000000E-7,1.8204600E-2,6.4970310E-2,-5.0014900E+1,2.4000000E-2,2.4000000E-2,1.9800000E-2
0.0000000E+0,1.0000000E-7,1.0000000E-7,1.8158900E-2,6.4970310E-2,-5.0014500E+1,2.4000000E-2,2.4000000E-2,1.9800000E-2
0.0000000E+0,1.0000000E-7,5.0000000E-7,1.8104000E-2,6.4970310E-2,-5.0014200E+1,2.4000000E-2,2.4000000E-2,1.9800000E-2
0.0000000E+0,1.4000000E-6,3.0000000E-7,1.8061900E-2,6.4970310E-2,-5.0014400E+1,2.4000000E-2,2.4000000E-2,1.9800000E-2
0.0000000E+0,-6.0000000E-7,-4.0000000E-7,1.8002000E-2,6.4970310E-2,-5.0014600E+1,2.4000000E-2,2.4000000E-2,1.9800000E-2
0.0000000E+0,-5.0000000E-7,-3.0000000E-7,1.7956000E-2,6.4970310E-2,-5.0014800E+1,2.4000000E-2,2.4000000E-2,1.9800000E-2
0.0000000E+0,-6.0000000E-7,2.0000000E-7,1.7906700E-2,6.4970310E-2,-5.0014100E+1,2.4000000E-2,2.4000000E-2,1.9800000E-2
0.0000000E+0,-3.0000000E-7,-2.0000000E-7,1.7856200E-2,6.4970310E-2,-5.0014600E+1,2.4000000E-2,2.4000000E-2,1.9800000E-2
0.0000000E+0,-3.0000000E-7,1.3000000E-6,1.7801500E-2,6.4970310E-2,-5.0014000E+1,2.4000000E-2,2.4000000E-2,1.9800000E-2
0.0000000E+0,0.0000000E+0,-2.0000000E-7,1.7752700E-2,6.4970310E-2,-5.0013800E+1,2.4000000E-2,2.4000000E-2,1.9800000E-2
0.0000000E+0,-1.0000000E-7,2.0000000E-7,1.7704400E-2,6.4970310E-2,-5.0014400E+1,2.4000000E-2,2.4000000E-2,1.9800000E-2
0.0000000E+0,7.0000000E-7,-7.0000000E-7,1.7659400E-2,6.4970310E-2,-5.0014200E+1,2.4000000E-2,2.4000000E-2,1.9800000E-2
0.0000000E+0,-4.0000000E-7,-1.0000000E-7,1.7603400E-2,6.4970310E-2,-5.0014300E+1,2.4000000E-2,2.4000000E-2,1.9800000E-2
0.0000000E+0,-6.0000000E-7,5.0000000E-7,1.7555000E-2,6.4970310E-2,-5.0014100E+1,2.4000000E-2,2.4000000E-2,1.9800000E-2
0.0000000E+0,5.0000000E-7,3.0000000E-7,1.7506500E-2,6.4970310E-2,-5.0014500E+1,2.4000000E-2,2.4000000E-2,1.9800000E-2
0.0000000E+0,1.0000000E-7,4.0000000E-7,1.7455300E-2,6.4970310E-2,-5.0014200E+1,2.4000000E-2,2.4000000E-2,1.9800000E-2
0.0000000E+0,1.0000000E-7,-1.0000000E-7,1.7407900E-2,6.4970310E-2,-5.0014100E+1,2.4000000E-2,2.4000000E-2,1.9800000E-2
0.0000000E+0,4.0000000E-7,6.0000000E-7,1.7352300E-2,6.4970310E-2,-5.0014200E+1,2.4000000E-2,2.4000000E-2,1.9800000E-2
0.0000000E+0,2.0000000E-7,3.0000000E-7,1.7302800E-2,6.4970310E-2,-5.0014400E+1,2.4000000E-2,2.4000000E-2,1.9800000E-2
0.0000000E+0,-3.0000000E-7,-3.0000000E-7,1.7255600E-2,6.4970310E-2,-5.0014600E+1,2.4000000E-2,2.4000000E-2,1.9800000E-2
0.0000000E+0,-0.0000000E+0,-1.0000000E-7,1.7207100E-2,6.4970310E-2,-5.0014300E+1,2.4000000E-2,2.4000000E-2,1.9800000E-2
0.0000000E+0,-1.0000000E-7,-1.0000000E-7,1.7156600E-2,6.4970310E-2,-5.0014300E+1,2.4000000E-2,2.4000000E-2,1.9800000E-2
0.0000000E+0,-1.1000000E-6,-2.0000000E-7,1.7105800E-2,6.4970310E-2,-5.0014900E+1,2.4000000E-2,2.4000000E-2,1.9800000E-2
0.0000000E+0,8.0000000E-7,-0.0000000E+0,1.7056200E-2,6.4970310E-2,-5.0014400E+1,2.4000000E-2,2.4000000E-2,1.9800000E-2
0.0000000E+0,-5.0000000E-7,2.0000000E-7,1.7012800E-2,6.4970310E-2,-5.0014600E+1,2.4000000E-2,2.4000000E-2,1.9800000E-2
0.0000000E+0,-3.0000000E-7,-2.0000000E-7,1.6956000E-2,6.4970310E-2,-5.0014700E+1,2.4000000E-2,2.4000000E-2,1.9800000E-2
0.0000000E+0,9.0000000E-7,6.0000000E-7,1.6905000E-2,6.4970310E-2,-5.0014500E+1,2.4000000E-2,2.4000000E-2,1.9800000E-2
0.0000000E+0,-1.0000000E-7,-5.0000000E-7,1.6859200E-2,6.4970310E-2,-5.0014600E+1,2.4000000E-2,2.4000000E-2,1.9800000E-2
0.0000000E+0,2.0000000E-7,1.0000000E-7,1.6807500E-2,6.4970310E-2,-5.0014200E+1,2.4000000E-2,2.4000000E-2,1.9800000E-2
0.0000000E+0,8.0000000E-7,2.0000000E-7,1.6755900E-2,6.4970310E-2,-5.0014300E+1,2.4000000E-2,2.4000000E-2,1.9800000E-2
0.0000000E+0,4.0000000E-7,-8.0000000E-7,1.6704500E-2,6.4970310E-2,-5.0014200E+1,2.4000000E-2,2.4000000E-2,1.9800000E-2
0.0000000E+0,3.0000000E-7,3.0000000E-7,1.6655500E-2,6.4970310E-2,-5.0014300E+1,2.4000000E-2,2.4000000E-2,1.9800000E-2
0.0000000E+0,4.0000000E-7,-3.0000000E-7,1.6603500E-2,6.4970310E-2,-5.0014200E+1,2.4000000E-2,2.4000000E-2,1.9800000E-2
0.0000000E+0,1.0000000E-7,-2.0000000E-7,1.6552700E-2,6.4970310E-2,-5.0014300E+1,2.4000000E-2,2.4000000E-2,1.9800000E-2
0.0000000E+0,-9.0000000E-7,-0.0000000E+0,1.6510400E-2,6.4970310E-2,-5.0014300E+1,2.4000000E-2,2.4000000E-2,1.9800000E-2
0.0000000E+0,-2.0000000E-7,7.0000000E-7,1.6457000E-2,6.4970310E-2,-5.0014500E+1,2.4000000E-2,2.4000000E-2,1.9800000E-2
0.0000000E+0,3.0000000E-7,1.0000000E-7,1.6408200E-2,6.4970310E-2,-5.0014100E+1,2.4000000E-2,2.4000000E-2,1.9800000E-2
0.0000000E+0,-4.0000000E-7,-1.1000000E-6,1.6357500E-2,6.4970310E-2,-5.0014000E+1,2.4000000E-2,2.4000000E-2,1.9800000E-2
0.0000000E+0,5.0000000E-7,-0.0000000E+0,1.6308200E-2,6.4970310E-2,-5.0014100E+1,2.4000000E-2,2.4000000E-2,1.9800000E-2
0.0000000E+0,-1.0000000E-7,3.0000000E-7,1.6260800E-2,6.4970310E-2,-5.0014600E+1,2.4000000E-2,2.4000000E-2,1.9800000E-2
0.0000000E+0,3.0000000E-7,2.0000000E-7,1.6203000E-2,6.4970310E-2,-5.0014700E+1,2.4000000E-2,2.4000000E-2,1.9800000E-2
0.0000000E+0,9.0000000E-7,4.0000000E-7,1.6159800E-2,6.4970310E-2,-5.0015000E+1,2.4000000E-2,2.4000000E-2,1.9800000E-2
0.0000000E+0,-1.1000000E-6,-1.0000000E-7,1.6107900E-2,6.4970310E-2,-5.0014600E+1,2.4000000E-2,2.4000000E-2,1.9800000E-2
0.0000000E+0,4.0000000E-7,-1.0000000E-7,1.6050800E-2,6.4970310E-2,-5.0014500E+1,2.4000000E-2,2.4000000E-2,1.9800000E-2
0.0000000E+0,0.0000000E+0,2.0000000E-7,1.6008600E-2,6.4970310E-2,-5.0014500E+1,2.4000000E-2,2.4000000E-2,1.9800000E-2
0.0000000E+0,2.0000000E-7,-4.0000000E-7,1.5956500E-2,6.4970310E-2,-5.0014500E+1,2.4000000E-2,2.4000000E-2,1.9800000E-2
0.0000000E+0,-6.0000000E-7,-1.0000000E-7,1.5905800E-2,6.4970310E-2,-5.0014000E+1,2.4000000E-2,2.4000000E-2,1.9800000E-2
0.0000000E+0,4.0000000E-7,4.0000000E-7,1.5850200E-2,6.4970310E-2,-5.0014100E+1,2.4000000E-2,2.4000000E-2,1.9800000E-2
0.0000000E+0,-1.0000000E-7,-8.0000000E-7,1.5800100E-2,6.4970310E-2,-5.0014500E+1,2.4000000E-2,2.4000000E-2,1.9800000E-2
0.0000000E+0,-1.0000000E-7,-4.0000000E-7,1.5754500E-2,6.4970310E-2,-5.0014700E+1,2.4000000E-2,2.4000000E-2,1.9800000E-2
0.0000000E+0,0.0000000E+0,-1.0000000E-7,1.5706600E-2,6.4970310E-2,-5.0014600E+1,2.4000000E-2,2.4000000E-2,1.9800000E-2
0.0000000E+0,2.0000000E-7,4.0000000E-7,1.5653600E-2,6.4970310E-2,-5.0014600E+1,2.4000000E-2,2.4000000E-2,1.9800000E-2
0.0000000E+0,-9.0000000E-7,5.0000000E-7,1.5601800E-2,6.4970310E-2,-5.0014300E+1,2.4000000E-2,2.4000000E-2,1.9800000E-2
0.0000000E+0,-8.0000000E-7,-5.0000000E-7,1.5555700E-2,6.4970310E-2,-5.0014400E+1,2.4000000E-2,2.4000000E-2,1.9800000E-2
0.0000000E+0,-1.0000000E-7,0.0000000E+0,1.5505600E-2,6.4970310E-2,-5.0013900E+1,2.4000000E-2,2.4000000E-2,1.9800000E-2
0.0000000E+0,6.0000000E-7,7.0000000E-7,1.5458400E-2,6.4970310E-2,-5.0014500E+1,2.4000000E-2,2.4000000E-2,1.9800000E-2
0.0000000E+0,-3.0000000E-7,-4.0000000E-7,1.5410900E-2,6.4970310E-2,-5.0014500E+1,2.4000000E-2,2.4000000E-2,1.9800000E-2
0.0000000E+0,-0.0000000E+0,-8.0000000E-7,1.5351300E-2,6.4970310E-2,-5.0014300E+1,2.4000000E-2,2.4000000E-2,1.9800000E-2
0.0000000E+0,-5.0000000E-7,1.0000000E-7,1.5304400E-2,6.4970310E-2,-5.0014500E+1,2.4000000E-2,2.4000000E-2,1.9800000E-2
0.0000000E+0,0.0000000E+0,0.0000000E+0,1.5256500E-2,6.4970310E-2,-5.0014500E+1,2.4000000E-2,2.4000000E-2,1.9800000E-2
0.0000000E+0,-2.0000000E-7,-9.0000000E-7,1.5209000E-2,6.4970310E-2,-5.0014000E+1,2.4000000E-2,2.4000000E-2,1.9800000E-2
0.0000000E+0,-1.0000000E-7,-5.0000000E-7,1.5157900E-2,6.4970310E-2,-5.0014600E+1,2.4000000E-2,2.4000000E-2,1.9800000E-2
0.0000000E+0,-1.0000000E-7,-1.1000000E-6,1.5103300E-2,6.4970310E-2,-5.0014200E+1,2.4000000E-2,2.4000000E-2,1.9800000E-2
0.0000000E+0,4.0000000E-7,-6.0000000E-7,1.5054100E-2,6.4970310E-2,-5.0014100E+1,2.4000000E-2,2.4000000E-2,1.9800000E-2
0.0000000E+0,3.0000000E-7,3.0000000E-7,1.5002900E-2,6.4970310E-2,-5.0014000E+1,2.4000000E-2,2.4000000E-2,1.9800000E-2
0.0000000E+0,-1.0000000E-7,-1.0000000E-7,1.4958200E-2,6.4970310E-2,-5.0013900E+1,2.4000000E-2,2.4000000E-2,1.9800000E-2
0.0000000E+0,3.0000000E-7,-3.0000000E-7,1.4906800E-2,6.4970310E-2,-5.0014100E+1,2.4000000E-2,2.4000000E-2,1.9800000E-2
0.0000000E+0,-1.0000000E-7,-5.0000000E-7,1.4851100E-2,6.4970310E-2,-5.0014100E+1,2.4000000E-2,2.4000000E-2,1.9800000E-2
0.0000000E+0,3.0000000E-7,8.0000000E-7,1.4801900E-2,6.4970310E-2,-5.0014400E+1,2.4000000E-2,2.4000000E-2,1.9800000E-2
0.0000000E+0,3.0000000E-7,-3.0000000E-7,1.4762100E-2,6.4970310E-2,-5.0014000E+1,2.4000000E-2,2.4000000E-2,1.9800000E-2
0.0000000E+0,-2.0000000E-7,7.0000000E-7,1.4709100E-2,6.4970310E-2,-5.0014400E+1,2.4000000E-2,2.4000000E-2,1.9800000E-2
0.0000000E+0,-5.0000000E-7,1.0000000E-7,1.4655700E-2,6.4970310E-2,-5.0014500E+1,2.4000000E-2,2.4000000E-2,1.9800000E-2
0.0000000E+0,-2.0000000E-7,-2.0000000E-7,1.4605000E-2,6.4970310E-2,-5.0014400E+1,2.4000000E-2,2.4000000E-2,1.9800000E-2
0.0000000E+0,-6.0000000E-7,-3.0000000E-7,1.4558200E-2,6.4970310E-2,-5.0014300E+1,2.4000000E-2,2.4000000E-2,1.9800000E-2
0.0000000E+0,-1.0000000E-7,1.0000000E-7,1.4509600E-2,6.4970310E-2,-5.0013900E+1,2.4000000E-2,2.4000000E-2,1.9800000E-2
0.0000000E+0,2.0000000E-7,-7.0000000E-7,1.4452500E-2,6.4970310E-2,-5.0013900E+1,2.4000000E-2,2.4000000E-2,1.9800000E-2
0.0000000E+0,-4.0000000E-7,-0.0000000E+0,1.4401700E-2,6.4970310E-2,-5.0013900E+1,2.4000000E-2,2.4000000E-2,1.9800000E-2
0.0000000E+0,1.1000000E-6,5.0000000E-7,1.4351600E-2,6.4970310E-2,-5.0013900E+1,2.4000000E-2,2.4000000E-2,1.9800000E-2
0.0000000E+0,-5.0000000E-7,-1.0000000E-7,1.4305300E-2,6.4970310E-2,-5.0014100E+1,2.4000000E-2,2.4000000E-2,1.9800000E-2
0.0000000E+0,-8.0000000E-7,-6.0000000E-7,1.4255700E-2,6.4970310E-2,-5.0014300E+1,2.4000000E-2,2.4000000E-2,1.9800000E-2
0.0000000E+0,0.0000000E+0,-4.0000000E-7,1.4204500E-2,6.4970310E-2,-5.0014400E+1,2.4000000E-2,2.4000000E-2,1.9800000E-2
0.0000000E+0,-8.0000000E-7,-5.0000000E-7,1.4157300E-2,6.4970310E-2,-5.0014300E+1,2.4000000E-2,2.4000000E-2,1.9800000E-2
0.0000000E+0,6.0000000E-7,-1.0000000E-7,1.4110800E-2,6.4970310E-2,-5.0014500E+1,2.4000000E-2,2.4000000E-2,1.9800000E-2
0.0000000E+0,-1.0000000E-7,1.0000000E-7,1.4061600E-2,6.4970310E-2,-5.0014300E+1,2.4000000E-2,2.4000000E-2,1.9800000E-2
0.0000000E+0,3.0000000E-7,4.0000000E-7,1.4008800E-2,6.4970310E-2,-5.0014200E+1,2.4000000E-2,2.4000000E-2,1.9800000E-2
0.0000000E+0,-4.0000000E-7,-1.0000000E-7,1.3954500E-2,6.4970310E-2,-5.0014200E+1,2.4000000E-2,2.4000000E-2,1.9800000E-2
0.0000000E+0,7.0000000E-7,6.0000000E-7,1.3905800E-2,6.4970310E-2,-5.0014300E+1,2.4000000E-2,2.4000000E-2,1.9800000E-2
0.0000000E+0,-2.0000000E-7,-5.0000000E-7,1.3857500E-2,6.4970310E-2,-5.0014500E+1,2.4000000E-2,2.4000000E-2,1.9800000E-2
0.0000000E+0,-1.0000000E-6,3.0000000E-7,1.3809400E-2,6.4970310E-2,-5.0014100E+1,2.4000000E-2,2.4000000E-2,1.9800000E-2
0.0000000E+0,1.0000000E-7,3.0000000E-7,1.3761900E-2,6.4970310E-2,-5.0014100E+1,2.4000000E-2,2.4000000E-2,1.9800000E-2
0.0000000E+0,-2.0000000E-7,-2.0000000E-7,1.3703000E-2,6.4970310E-2,-5.0013800E+1,2.4000000E-2,2.4000000E-2,1.9800000E-2
0.0000000E+0,-3.0000000E-7,-2.0000000E-7,1.3650900E-2,6.4970310E-2,-5.0014100E+1,2.4000000E-2,2.4000000E-2,1.9800000E-2
0.0000000E+0,-7.0000000E-7,4.0000000E-7,1.3606300E-2,6.4970310E-2,-5.0014100E+1,2.4000000E-2,2.4000000E-2,1.9800000E-2
0.0000000E+0,-2.0000000E-7,8.0000000E-7,1.3555200E-2,6.4970310E-2,-5.0013500E+1,2.4000000E-2,2.4000000E-2,1.9800000E-2
0.0000000E+0,-2.0000000E-7,2.0000000E-7,1.3500200E-2,6.4970310E-2,-5.0014400E+1,2.4000000E-2,2.4000000E-2,1.9800000E-2
0.0000000E+0,3.0000000E-7,-1.0000000E-7,1.3457000E-2,6.4970310E-2,-5.0014200E+1,2.4000000E-2,2.4000000E-2,1.9800000E-2
0.0000000E+0,-7.0000000E-7,-3.0000000E-7,1.3411600E-2,6.4970310E-2,-5.0014200E+1,2.4000000E-2,2.4000000E-2,1.9800000E-2
0.0000000E+0,1.0000000E-7,3.0000000E-7,1.3355700E-2,6.4970310E-2,-5.0013900E+1,2.4000000E-2,2.4000000E-2,1.9800000E-2
0.0000000E+0,-1.0000000E-7,3.0000000E-7,1.3299900E-2,6.4970310E-2,-5.0013900E+1,2.4000000E-2,2.4000000E-2,1.9800000E-2
0.0000000E+0,4.0000000E-7,1.0000000E-7,1.3259300E-2,6.4970310E-2,-5.0014200E+1,2.4000000E-2,2.4000000E-2,1.9800000E-2
0.0000000E+0,4.0000000E-7,1.0000000E-7,1.3205200E-2,6.4970310E-2,-5.0014100E+1,2.4000000E-2,2.4000000E-2,1.9800000E-2
0.0000000E+0,-2.0000000E-7,-2.0000000E-7,1.3155600E-2,6.4970310E-2,-5.0014100E+1,2.4000000E-2,2.4000000E-2,1.9800000E-2
0.0000000E+0,-3.0000000E-7,6.0000000E-7,1.3105100E-2,6.4970310E-2,-5.0014400E+1,2.4000000E-2,2.4000000E-2,1.9800000E-2
0.0000000E+0,-1.0000000E-7,1.0000000E-7,1.3055700E-2,6.4970310E-2,-5.0014300E+1,2.4000000E-2,2.4000000E-2,1.9800000E-2
0.0000000E+0,1.1000000E-6,1.0000000E-7,1.3006400E-2,6.4970310E-2,-5.0014000E+1,2.4000000E-2,2.4000000E-2,1.9800000E-2
0.0000000E+0,4.0000000E-7,5.0000000E-7,1.2951700E-2,6.4970310E-2,-5.0014200E+1,2.4000000E-2,2.4000000E-2,1.9800000E-2
0.0000000E+0,1.0000000E-7,-2.0000000E-7,1.2903800E-2,6.4970310E-2,-5.0014500E+1,2.4000000E-2,2.4000000E-2,1.9800000E-2
0.0000000E+0,-3.0000000E-7,0.0000000E+0,1.2852900E-2,6.4970310E-2,-5.0013900E+1,2.4000000E-2,2.4000000E-2,1.9800000E-2
0.0000000E+0,1.0000000E-6,-8.0000000E-7,1.2802800E-2,6.4970310E-2,-5.0014100E+1,2.4000000E-2,2.4000000E-2,1.9800000E-2
0.0000000E+0,5.0000000E-7,2.0000000E-7,1.2759600E-2,6.4970310E-2,-5.0013900E+1,2.4000000E-2,2.4000000E-2,1.9800000E-2
0.0000000E+0,-6.0000000E-7,-1.0000000E-7,1.2707500E-2,6.4970310E-2,-5.0014300E+1,2.4000000E-2,2.4000000E-2,1.9800000E-2
0.0000000E+0,-6.0000000E-7,3.0000000E-7,1.2659000E-2,6.4970310E-2,-5.0014300E+1,2.4000000E-2,2.4000000E-2,1.9800000E-2
0.0000000E+0,-7.0000000E-7,3.0000000E-7,1.2606900E-2,6.4970310E-2,-5.0014400E+1,2.4000000E-2,2.4000000E-2,1.9800000E-2
0.0000000E+0,6.0000000E-7,-3.0000000E-7,1.2557900E-2,6.4970310E-2,-5.0014500E+1,2.4000000E-2,2.4000000E-2,1.9800000E-2
0.0000000E+0,2.0000000E-7,9.0000000E-7,1.2503200E-2,6.4970310E-2,-5.0014600E+1,2.4000000E-2,2.4000000E-2,1.9800000E-2
0.0000000E+0,1.0000000E-7,5.0000000E-7,1.2456400E-2,6.4970310E-2,-5.0014600E+1,2.4000000E-2,2.4000000E-2,1.9800000E-2
0.0000000E+0,9.0000000E-7,-1.0000000E-7,1.2403900E-2,6.4970310E-2,-5.0014100E+1,2.4000000E-2,2.4000000E-2,1.9800000E-2
0.0000000E+0,-6.0000000E-7,-2.0000000E-7,1.2353300E-2,6.4970310E-2,-5.0014100E+1,2.4000000E-2,2.4000000E-2,1.9800000E-2
0.0000000E+0,-5.0000000E-7,0.0000000E+0,1.2301900E-2,6.4970310E-2,-5.0014100E+1,2.4000000E-2,2.4000000E-2,1.9800000E-2
0.0000000E+0,-4.0000000E-7,1.0000000E-7,1.2253000E-2,6.4970310E-2,-5.0014400E+1,2.4000000E-2,2.4000000E-2,1.9800000E-2
0.0000000E+0,-1.0000000E-7,8.0000000E-7,1.2209500E-2,6.4970310E-2,-5.0014500E+1,2.4000000E-2,2.4000000E-2,1.9800000E-2
0.0000000E+0,2.0000000E-7,1.0000000E-7,1.2153300E-2,6.4970310E-2,-5.0014100E+1,2.4000000E-2,2.4000000E-2,1.9800000E-2
0.0000000E+0,4.0000000E-7,5.0000000E-7,1.2112500E-2,6.4970310E-2,-5.0014400E+1,2.4000000E-2,2.4000000E-2,1.9800000E-2
0.0000000E+0,-1.0000000E-7,2.0000000E-7,1.2065000E-2,6.4970310E-2,-5.0014400E+1,2.4000000E-2,2.4000000E-2,1.9800000E-2
0.0000000E+0,5.0000000E-7,7.0000000E-7,1.2006700E-2,6.4970310E-2,-5.0014200E+1,2.4000000E-2,2.4000000E-2,1.9800000E-2
0.0000000E+0,4.0000000E-7,-3.0000000E-7,1.1959300E-2,6.4970310E-2,-5.0014200E+1,2.4000000E-2,2.4000000E-2,1.9800000E-2
0.0000000E+0,-1.0000000E-7,-2.0000000E-7,1.1905200E-2,6.4970310E-2,-5.0014400E+1,2.4000000E-2,2.4000000E-2,1.9800000E-2
0.0000000E+0,6.0000000E-7,-0.0000000E+0,1.1854900E-2,6.4970310E-2,-5.0014600E+1,2.4000000E-2,2.4000000E-2,1.9800000E-2
0.0000000E+0,6.0000000E-7,-0.0000000E+0,1.1806200E-2,6.4970310E-2,-5.0014300E+1,2.4000000E-2,2.4000000E-2,1.9800000E-2
0.0000000E+0,3.0000000E-7,-1.0000000E-7,1.1753200E-2,6.4970310E-2,-5.0014300E+1,2.4000000E-2,2.4000000E-2,1.9800000E-2
0.0000000E+0,-3.0000000E-7,0.0000000E+0,1.1714900E-2,6.4970310E-2,-5.0013900E+1,2.4000000E-2,2.4000000E-2,1.9800000E-2
0.0000000E+0,8.0000000E-7,-3.0000000E-7,1.1652600E-2,6.4970310E-2,-5.0014200E+1,2.4000000E-2,2.4000000E-2,1.9800000E-2
0.0000000E+0,-5.0000000E-7,3.0000000E-7,1.1603400E-2,6.4970310E-2,-5.0014500E+1,2.4000000E-2,2.4000000E-2,1.9800000E-2
0.0000000E+0,1.0000000E-7,8.0000000E-7,1.1553800E-2,6.4970310E-2,-5.0014400E+1,2.4000000E-2,2.4000000E-2,1.9800000E-2
0.0000000E+0,-5.0000000E-7,3.0000000E-7,1.1511500E-2,6.4970310E-2,-5.0014300E+1,2.4000000E-2,2.4000000E-2,1.9800000E-2
0.0000000E+0,-3.0000000E-7,1.0000000E-7,1.1454300E-2,6.4970310E-2,-5.0014400E+1,2.4000000E-2,2.4000000E-2,1.9800000E-2
0.0000000E+0,6.0000000E-7,3.0000000E-7,1.1403100E-2,6.4970310E-2,-5.0014600E+1,2.4000000E-2,2.4000000E-2,1.9800000E-2
0.0000000E+0,0.0000000E+0,1.0000000E-7,1.1357600E-2,6.4970310E-2,-5.0014000E+1,2.4000000E-2,2.4000000E-2,1.9800000E-2
0.0000000E+0,-2.0000000E-7,-8.0000000E-7,1.1305300E-2,6.4970310E-2,-5.0014500E+1,2.4000000E-2,2.4000000E-2,1.9800000E-2
0.0000000E+0,-5.0000000E-7,2.0000000E-7,1.1255700E-2,6.4970310E-2,-5.0014800E+1,2.4000000E-2,2.4000000E-2,1.9800000E-2
0.0000000E+0,9.0000000E-7,2.0000000E-7,1.1204700E-2,6.4970310E-2,-5.0014500E+1,2.4000000E-2,2.4000000E-2,1.9800000E-2
0.0000000E+0,6.0000000E-7,1.0000000E-7,1.1156200E-2,6.4970310E-2,-5.0014100E+1,2.4000000E-2,2.4000000E-2,1.9800000E-2
0.0000000E+0,-1.0000000E-6,-1.0000000E-7,1.1103500E-2,6.4970310E-2,-5.0014000E+1,2.4000000E-2,2.4000000E-2,1.9800000E-2
0.0000000E+0,3.0000000E-7,-1.0000000E-7,1.1052000E-2,6.4970310E-2,-5.0014300E+1,2.4000000E-2,2.4000000E-2,1.9800000E-2
0.0000000E+0,-3.0000000E-7,1.0000000E-7,1.1001800E-2,6.4970310E-2,-5.0014300E+1,2.4000000E-2,2.4000000E-2,1.9800000E-2
0.0000000E+0,-7.0000000E-7,5.0000000E-7,1.0956800E-2,6.4970310E-2,-5.0014300E+1,2.4000000E-2,2.4000000E-2,1.9800000E-2
0.0000000E+0,-3.0000000E-7,4.0000000E-7,1.0907800E-2,6.4970310E-2,-5.0014600E+1,2.4000000E-2,2.4000000E-2,1.9800000E-2
0.0000000E+0,5.0000000E-7,-8.0000000E-7,1.0851700E-2,6.4970310E-2,-5.0014500E+1,2.4000000E-2,2.4000000E-2,1.9800000E-2
0.0000000E+0,6.0000000E-7,1.0000000E-7,1.0807400E-2,6.4970310E-2,-5.0014500E+1,2.4000000E-2,2.4000000E-2,1.9800000E-2
0.0000000E+0,-3.0000000E-7,-4.0000000E-7,1.0755700E-2,6.4970310E-2,-5.0014400E+1,2.4000000E-2,2.4000000E-2,1.9800000E-2
0.0000000E+0,-3.0000000E-7,2.0000000E-7,1.0702100E-2,6.4970310E-2,-5.0014400E+1,2.4000000E-2,2.4000000E-2,1.9800000E-2
0.0000000E+0,-1.3000000E-6,1.0000000E-7,1.0655400E-2,6.4970310E-2,-5.0014400E+1,2.4000000E-2,2.4000000E-2,1.9800000E-2
0.0000000E+0,3.0000000E-7,1.0000000E-7,1.0611200E-2,6.4970310E-2,-5.0014400E+1,2.4000000E-2,2.4000000E-2,1.9800000E-2
0.0000000E+0,-3.0000000E-7,6.0000000E-7,1.0553700E-2,6.4970310E-2,-5.0014400E+1,2.4000000E-2,2.4000000E-2,1.9800000E-2
0.0000000E+0,-2.0000000E-7,6.0000000E-7,1.0505300E-2,6.4970310E-2,-5.0014200E+1,2.4000000E-2,2.4000000E-2,1.9800000E-2
0.0000000E+0,-2.0000000E-7,6.0000000E-7,1.0453300E-2,6.4970310E-2,-5.0014500E+1,2.4000000E-2,2.4000000E-2,1.9800000E-2
0.0000000E+0,-4.0000000E-7,-1.0000000E-7,1.0406000E-2,6.4970310E-2,-5.0014700E+1,2.4000000E-2,2.4000000E-2,1.9800000E-2
0.0000000E+0,8.0000000E-7,-1.0000000E-7,1.0360400E-2,6.4970310E-2,-5.0014600E+1,2.4000000E-2,2.4000000E-2,1.9800000E-2
0.0000000E+0,0.0000000E+0,-5.0000000E-7,1.0311000E-2,6.4970310E-2,-5.0014500E+1,2.4000000E-2,2.4000000E-2,1.9800000E-2
0.0000000E+0,7.0000000E-7,3.0000000E-7,1.0254900E-2,6.4970310E-2,-5.0014400E+1,2.4000000E-2,2.4000000E-2,1.9800000E-2
0.0000000E+0,1.0000000E-6,-3.0000000E-7,1.0202800E-2,6.4970310E-2,-5.0015000E+1,2.4000000E-2,2.4000000E-2,1.9800000E-2
0.0000000E+0,7.0000000E-7,-4.0000000E-7,1.0154700E-2,6.4970310E-2,-5.0014800E+1,2.4000000E-2,2.4000000E-2,1.9800000E-2
0.0000000E+0,7.0000000E-7,1.0000000E-7,1.0101800E-2,6.4970310E-2,-5.0014700E+1,2.4000000E-2,2.4000000E-2,1.9800000E-2
0.0000000E+0,2.0000000E-7,1.0000000E-7,1.0052100E-2,6.4970310E-2,-5.0014600E+1,2.4000000E-2,2.4000000E-2,1.9800000E-2
0.0000000E+0,7.0000000E-7,-5.0000000E-7,1.0007400E-2,6.4970310E-2,-5.0014500E+1,2.4000000E-2,2.4000000E-2,1.9800000E-2
0.0000000E+0,7.0000000E-7,-0.0000000E+0,9.9564000E-3,6.4970310E-2,-5.0014700E+1,2.4000000E-2,2.4000000E-2,1.9800000E-2
0.0000000E+0,1.0000000E-7,-1.0000000E-7,9.9158000E-3,6.4970310E-2,-5.0014600E+1,2.4000000E-2,2.4000000E-2,1.9800000E-2
0.0000000E+0,5.0000000E-7,1.0000000E-7,9.8560000E-3,6.4970310E-2,-5.0014500E+1,2.4000000E-2,2.4000000E-2,1.9800000E-2
0.0000000E+0,7.0000000E-7,6.0000000E-7,9.8055000E-3,6.4970310E-2,-5.0014700E+1,2.4000000E-2,2.4000000E-2,1.9800000E-2
0.0000000E+0,-2.0000000E-7,3.0000000E-7,9.7585000E-3,6.4970310E-2,-5.0014700E+1,2.4000000E-2,2.4000000E-2,1.9800000E-2
0.0000000E+0,-1.0000000E-7,-1.1000000E-6,9.7047000E-3,6.4970310E-2,-5.0014100E+1,2.4000000E-2,2.4000000E-2,1.9800000E-2
0.0000000E+0,-5.0000000E-7,1.0000000E-6,9.6546000E-3,6.4970310E-2,-5.0014600E+1,2.4000000E-2,2.4000000E-2,1.9800000E-2
0.0000000E+0,4.0000000E-7,2.0000000E-7,9.6080000E-3,6.4970310E-2,-5.0014600E+1,2.4000000E-2,2.4000000E-2,1.9800000E-2
0.0000000E+0,-1.0000000E-6,-1.0000000E-7,9.5590000E-3,6.4970310E-2,-5.0014500E+1,2.4000000E-2,2.4000000E-2,1.9800000E-2
0.0000000E+0,4.0000000E-7,3.0000000E-7,9.5056000E-3,6.4970310E-2,-5.0014700E+1,2.4000000E-2,2.4000000E-2,1.9800000E-2
0.0000000E+0,-4.0000000E-7,-1.0000000E-7,9.4562000E-3,6.4970310E-2,-5.0014400E+1,2.4000000E-2,2.4000000E-2,1.9800000E-2
0.0000000E+0,0.0000000E+0,-0.0000000E+0,9.4055000E-3,6.4970310E-2,-5.0014500E+1,2.4000000E-2,2.4000000E-2,1.9800000E-2
0.0000000E+0,-3.0000000E-7,-0.0000000E+0,9.3567000E-3,6.4970310E-2,-5.0014400E+1,2.4000000E-2,2.4000000E-2,1.9800000E-2
0.0000000E+0,2.0000000E-7,1.0000000E-7,9.3042000E-3,6.4970310E-2,-5.0014300E+1,2.4000000E-2,2.4000000E-2,1.9800000E-2
0.0000000E+0,-2.0000000E-7,1.0000000E-7,9.2534000E-3,6.4970310E-2,-5.0014300E+1,2.4000000E-2,2.4000000E-2,1.9800000E-2
0.0000000E+0,7.0000000E-7,-5.0000000E-7,9.2056000E-3,6.4970310E-2,-5.0014200E+1,2.4000000E-2,2.4000000E-2,1.9800000E-2
0.0000000E+0,-9.0000000E-7,-8.0000000E-7,9.1526000E-3,6.4970310E-2,-5.0014500E+1,2.4000000E-2,2.4000000E-2,1.9800000E-2
0.0000000E+0,-2.0000000E-7,-3.0000000E-7,9.1078000E-3,6.4970310E-2,-5.0014400E+1,2.4000000E-2,2.4000000E-2,1.9800000E-2
0.0000000E+0,2.0000000E-7,2.0000000E-7,9.0513000E-3,6.4970310E-2,-5.0014400E+1,2.4000000E-2,2.4000000E-2,1.9800000E-2
0.0000000E+0,4.0000000E-7,6.0000000E-7,9.0063000E-3,6.4970310E-2,-5.0014400E+1,2.4000000E-2,2.4000000E-2,1.9800000E-2
0.0000000E+0,-3.0000000E-7,1.0000000E-6,8.9572000E-3,6.4970310E-2,-5.0015000E+1,2.4000000E-2,2.4000000E-2,1.9800000E-2
0.0000000E+0,-2.0000000E-7,3.0000000E-7,8.9053000E-3,6.4970310E-2,-5.0014300E+1,2.4000000E-2,2.4000000E-2,1.9800000E-2
0.0000000E+0,6.0000000E-7,1.0000000E-7,8.8537000E-3,6.4970310E-2,-5.0013900E+1,2.4000000E-2,2.4000000E-2,1.9800000E-2
0.0000000E+0,8.0000000E-7,-2.0000000E-7,8.8096000E-3,6.4970310E-2,-5.0014600E+1,2.4000000E-2,2.4000000E-2,1.9800000E-2
0.0000000E+0,-1.1000000E-6,1.0000000E-7,8.7557000E-3,6.4970310E-2,-5.0014800E+1,2.4000000E-2,2.4000000E-2,1.9800000E-2
0.0000000E+0,-3.0000000E-7,4.0000000E-7,8.7094000E-3,6.4970310E-2,-5.0014500E+1,2.4000000E-2,2.4000000E-2,1.9800000E-2
0.0000000E+0,-9.0000000E-7,-3.0000000E-7,8.6553000E-3,6.4970310E-2,-5.0014400E+1,2.4000000E-2,2.4000000E-2,1.9800000E-2
0.0000000E+0,1.0000000E-7,-6.0000000E-7,8.6034000E-3,6.4970310E-2,-5.0014100E+1,2.4000000E-2,2.4000000E-2,1.9800000E-2
0.0000000E+0,-1.0000000E-7,-0.0000000E+0,8.5573000E-3,6.4970310E-2,-5.0014000E+1,2.4000000E-2,2.4000000E-2,1.9800000E-2
0.0000000E+0,9.0000000E-7,5.0000000E-7,8.5033000E-3,6.4970310E-2,-5.0014400E+1,2.4000000E-2,2.4000000E-2,1.9800000E-2
0.0000000E+0,7.0000000E-7,2.0000000E-7,8.4583000E-3,6.4970310E-2,-5.0014200E+1,2.4000000E-2,2.4000000E-2,1.9800000E-2
0.0000000E+0,4.0000000E-7,2.0000000E-7,8.4047000E-3,6.4970310E-2,-5.0013900E+1,2.4000000E-2,2.4000000E-2,1.9800000E-2
0.0000000E+0,2.0000000E-7,3.0000000E-7,8.3535000E-3,6.4970310E-2,-5.0014300E+1,2.4000000E-2,2.4000000E-2,1.9800000E-2
0.0000000E+0,-1.0000000E-7,4.0000000E-7,8.3041000E-3,6.4970310E-2,-5.0014500E+1,2.4000000E-2,2.4000000E-2,1.9800000E-2
0.0000000E+0,-5.0000000E-7,-2.0000000E-7,8.2529000E-3,6.4970310E-2,-5.0014500E+1,2.4000000E-2,2.4000000E-2,1.9800000E-2
0.0000000E+0,-2.0000000E-7,4.0000000E-7,8.2088000E-3,6.4970310E-2,-5.0014300E+1,2.4000000E-2,2.4000000E-2,1.9800000E-2
0.0000000E+0,5.0000000E-7,-1.0000000E-7,8.1593000E-3,6.4970310E-2,-5.0014500E+1,2.4000000E-2,2.4000000E-2,1.9800000E-2
0.0000000E+0,4.0000000E-7,6.0000000E-7,8.1057000E-3,6.4970310E-2,-5.0014200E+1,2.4000000E-2,2.4000000E-2,1.9800000E-2
0.0000000E+0,-9.0000000E-7,-1.0000000E-6,8.0496000E-3,6.4970310E-2,-5.0014300E+1,2.4000000E-2,2.4000000E-2,1.9800000E-2
0.0000000E+0,-1.0000000E-7,2.0000000E-7,8.0007000E-3,6.4970310E-2,-5.0014400E+1,2.4000000E-2,2.4000000E-2,1.9800000E-2
0.0000000E+0,3.0000000E-7,-4.0000000E-7,7.9526000E-3,6.4970310E-2,-5.0014300E+1,2.4000000E-2,2.4000000E-2,1.9800000E-2
0.0000000E+0,-5.0000000E-7,5.0000000E-7,7.9029000E-3,6.4970310E-2,-5.0014700E+1,2.4000000E-2,2.4000000E-2,1.9800000E-2
0.0000000E+0,-1.0000000E-7,-4.0000000E-7,7.8544000E-3,6.4970310E-2,-5.0014500E+1,2.4000000E-2,2.4000000E-2,1.9800000E-2
0.0000000E+0,-6.0000000E-7,-1.0000000E-7,7.8054000E-3,6.4970310E-2,-5.0014800E+1,2.4000000E-2,2.4000000E-2,1.9800000E-2
0.0000000E+0,1.0000000E-7,1.0000000E-7,7.7513000E-3,6.4970310E-2,-5.0014600E+1,2.4000000E-2,2.4000000E-2,1.9800000E-2
0.0000000E+0,3.0000000E-7,-0.0000000E+0,7.7055000E-3,6.4970310E-2,-5.0014500E+1,2.4000000E-2,2.4000000E-2,1.9800000E-2
0.0000000E+0,7.0000000E-7,4.0000000E-7,7.6569000E-3,6.4970310E-2,-5.0014600E+1,2.4000000E-2,2.4000000E-2,1.9800000E-2
0.0000000E+0,6.0000000E-7,1.0000000E-6,7.6017000E-3,6.4970310E-2,-5.0014900E+1,2.4000000E-2,2.4000000E-2,1.9800000E-2
0.0000000E+0,-3.0000000E-7,3.0000000E-7,7.5579000E-3,6.4970310E-2,-5.0014100E+1,2.4000000E-2,2.4000000E-2,1.9800000E-2
0.0000000E+0,2.0000000E-7,-2.0000000E-7,7.5038000E-3,6.4970310E-2,-5.0014500E+1,2.4000000E-2,2.4000000E-2,1.9800000E-2
0.0000000E+0,-5.0000000E-7,-0.0000000E+0,7.4564000E-3,6.4970310E-2,-5.0014400E+1,2.4000000E-2,2.4000000E-2,1.9800000E-2
0.0000000E+0,-1.0000000E-7,4.0000000E-7,7.4076000E-3,6.4970310E-2,-5.0014600E+1,2.4000000E-2,2.4000000E-2,1.9800000E-2
0.0000000E+0,1.1000000E-6,-0.0000000E+0,7.3582000E-3,6.4970310E-2,-5.0014400E+1,2.4000000E-2,2.4000000E-2,1.9800000E-2
0.0000000E+0,-3.0000000E-7,1.0000000E-7,7.3041000E-3,6.4970310E-2,-5.0014500E+1,2.4000000E-2,2.4000000E-2,1.9800000E-2
0.0000000E+0,1.0000000E-7,4.0000000E-7,7.2554000E-3,6.4970310E-2,-5.0014400E+1,2.4000000E-2,2.4000000E-2,1.9800000E-2
0.0000000E+0,-6.0000000E-7,6.0000000E-7,7.2117000E-3,6.4970310E-2,-5.0014600E+1,2.4000000E-2,2.4000000E-2,1.9800000E-2
0.0000000E+0,3.0000000E-7,2.0000000E-7,7.1539000E-3,6.4970310E-2,-5.0013600E+1,2.4000000E-2,2.4000000E-2,1.9800000E-2
0.0000000E+0,6.0000000E-7,1.0000000E-7,7.1067000E-3,6.4970310E-2,-5.0013700E+1,2.4000000E-2,2.4000000E-2,1.9800000E-2
0.0000000E+0,-4.0000000E-7,-3.0000000E-7,7.0541000E-3,6.4970310E-2,-5.0014300E+1,2.4000000E-2,2.4000000E-2,1.9800000E-2
0.0000000E+0,2.0000000E-7,3.0000000E-7,7.0038000E-3,6.4970310E-2,-5.0014300E+1,2.4000000E-2,2.4000000E-2,1.9800000E-2
0.0000000E+0,6.0000000E-7,-6.0000000E-7,6.9538000E-3,6.4970310E-2,-5.0014300E+1,2.4000000E-2,2.4000000E-2,1.9800000E-2
0.0000000E+0,1.2000000E-6,-2.0000000E-7,6.9037000E-3,6.4970310E-2,-5.0014400E+1,2.4000000E-2,2.4000000E-2,1.9800000E-2
0.0000000E+0,-4.0000000E-7,2.0000000E-7,6.8543000E-3,6.4970310E-2,-5.0014400E+1,2.4000000E-2,2.4000000E-2,1.9800000E-2
0.0000000E+0,1.0000000E-7,2.0000000E-7,6.8099000E-3,6.4970310E-2,-5.0014400E+1,2.4000000E-2,2.4000000E-2,1.9800000E-2
0.0000000E+0,-1.1000000E-6,2.0000000E-7,6.7550000E-3,6.4970310E-2,-5.0014300E+1,2.4000000E-2,2.4000000E-2,1.9800000E-2
0.0000000E+0,0.0000000E+0,-4.0000000E-7,6.7058000E-3,6.4970310E-2,-5.0014300E+1,2.4000000E-2,2.4000000E-2,1.9800000E-2
0.0000000E+0,-0.0000000E+0,2.0000000E-7,6.6572000E-3,6.4970310E-2,-5.0014000E+1,2.4000000E-2,2.4000000E-2,1.9800000E-2
0.0000000E+0,9.0000000E-7,-7.0000000E-7,6.6065000E-3,6.4970310E-2,-5.0014000E+1,2.4000000E-2,2.4000000E-2,1.9800000E-2
0.0000000E+0,-3.0000000E-7,-1.0000000E-7,6.5597000E-3,6.4970310E-2,-5.0014200E+1,2.4000000E-2,2.4000000E-2,1.9800000E-2
0.0000000E+0,1.0000000E-7,-1.0000000E-7,6.5065000E-3,6.4970310E-2,-5.0014100E+1,2.4000000E-2,2.4000000E-2,1.9800000E-2
0.0000000E+0,-2.0000000E-7,-1.0000000E-7,6.4563000E-3,6.4970310E-2,-5.0014100E+1,2.4000000E-2,2.4000000E-2,1.9800000E-2
0.0000000E+0,6.0000000E-7,-5.0000000E-7,6.4084000E-3,6.4970310E-2,-5.0014100E+1,2.4000000E-2,2.4000000E-2,1.9800000E-2
0.0000000E+0,-3.0000000E-7,-1.0000000E-7,6.3550000E-3,6.4970310E-2,-5.0014200E+1,2.4000000E-2,2.4000000E-2,1.9800000E-2
0.0000000E+0,6.0000000E-7,-8.0000000E-7,6.3040000E-3,6.4970310E-2,-5.0014100E+1,2.4000000E-2,2.4000000E-2,1.9800000E-2
0.0000000E+0,1.1000000E-6,2.0000000E-7,6.2504000E-3,6.4970310E-2,-5.0014100E+1,2.4000000E-2,2.4000000E-2,1.9800000E-2
0.0000000E+0,2.0000000E-7,-3.0000000E-7,6.2027000E-3,6.4970310E-2,-5.0014200E+1,2.4000000E-2,2.4000000E-2,1.9800000E-2
0.0000000E+0,-1.7000000E-6,0.0000000E+0,6.1571000E-3,6.4970310E-2,-5.0013900E+1,2.4000000E-2,2.4000000E-2,1.9800000E-2
0.0000000E+0,-1.0000000E-7,-1.0000000E-7,6.1041000E-3,6.4970310E-2,-5.0013800E+1,2.4000000E-2,2.4000000E-2,1.9800000E-2
0.0000000E+0,-1.0000000E-7,5.0000000E-7,6.0585000E-3,6.4970310E-2,-5.0014100E+1,2.4000000E-2,2.4000000E-2,1.9800000E-2
0.0000000E+0,8.0000000E-7,3.0000000E-7,6.0092000E-3,6.4970310E-2,-5.0013800E+1,2.4000000E-2,2.4000000E-2,1.9800000E-2
0.0000000E+0,3.0000000E-7,1.0000000E-7,5.9527000E-3,6.4970310E-2,-5.0013800E+1,2.4000000E-2,2.4000000E-2,1.9800000E-2
0.0000000E+0,2.0000000E-7,7.0000000E-7,5.9066000E-3,6.4970310E-2,-5.0014100E+1,2.4000000E-2,2.4000000E-2,1.9800000E-2
0.0000000E+0,-4.0000000E-7,3.0000000E-7,5.8541000E-3,6.4970310E-2,-5.0013700E+1,2.4000000E-2,2.4000000E-2,1.9800000E-2
0.0000000E+0,-7.0000000E-7,-6.0000000E-7,5.8114000E-3,6.4970310E-2,-5.0014200E+1,2.4000000E-2,2.4000000E-2,1.9800000E-2
0.0000000E+0,-1.0000000E-7,-6.0000000E-7,5.7582000E-3,6.4970310E-2,-5.0013700E+1,2.4000000E-2,2.4000000E-2,1.9800000E-2
0.0000000E+0,6.0000000E-7,-4.0000000E-7,5.7043000E-3,6.4970310E-2,-5.0014200E+1,2.4000000E-2,2.4000000E-2,1.9800000E-2
0.0000000E+0,2.0000000E-7,3.0000000E-7,5.6542000E-3,6.4970310E-2,-5.0014000E+1,2.4000000E-2,2.4000000E-2,1.9800000E-2
0.0000000E+0,9.0000000E-7,-2.0000000E-7,5.6044000E-3,6.4970310E-2,-5.0014100E+1,2.4000000E-2,2.4000000E-2,1.9800000E-2
0.0000000E+0,9.0000000E-7,6.0000000E-7,5.5556000E-3,6.4970310E-2,-5.0014100E+1,2.4000000E-2,2.4000000E-2,1.9800000E-2
0.0000000E+0,-5.0000000E-7,-4.0000000E-7,5.5027000E-3,6.4970310E-2,-5.0014200E+1,2.4000000E-2,2.4000000E-2,1.9800000E-2
0.0000000E+0,-3.0000000E-7,-1.0000000E-7,5.4590000E-3,6.4970310E-2,-5.0014300E+1,2.4000000E-2,2.4000000E-2,1.9800000E-2
0.0000000E+0,1.3000000E-6,-1.0000000E-7,5.4065000E-3,6.4970310E-2,-5.0014000E+1,2.4000000E-2,2.4000000E-2,1.9800000E-2
0.0000000E+0,3.0000000E-7,-4.0000000E-7,5.3613000E-3,6.4970310E-2,-5.0014200E+1,2.4000000E-2,2.4000000E-2,1.9800000E-2
0.0000000E+0,-0.0000000E+0,2.0000000E-7,5.3072000E-3,6.4970310E-2,-5.0014200E+1,2.4000000E-2,2.4000000E-2,1.9800000E-2
0.0000000E+0,-6.0000000E-7,0.0000000E+0,5.2547000E-3,6.4970310E-2,-5.0014700E+1,2.4000000E-2,2.4000000E-2,1.9800000E-2
0.0000000E+0,4.0000000E-7,1.0000000E-7,5.2010000E-3,6.4970310E-2,-5.0014500E+1,2.4000000E-2,2.4000000E-2,1.9800000E-2
0.0000000E+0,-2.0000000E-7,4.0000000E-7,5.1592000E-3,6.4970310E-2,-5.0014400E+1,2.4000000E-2,2.4000000E-2,1.9800000E-2
0.0000000E+0,3.0000000E-7,3.0000000E-7,5.1031000E-3,6.4970310E-2,-5.0014600E+1,2.4000000E-2,2.4000000E-2,1.9800000E-2
0.0000000E+0,5.0000000E-7,2.0000000E-7,5.0530000E-3,6.4970310E-2,-5.0014400E+1,2.4000000E-2,2.4000000E-2,1.9800000E-2
0.0000000E+0,3.0000000E-7,4.0000000E-7,5.0082000E-3,6.4970310E-2,-5.0014500E+1,2.4000000E-2,2.4000000E-2,1.9800000E-2
0.0000000E+0,-2.0000000E-7,-0.0000000E+0,4.9623000E-3,6.4970310E-2,-5.0014100E+1,2.4000000E-2,2.4000000E-2,1.9800000E-2
0.0000000E+0,-0.0000000E+0,4.0000000E-7,4.9090000E-3,6.4970310E-2,-5.0014200E+1,2.4000000E-2,2.4000000E-2,1.9800000E-2
0.0000000E+0,-2.0000000E-7,4.0000000E-7,4.8535000E-3,6.4970310E-2,-5.0014500E+1,2.4000000E-2,2.4000000E-2,1.9800000E-2
0.0000000E+0,-1.0000000E-7,1.1000000E-6,4.8054000E-3,6.4970310E-2,-5.0014300E+1,2.4000000E-2,2.4000000E-2,1.9800000E-2
0.0000000E+0,-3.0000000E-7,2.0000000E-7,4.7467000E-3,6.4970310E-2,-5.0014300E+1,2.4000000E-2,2.4000000E-2,1.9800000E-2
0.0000000E+0,-5.0000000E-7,-2.0000000E-7,4.7039000E-3,6.4970310E-2,-5.0014400E+1,2.4000000E-2,2.4000000E-2,1.9800000E-2
0.0000000E+0,-1.0000000E-7,6.0000000E-7,4.6570000E-3,6.4970310E-2,-5.0014300E+1,2.4000000E-2,2.4000000E-2,1.9800000E-2
0.0000000E+0,-0.0000000E+0,6.0000000E-7,4.6093000E-3,6.4970310E-2,-5.0014400E+1,2.4000000E-2,2.4000000E-2,1.9800000E-2
0.0000000E+0,7.0000000E-7,2.0000000E-7,4.5521000E-3,6.4970310E-2,-5.0014300E+1,2.4000000E-2,2.4000000E-2,1.9800000E-2
0.0000000E+0,-4.0000000E-7,-4.0000000E-7,4.5047000E-3,6.4970310E-2,-5.0014300E+1,2.4000000E-2,2.4000000E-2,1.9800000E-2
0.0000000E+0,5.0000000E-7,-5.0000000E-7,4.4566000E-3,6.4970310E-2,-5.0014000E+1,2.4000000E-2,2.4000000E-2,1.9800000E-2
0.0000000E+0,-2.0000000E-7,-9.0000000E-7,4.4065000E-3,6.4970310E-2,-5.0014600E+1,2.4000000E-2,2.4000000E-2,1.9800000E-2
0.0000000E+0,1.0000000E-7,-1.0000000E-7,4.3542000E-3,6.4970310E-2,-5.0014700E+1,2.4000000E-2,2.4000000E-2,1.9800000E-2
0.0000000E+0,4.0000000E-7,-1.0000000E-7,4.3084000E-3,6.4970310E-2,-5.0014100E+1,2.4000000E-2,2.4000000E-2,1.9800000E-2
0.0000000E+0,5.0000000E-7,-1.0000000E-7,4.2548000E-3,6.4970310E-2,-5.0014200E+1,2.4000000E-2,2.4000000E-2,1.9800000E-2
0.0000000E+0,-1.0000000E-7,2.0000000E-7,4.2075000E-3,6.4970310E-2,-5.0014500E+1,2.4000000E-2,2.4000000E-2,1.9800000E-2
0.0000000E+0,-3.0000000E-7,1.0000000E-6,4.1519000E-3,6.4970310E-2,-5.0014300E+1,2.4000000E-2,2.4000000E-2,1.9800000E-2
0.0000000E+0,-4.0000000E-7,-0.0000000E+0,4.1027000E-3,6.4970310E-2,-5.0014100E+1,2.4000000E-2,2.4000000E-2,1.9800000E-2
0.0000000E+0,2.0000000E-7,9.0000000E-7,4.0549000E-3,6.4970310E-2,-5.0014000E+1,2.4000000E-2,2.4000000E-2,1.9800000E-2
0.0000000E+0,1.0000000E-7,-1.0000000E-7,4.0114000E-3,6.4970310E-2,-5.0014700E+1,2.4000000E-2,2.4000000E-2,1.9800000E-2
0.0000000E+0,-4.0000000E-7,-8.0000000E-7,3.9542000E-3,6.4970310E-2,-5.0014000E+1,2.4000000E-2,2.4000000E-2,1.9800000E-2
0.0000000E+0,-1.0000000E-7,-5.0000000E-7,3.9042000E-3,6.4970310E-2,-5.0014300E+1,2.4000000E-2,2.4000000E-2,1.9800000E-2
0.0000000E+0,6.0000000E-7,1.0000000E-7,3.8549000E-3,6.4970310E-2,-5.0013900E+1,2.4000000E-2,2.4000000E-2,1.9800000E-2
0.0000000E+0,-1.1000000E-6,-6.0000000E-7,3.8057000E-3,6.4970310E-2,-5.0013900E+1,2.4000000E-2,2.4000000E-2,1.9800000E-2
0.0000000E+0,8.0000000E-7,-0.0000000E+0,3.7550000E-3,6.4970310E-2,-5.0014100E+1,2.4000000E-2,2.4000000E-2,1.9800000E-2
0.0000000E+0,1.0000000E-7,5.0000000E-7,3.7031000E-3,6.4970310E-2,-5.0014300E+1,2.4000000E-2,2.4000000E-2,1.9800000E-2
0.0000000E+0,5.0000000E-7,-2.0000000E-7,3.6513000E-3,6.4970310E-2,-5.0014400E+1,2.4000000E-2,2.4000000E-2,1.9800000E-2
0.0000000E+0,0.0000000E+0,6.0000000E-7,3.6129000E-3,6.4970310E-2,-5.0014300E+1,2.4000000E-2,2.4000000E-2,1.9800000E-2
0.0000000E+0,1.0000000E-7,-4.0000000E-7,3.5525000E-3,6.4970310E-2,-5.0014400E+1,2.4000000E-2,2.4000000E-2,1.9800000E-2
0.0000000E+0,-2.0000000E-7,-1.0000000E-7,3.5086000E-3,6.4970310E-2,-5.0014300E+1,2.4000000E-2,2.4000000E-2,1.9800000E-2
0.0000000E+0,-1.0000000E-7,1.0000000E-7,3.4519000E-3,6.4970310E-2,-5.0014300E+1,2.4000000E-2,2.4000000E-2,1.9800000E-2
0.0000000E+0,7.0000000E-7,-0.0000000E+0,3.3986000E-3,6.4970310E-2,-5.0014400E+1,2.4000000E-2,2.4000000E-2,1.9800000E-2
0.0000000E+0,-7.0000000E-7,-7.0000000E-7,3.3565000E-3,6.4970310E-2,-5.0014300E+1,2.4000000E-2,2.4000000E-2,1.9800000E-2
0.0000000E+0,-3.0000000E-7,-9.0000000E-7,3.3056000E-3,6.4970310E-2,-5.0014200E+1,2.4000000E-2,2.4000000E-2,1.9800000E-2
0.0000000E+0,1.0000000E-7,-4.0000000E-7,3.2604000E-3,6.4970310E-2,-5.0014400E+1,2.4000000E-2,2.4000000E-2,1.9800000E-2
0.0000000E+0,2.0000000E-7,-8.0000000E-7,3.2041000E-3,6.4970310E-2,-5.0014300E+1,2.4000000E-2,2.4000000E-2,1.9800000E-2
0.0000000E+0,5.0000000E-7,3.0000000E-7,3.1511000E-3,6.4970310E-2,-5.0014000E+1,2.4000000E-2,2.4000000E-2,1.9800000E-2
0.0000000E+0,-3.0000000E-7,-5.0000000E-7,3.1052000E-3,6.4970310E-2,-5.0013900E+1,2.4000000E-2,2.4000000E-2,1.9800000E-2
0.0000000E+0,5.0000000E-7,1.0000000E-7,3.0541000E-3,6.4970310E-2,-5.0013700E+1,2.4000000E-2,2.4000000E-2,1.9800000E-2
0.0000000E+0,6.0000000E-7,-0.0000000E+0,3.0046000E-3,6.4970310E-2,-5.0013800E+1,2.4000000E-2,2.4000000E-2,1.9800000E-2
0.0000000E+0,-1.1000000E-6,3.0000000E-7,2.9585000E-3,6.4970310E-2,-5.0013900E+1,2.4000000E-2,2.4000000E-2,1.9800000E-2
0.0000000E+0,3.0000000E-7,-2.0000000E-7,2.9056000E-3,6.4970310E-2,-5.0013900E+1,2.4000000E-2,2.4000000E-2,1.9800000E-2
0.0000000E+0,1.0000000E-6,0.0000000E+0,2.8553000E-3,6.4970310E-2,-5.0013800E+1,2.4000000E-2,2.4000000E-2,1.9800000E-2
0.0000000E+0,8.0000000E-7,-4.0000000E-7,2.8100000E-3,6.4970310E-2,-5.0014100E+1,2.4000000E-2,2.4000000E-2,1.9800000E-2
0.0000000E+0,0.0000000E+0,-2.0000000E-7,2.7578000E-3,6.4970310E-2,-5.0014000E+1,2.4000000E-2,2.4000000E-2,1.9800000E-2
0.0000000E+0,-6.0000000E-7,-4.0000000E-7,2.7046000E-3,6.4970310E-2,-5.0014100E+1,2.4000000E-2,2.4000000E-2,1.9800000E-2
0.0000000E+0,4.0000000E-7,5.0000000E-7,2.6569000E-3,6.4970310E-2,-5.0014100E+1,2.4000000E-2,2.4000000E-2,1.9800000E-2
0.0000000E+0,-7.0000000E-7,-2.0000000E-7,2.6042000E-3,6.4970310E-2,-5.0014400E+1,2.4000000E-2,2.4000000E-2,1.9800000E-2
0.0000000E+0,4.0000000E-7,3.0000000E-7,2.5578000E-3,6.4970310E-2,-5.0014200E+1,2.4000000E-2,2.4000000E-2,1.9800000E-2
0.0000000E+0,7.0000000E-7,-4.0000000E-7,2.5067000E-3,6.4970310E-2,-5.0014200E+1,2.4000000E-2,2.4000000E-2,1.9800000E-2
0.0000000E+0,-4.0000000E-7,6.0000000E-7,2.4508000E-3,6.4970310E-2,-5.0014500E+1,2.4000000E-2,2.4000000E-2,1.9800000E-2
0.0000000E+0,4.0000000E-7,0.0000000E+0,2.4087000E-3,6.4970310E-2,-5.0014200E+1,2.4000000E-2,2.4000000E-2,1.9800000E-2
0.0000000E+0,-4.0000000E-7,3.0000000E-7,2.3553000E-3,6.4970310E-2,-5.0013900E+1,2.4000000E-2,2.4000000E-2,1.9800000E-2
0.0000000E+0,7.0000000E-7,5.0000000E-7,2.3127000E-3,6.4970310E-2,-5.0014100E+1,2.4000000E-2,2.4000000E-2,1.9800000E-2
0.0000000E+0,3.0000000E-7,-2.0000000E-7,2.2512000E-3,6.4970310E-2,-5.0014100E+1,2.4000000E-2,2.4000000E-2,1.9800000E-2
0.0000000E+0,-2.0000000E-7,2.0000000E-7,2.2084000E-3,6.4970310E-2,-5.0014200E+1,2.4000000E-2,2.4000000E-2,1.9800000E-2
0.0000000E+0,5.0000000E-7,-3.0000000E-7,2.1556000E-3,6.4970310E-2,-5.0014400E+1,2.4000000E-2,2.4000000E-2,1.9800000E-2
0.0000000E+0,0.0000000E+0,-3.0000000E-7,2.1049000E-3,6.4970310E-2,-5.0014200E+1,2.4000000E-2,2.4000000E-2,1.9800000E-2
0.0000000E+0,0.0000000E+0,-3.0000000E-7,2.0554000E-3,6.4970310E-2,-5.0014500E+1,2.4000000E-2,2.4000000E-2,1.9800000E-2
0.0000000E+0,-2.0000000E-7,-0.0000000E+0,2.0005000E-3,6.4970310E-2,-5.0014000E+1,2.4000000E-2,2.4000000E-2,1.9800000E-2
0.0000000E+0,-8.0000000E-7,-5.0000000E-7,1.9600000E-3,6.4970310E-2,-5.0014200E+1,2.4000000E-2,2.4000000E-2,1.9800000E-2
0.0000000E+0,5.0000000E-7,-5.0000000E-7,1.9098000E-3,6.4970310E-2,-5.0014200E+1,2.4000000E-2,2.4000000E-2,1.9800000E-2
0.0000000E+0,4.0000000E-7,-2.0000000E-7,1.8505000E-3,6.4970310E-2,-5.0014300E+1,2.4000000E-2,2.4000000E-2,1.9800000E-2
0.0000000E+0,-6.0000000E-7,-6.0000000E-7,1.8068000E-3,6.4970310E-2,-5.0014400E+1,2.4000000E-2,2.4000000E-2,1.9800000E-2
0.0000000E+0,4.0000000E-7,1.0000000E-7,1.7527000E-3,6.4970310E-2,-5.0014300E+1,2.4000000E-2,2.4000000E-2,1.9800000E-2
0.0000000E+0,6.0000000E-7,-7.0000000E-7,1.7000000E-3,6.4970310E-2,-5.0013700E+1,2.4000000E-2,2.4000000E-2,1.9800000E-2
0.0000000E+0,-6.0000000E-7,2.0000000E-7,1.6568000E-3,6.4970310E-2,-5.0014200E+1,2.4000000E-2,2.4000000E-2,1.9800000E-2
0.0000000E+0,0.0000000E+0,-2.0000000E-7,1.6040000E-3,6.4970310E-2,-5.0014100E+1,2.4000000E-2,2.4000000E-2,1.9800000E-2
0.0000000E+0,-1.0000000E-7,7.0000000E-7,1.5597000E-3,6.4970310E-2,-5.0014300E+1,2.4000000E-2,2.4000000E-2,1.9800000E-2
0.0000000E+0,2.0000000E-7,-6.0000000E-7,1.5034000E-3,6.4970310E-2,-5.0014100E+1,2.4000000E-2,2.4000000E-2,1.9800000E-2
0.0000000E+0,2.0000000E-7,1.0000000E-7,1.4502000E-3,6.4970310E-2,-5.0014100E+1,2.4000000E-2,2.4000000E-2,1.9800000E-2
0.0000000E+0,-1.1000000E-6,-3.0000000E-7,1.4097000E-3,6.4970310E-2,-5.0014500E+1,2.4000000E-2,2.4000000E-2,1.9800000E-2
0.0000000E+0,-2.0000000E-7,4.0000000E-7,1.3560000E-3,6.4970310E-2,-5.0014500E+1,2.4000000E-2,2.4000000E-2,1.9800000E-2
0.0000000E+0,5.0000000E-7,6.0000000E-7,1.3051000E-3,6.4970310E-2,-5.0014600E+1,2.4000000E-2,2.4000000E-2,1.9800000E-2
0.0000000E+0,4.0000000E-7,-5.0000000E-7,1.2614000E-3,6.4970310E-2,-5.0014400E+1,2.4000000E-2,2.4000000E-2,1.9800000E-2
0.0000000E+0,-5.0000000E-7,4.0000000E-7,1.2076000E-3,6.4970310E-2,-5.0014300E+1,2.4000000E-2,2.4000000E-2,1.9800000E-2
0.0000000E+0,8.0000000E-7,-3.0000000E-7,1.1584000E-3,6.4970310E-2,-5.0013900E+1,2.4000000E-2,2.4000000E-2,1.9800000E-2
0.0000000E+0,-3.0000000E-7,3.0000000E-7,1.1072000E-3,6.4970310E-2,-5.0014500E+1,2.4000000E-2,2.4000000E-2,1.9800000E-2
0.0000000E+0,8.0000000E-7,4.0000000E-7,1.0556000E-3,6.4970310E-2,-5.0014100E+1,2.4000000E-2,2.4000000E-2,1.9800000E-2
0.0000000E+0,-2.0000000E-7,-7.0000000E-7,1.0075000E-3,6.4970310E-2,-5.0014400E+1,2.4000000E-2,2.4000000E-2,1.9800000E-2
0.0000000E+0,3.0000000E-7,-2.0000000E-7,9.5870000E-4,6.4970310E-2,-5.0014600E+1,2.4000000E-2,2.4000000E-2,1.9800000E-2
0.0000000E+0,5.0000000E-7,7.0000000E-7,9.0930000E-4,6.4970310E-2,-5.0014600E+1,2.4000000E-2,2.4000000E-2,1.9800000E-2
0.0000000E+0,1.0000000E-7,-2.0000000E-7,8.5140000E-4,6.4970310E-2,-5.0014400E+1,2.4000000E-2,2.4000000E-2,1.9800000E-2
0.0000000E+0,-8.0000000E-7,-3.0000000E-7,8.0200000E-4,6.4970310E-2,-5.0014400E+1,2.4000000E-2,2.4000000E-2,1.9800000E-2
0.0000000E+0,-2.0000000E-7,1.0000000E-7,7.6300000E-4,6.4970310E-2,-5.0014200E+1,2.4000000E-2,2.4000000E-2,1.9800000E-2
0.0000000E+0,8.0000000E-7,-2.0000000E-7,7.0720000E-4,6.4970310E-2,-5.0014500E+1,2.4000000E-2,2.4000000E-2,1.9800000E-2
0.0000000E+0,1.0000000E-7,-1.0000000E-7,6.5370000E-4,6.4970310E-2,-5.0014400E+1,2.4000000E-2,2.4000000E-2,1.9800000E-2
0.0000000E+0,-6.0000000E-7,-8.0000000E-7,6.0240000E-4,6.4970310E-2,-5.0014400E+1,2.4000000E-2,2.4000000E-2,1.9800000E-2
0.0000000E+0,-1.0000000E-7,-6.0000000E-7,5.5830000E-4,6.4970310E-2,-5.0014100E+1,2.4000000E-2,2.4000000E-2,1.9800000E-2
0.0000000E+0,-3.0000000E-7,-5.0000000E-7,5.0510000E-4,6.4970310E-2,-5.0014600E+1,2.4000000E-2,2.4000000E-2,1.9800000E-2
0.0000000E+0,6.0000000E-7,-6.0000000E-7,4.5850000E-4,6.4970310E-2,-5.0014200E+1,2.4000000E-2,2.4000000E-2,1.9800000E-2
0.0000000E+0,9.0000000E-7,3.0000000E-7,3.9940000E-4,6.4970310E-2,-5.0014400E+1,2.4000000E-2,2.4000000E-2,1.9800000E-2
0.0000000E+0,-3.0000000E-7,-0.0000000E+0,3.5190000E-4,6.4970310E-2,-5.0014300E+1,2.4000000E-2,2.4000000E-2,1.9800000E-2
0.0000000E+0,4.0000000E-7,-3.0000000E-7,3.0690000E-4,6.4970310E-2,-5.0014300E+1,2.4000000E-2,2.4000000E-2,1.9800000E-2
0.0000000E+0,-6.0000000E-7,-4.0000000E-7,2.5800000E-4,6.4970310E-2,-5.0014300E+1,2.4000000E-2,2.4000000E-2,1.9800000E-2
0.0000000E+0,-6.0000000E-7,0.0000000E+0,2.0610000E-4,6.4970310E-2,-5.0014100E+1,2.4000000E-2,2.4000000E-2,1.9800000E-2
0.0000000E+0,0.0000000E+0,-3.0000000E-7,1.5250000E-4,6.4970310E-2,-5.0014200E+1,2.4000000E-2,2.4000000E-2,1.9800000E-2
0.0000000E+0,0.0000000E+0,-8.0000000E-7,1.0260000E-4,6.4970310E-2,-5.0013900E+1,2.4000000E-2,2.4000000E-2,1.9800000E-2
0.0000000E+0,-1.0000000E-7,-5.0000000E-7,5.7900000E-5,6.4970310E-2,-5.0014400E+1,2.4000000E-2,2.4000000E-2,1.9800000E-2
0.0000000E+0,4.0000000E-7,-0.0000000E+0,2.0000000E-7,6.4970310E-2,-5.0014500E+1,2.4000000E-2,2.4000000E-2,1.9800000E-2
0.0000000E+0,-0.0000000E+0,1.0000000E-6,-4.9200000E-5,6.4970310E-2,-5.0014200E+1,2.4000000E-2,2.4000000E-2,1.9800000E-2
0.0000000E+0,2.0000000E-7,2.0000000E-7,-9.7300000E-5,6.4970310E-2,-5.0014400E+1,2.4000000E-2,2.4000000E-2,1.9800000E-2
0.0000000E+0,1.0000000E-7,-1.0000000E-7,-1.4210000E-4,6.4970310E-2,-5.0014800E+1,2.4000000E-2,2.4000000E-2,1.9800000E-2
0.0000000E+0,2.0000000E-7,1.0000000E-7,-1.9370000E-4,6.4970310E-2,-5.0014700E+1,2.4000000E-2,2.4000000E-2,1.9800000E-2
0.0000000E+0,-3.0000000E-7,-1.1000000E-6,-2.4470000E-4,6.4970310E-2,-5.0014800E+1,2.4000000E-2,2.4000000E-2,1.9800000E-2
0.0000000E+0,-1.0000000E-7,-1.0000000E-7,-2.9450000E-4,6.4970310E-2,-5.0014900E+1,2.4000000E-2,2.4000000E-2,1.9800000E-2
0.0000000E+0,-3.0000000E-7,5.0000000E-7,-3.4020000E-4,6.4970310E-2,-5.0014400E+1,2.4000000E-2,2.4000000E-2,1.9800000E-2
0.0000000E+0,2.0000000E-7,-1.0000000E-7,-3.9630000E-4,6.4970310E-2,-5.0014500E+1,2.4000000E-2,2.4000000E-2,1.9800000E-2
0.0000000E+0,8.0000000E-7,3.0000000E-7,-4.4280000E-4,6.4970310E-2,-5.0014400E+1,2.4000000E-2,2.4000000E-2,1.9800000E-2
0.0000000E+0,2.0000000E-7,-5.0000000E-7,-4.9310000E-4,6.4970310E-2,-5.0014800E+1,2.4000000E-2,2.4000000E-2,1.9800000E-2
0.0000000E+0,1.1000000E-6,-4.0000000E-7,-5.4450000E-4,6.4970310E-2,-5.0014600E+1,2.4000000E-2,2.4000000E-2,1.9800000E-2
0.0000000E+0,-3.0000000E-7,-1.0000000E-7,-5.9530000E-4,6.4970310E-2,-5.0014500E+1,2.4000000E-2,2.4000000E-2,1.9800000E-2
0.0000000E+0,1.0000000E-7,1.0000000E-7,-6.4600000E-4,6.4970310E-2,-5.0014400E+1,2.4000000E-2,2.4000000E-2,1.9800000E-2
0.0000000E+0,2.0000000E-7,-1.0000000E-7,-6.9650000E-4,6.4970310E-2,-5.0014900E+1,2.4000000E-2,2.4000000E-2,1.9800000E-2
0.0000000E+0,5.0000000E-7,-3.0000000E-7,-7.4220000E-4,6.4970310E-2,-5.0014700E+1,2.4000000E-2,2.4000000E-2,1.9800000E-2
0.0000000E+0,-6.0000000E-7,5.0000000E-7,-7.9110000E-4,6.4970310E-2,-5.0014600E+1,2.4000000E-2,2.4000000E-2,1.9800000E-2
0.0000000E+0,1.0000000E-7,5.0000000E-7,-8.4650000E-4,6.4970310E-2,-5.0014400E+1,2.4000000E-2,2.4000000E-2,1.9800000E-2
0.0000000E+0,1.0000000E-6,0.0000000E+0,-8.8930000E-4,6.4970310E-2,-5.0014600E+1,2.4000000E-2,2.4000000E-2,1.9800000E-2
0.0000000E+0,-2.0000000E-7,-4.0000000E-7,-9.5000000E-4,6.4970310E-2,-5.0014900E+1,2.4000000E-2,2.4000000E-2,1.9800000E-2
0.0000000E+0,-2.0000000E-7,6.0000000E-7,-9.9410000E-4,6.4970310E-2,-5.0014200E+1,2.4000000E-2,2.4000000E-2,1.9800000E-2
0.0000000E+0,-2.0000000E-7,1.0000000E-7,-1.0485000E-3,6.4970310E-2,-5.0014500E+1,2.4000000E-2,2.4000000E-2,1.9800000E-2
0.0000000E+0,-1.0000000E-7,9.0000000E-7,-1.0905000E-3,6.4970310E-2,-5.0014700E+1,2.4000000E-2,2.4000000E-2,1.9800000E-2
0.0000000E+0,-7.0000000E-7,1.0000000E-7,-1.1417000E-3,6.4970310E-2,-5.0014700E+1,2.4000000E-2,2.4000000E-2,1.9800000E-2
0.0000000E+0,2.0000000E-7,9.0000000E-7,-1.1941000E-3,6.4970310E-2,-5.0014200E+1,2.4000000E-2,2.4000000E-2,1.9800000E-2
0.0000000E+0,1.0000000E-7,6.0000000E-7,-1.2262000E-3,6.4970310E-2,-5.0014500E+1,2.4000000E-2,2.4000000E-2,1.9800000E-2
0.0000000E+0,2.0000000E-7,-3.0000000E-7,-1.2876000E-3,6.4970310E-2,-5.0014400E+1,2.4000000E-2,2.4000000E-2,1.9800000E-2
0.0000000E+0,-1.0000000E-7,-8.0000000E-7,-1.3498000E-3,6.4970310E-2,-5.0014400E+1,2.4000000E-2,2.4000000E-2,1.9800000E-2
0.0000000E+0,1.2000000E-6,-5.0000000E-7,-1.3971000E-3,6.4970310E-2,-5.0014300E+1,2.4000000E-2,2.4000000E-2,1.9800000E-2
0.0000000E+0,8.0000000E-7,-0.0000000E+0,-1.4376000E-3,6.4970310E-2,-5.0014100E+1,2.4000000E-2,2.4000000E-2,1.9800000E-2
0.0000000E+0,3.0000000E-7,8.0000000E-7,-1.4883000E-3,6.4970310E-2,-5.0014400E+1,2.4000000E-2,2.4000000E-2,1.9800000E-2
0.0000000E+0,-0.0000000E+0,2.0000000E-7,-1.5340000E-3,6.4970310E-2,-5.0014500E+1,2.4000000E-2,2.4000000E-2,1.9800000E-2
0.0000000E+0,-1.3000000E-6,-0.0000000E+0,-1.6005000E-3,6.4970310E-2,-5.0014600E+1,2.4000000E-2,2.4000000E-2,1.9800000E-2
0.0000000E+0,-2.0000000E-7,6.0000000E-7,-1.6428000E-3,6.4970310E-2,-5.0014400E+1,2.4000000E-2,2.4000000E-2,1.9800000E-2
0.0000000E+0,-2.0000000E-7,-4.0000000E-7,-1.6984000E-3,6.4970310E-2,-5.0014400E+1,2.4000000E-2,2.4000000E-2,1.9800000E-2
0.0000000E+0,-0.0000000E+0,-2.0000000E-7,-1.7297000E-3,6.4970310E-2,-5.0015200E+1,2.4000000E-2,2.4000000E-2,1.9800000E-2
0.0000000E+0,2.0000000E-7,-2.0000000E-7,-1.7837000E-3,6.4970310E-2,-5.0014900E+1,2.4000000E-2,2.4000000E-2,1.9800000E-2
0.0000000E+0,1.0000000E-7,1.0000000E-7,-1.8385000E-3,6.4970310E-2,-5.0014800E+1,2.4000000E-2,2.4000000E-2,1.9800000E-2
0.0000000E+0,0.0000000E+0,6.0000000E-7,-1.8992000E-3,6.4970310E-2,-5.0014400E+1,2.4000000E-2,2.4000000E-2,1.9800000E-2
0.0000000E+0,-0.0000000E+0,6.0000000E-7,-1.9480000E-3,6.4970310E-2,-5.0014700E+1,2.4000000E-2,2.4000000E-2,1.9800000E-2
0.0000000E+0,-0.0000000E+0,-4.0000000E-7,-1.9919000E-3,6.4970310E-2,-5.0014500E+1,2.4000000E-2,2.4000000E-2,1.9800000E-2
0.0000000E+0,5.0000000E-7,2.0000000E-7,-2.0415000E-3,6.4970310E-2,-5.0014900E+1,2.4000000E-2,2.4000000E-2,1.9800000E-2
0.0000000E+0,7.0000000E-7,2.0000000E-7,-2.0987000E-3,6.4970310E-2,-5.0014700E+1,2.4000000E-2,2.4000000E-2,1.9800000E-2
0.0000000E+0,5.0000000E-7,1.4000000E-6,-2.1536000E-3,6.4970310E-2,-5.0015100E+1,2.4000000E-2,2.4000000E-2,1.9800000E-2
0.0000000E+0,-1.1000000E-6,-0.0000000E+0,-2.1926000E-3,6.4970310E-2,-5.0014700E+1,2.4000000E-2,2.4000000E-2,1.9800000E-2
0.0000000E+0,-1.1000000E-6,-4.0000000E-7,-2.2447000E-3,6.4970310E-2,-5.0014600E+1,2.4000000E-2,2.4000000E-2,1.9800000E-2
0.0000000E+0,2.0000000E-7,2.0000000E-7,-2.2944000E-3,6.4970310E-2,-5.0014400E+1,2.4000000E-2,2.4000000E-2,1.9800000E-2
0.0000000E+0,-5.0000000E-7,2.0000000E-7,-2.3394000E-3,6.4970310E-2,-5.0014400E+1,2.4000000E-2,2.4000000E-2,1.9800000E-2
0.0000000E+0,7.0000000E-7,0.0000000E+0,-2.4012000E-3,6.4970310E-2,-5.0014100E+1,2.4000000E-2,2.4000000E-2,1.9800000E-2
0.0000000E+0,-1.0000000E-7,3.0000000E-7,-2.4517000E-3,6.4970310E-2,-5.0014100E+1,2.4000000E-2,2.4000000E-2,1.9800000E-2
0.0000000E+0,5.0000000E-7,-4.0000000E-7,-2.4985000E-3,6.4970310E-2,-5.0014700E+1,2.4000000E-2,2.4000000E-2,1.9800000E-2
0.0000000E+0,1.0000000E-7,7.0000000E-7,-2.5437000E-3,6.4970310E-2,-5.0014500E+1,2.4000000E-2,2.4000000E-2,1.9800000E-2
0.0000000E+0,0.0000000E+0,6.0000000E-7,-2.5958000E-3,6.4970310E-2,-5.0014800E+1,2.4000000E-2,2.4000000E-2,1.9800000E-2
0.0000000E+0,-1.0000000E-7,-4.0000000E-7,-2.6429000E-3,6.4970310E-2,-5.0014700E+1,2.4000000E-2,2.4000000E-2,1.9800000E-2
0.0000000E+0,-2.0000000E-7,2.0000000E-7,-2.6979000E-3,6.4970310E-2,-5.0014800E+1,2.4000000E-2,2.4000000E-2,1.9800000E-2
0.0000000E+0,7.0000000E-7,3.0000000E-7,-2.7444000E-3,6.4970310E-2,-5.0014600E+1,2.4000000E-2,2.4000000E-2,1.9800000E-2
0.0000000E+0,-2.0000000E-7,-6.0000000E-7,-2.7936000E-3,6.4970310E-2,-5.0014400E+1,2.4000000E-2,2.4000000E-2,1.9800000E-2
0.0000000E+0,4.0000000E-7,3.0000000E-7,-2.8433000E-3,6.4970310E-2,-5.0014000E+1,2.4000000E-2,2.4000000E-2,1.9800000E-2
0.0000000E+0,-3.0000000E-7,1.0000000E-7,-2.8914000E-3,6.4970310E-2,-5.0014500E+1,2.4000000E-2,2.4000000E-2,1.9800000E-2
0.0000000E+0,-9.0000000E-7,-3.0000000E-7,-2.9373000E-3,6.4970310E-2,-5.0014100E+1,2.4000000E-2,2.4000000E-2,1.9800000E-2
0.0000000E+0,6.0000000E-7,1.0000000E-7,-2.9951000E-3,6.4970310E-2,-5.0014300E+1,2.4000000E-2,2.4000000E-2,1.9800000E-2
0.0000000E+0,-4.0000000E-7,-2.0000000E-7,-3.0416000E-3,6.4970310E-2,-5.0014300E+1,2.4000000E-2,2.4000000E-2,1.9800000E-2
0.0000000E+0,9.0000000E-7,-3.0000000E-7,-3.0928000E-3,6.4970310E-2,-5.0014500E+1,2.4000000E-2,2.4000000E-2,1.9800000E-2
0.0000000E+0,0.0000000E+0,3.0000000E-7,-3.1389000E-3,6.4970310E-2,-5.0014400E+1,2.4000000E-2,2.4000000E-2,1.9800000E-2
0.0000000E+0,4.0000000E-7,2.0000000E-7,-3.1954000E-3,6.4970310E-2,-5.0014400E+1,2.4000000E-2,2.4000000E-2,1.9800000E-2
0.0000000E+0,3.0000000E-7,4.0000000E-7,-3.2437000E-3,6.4970310E-2,-5.0014300E+1,2.4000000E-2,2.4000000E-2,1.9800000E-2
0.0000000E+0,1.0000000E-6,1.0000000E-7,-3.2994000E-3,6.4970310E-2,-5.0014200E+1,2.4000000E-2,2.4000000E-2,1.9800000E-2
0.0000000E+0,6.0000000E-7,1.0000000E-7,-3.3452000E-3,6.4970310E-2,-5.0014300E+1,2.4000000E-2,2.4000000E-2,1.9800000E-2
0.0000000E+0,1.0000000E-7,-5.0000000E-7,-3.3969000E-3,6.4970310E-2,-5.0014000E+1,2.4000000E-2,2.4000000E-2,1.9800000E-2
0.0000000E+0,2.0000000E-7,5.0000000E-7,-3.4436000E-3,6.4970310E-2,-5.0014200E+1,2.4000000E-2,2.4000000E-2,1.9800000E-2
0.0000000E+0,-1.4000000E-6,-3.0000000E-7,-3.4991000E-3,6.4970310E-2,-5.0014200E+1,2.4000000E-2,2.4000000E-2,1.9800000E-2
0.0000000E+0,1.0000000E-7,-2.0000000E-7,-3.5414000E-3,6.4970310E-2,-5.0014200E+1,2.4000000E-2,2.4000000E-2,1.9800000E-2
0.0000000E+0,-5.0000000E-7,-5.0000000E-7,-3.5910000E-3,6.4970310E-2,-5.0014000E+1,2.4000000E-2,2.4000000E-2,1.9800000E-2
0.0000000E+0,4.0000000E-7,7.0000000E-7,-3.6491000E-3,6.4970310E-2,-5.0014300E+1,2.4000000E-2,2.4000000E-2,1.9800000E-2
0.0000000E+0,8.0000000E-7,-3.0000000E-7,-3.6972000E-3,6.4970310E-2,-5.0014300E+1,2.4000000E-2,2.4000000E-2,1.9800000E-2
0.0000000E+0,-8.0000000E-7,0.0000000E+0,-3.7453000E-3,6.4970310E-2,-5.0014100E+1,2.4000000E-2,2.4000000E-2,1.9800000E-2
0.0000000E+0,-1.0000000E-7,-6.0000000E-7,-3.7934000E-3,6.4970310E-2,-5.0014500E+1,2.4000000E-2,2.4000000E-2,1.9800000E-2
0.0000000E+0,4.0000000E-7,-1.0000000E-7,-3.8410000E-3,6.4970310E-2,-5.0014400E+1,2.4000000E-2,2.4000000E-2,1.9800000E-2
0.0000000E+0,3.0000000E-7,0.0000000E+0,-3.8911000E-3,6.4970310E-2,-5.0014000E+1,2.4000000E-2,2.4000000E-2,1.9800000E-2
0.0000000E+0,-1.0000000E-7,-6.0000000E-7,-3.9451000E-3,6.4970310E-2,-5.0014200E+1,2.4000000E-2,2.4000000E-2,1.9800000E-2
0.0000000E+0,-5.0000000E-7,-3.0000000E-7,-3.9952000E-3,6.4970310E-2,-5.0014500E+1,2.4000000E-2,2.4000000E-2,1.9800000E-2
0.0000000E+0,-4.0000000E-7,1.0000000E-7,-4.0427000E-3,6.4970310E-2,-5.0013900E+1,2.4000000E-2,2.4000000E-2,1.9800000E-2
0.0000000E+0,5.0000000E-7,7.0000000E-7,-4.0947000E-3,6.4970310E-2,-5.0014500E+1,2.4000000E-2,2.4000000E-2,1.9800000E-2
0.0000000E+0,-0.0000000E+0,-1.0000000E-7,-4.1453000E-3,6.4970310E-2,-5.0013900E+1,2.4000000E-2,2.4000000E-2,1.9800000E-2
0.0000000E+0,-3.0000000E-7,5.0000000E-7,-4.1898000E-3,6.4970310E-2,-5.0014100E+1,2.4000000E-2,2.4000000E-2,1.9800000E-2
0.0000000E+0,1.4000000E-6,-4.0000000E-7,-4.2488000E-3,6.4970310E-2,-5.0014000E+1,2.4000000E-2,2.4000000E-2,1.9800000E-2
0.0000000E+0,-3.0000000E-7,1.0000000E-7,-4.2991000E-3,6.4970310E-2,-5.0013800E+1,2.4000000E-2,2.4000000E-2,1.9800000E-2
0.0000000E+0,9.0000000E-7,-1.0000000E-7,-4.3443000E-3,6.4970310E-2,-5.0013800E+1,2.4000000E-2,2.4000000E-2,1.9800000E-2
0.0000000E+0,-4.0000000E-7,-8.0000000E-7,-4.3948000E-3,6.4970310E-2,-5.0014700E+1,2.4000000E-2,2.4000000E-2,1.9800000E-2
0.0000000E+0,1.0000000E-7,-3.0000000E-7,-4.4456000E-3,6.4970310E-2,-5.0014400E+1,2.4000000E-2,2.4000000E-2,1.9800000E-2
0.0000000E+0,2.0000000E-7,7.0000000E-7,-4.4925000E-3,6.4970310E-2,-5.0014500E+1,2.4000000E-2,2.4000000E-2,1.9800000E-2
0.0000000E+0,-1.0000000E-7,7.0000000E-7,-4.5420000E-3,6.4970310E-2,-5.0013700E+1,2.4000000E-2,2.4000000E-2,1.9800000E-2
0.0000000E+0,0.0000000E+0,1.0000000E-7,-4.5978000E-3,6.4970310E-2,-5.0013800E+1,2.4000000E-2,2.4000000E-2,1.9800000E-2
0.0000000E+0,4.0000000E-7,-3.0000000E-7,-4.6403000E-3,6.4970310E-2,-5.0013800E+1,2.4000000E-2,2.4000000E-2,1.9800000E-2
0.0000000E+0,3.0000000E-7,-5.0000000E-7,-4.6968000E-3,6.4970310E-2,-5.0014400E+1,2.4000000E-2,2.4000000E-2,1.9800000E-2
0.0000000E+0,-1.0000000E-7,5.0000000E-7,-4.7467000E-3,6.4970310E-2,-5.0014000E+1,2.4000000E-2,2.4000000E-2,1.9800000E-2
0.0000000E+0,-1.0000000E-7,0.0000000E+0,-4.7975000E-3,6.4970310E-2,-5.0013900E+1,2.4000000E-2,2.4000000E-2,1.9800000E-2
0.0000000E+0,-4.0000000E-7,-3.0000000E-7,-4.8442000E-3,6.4970310E-2,-5.0014500E+1,2.4000000E-2,2.4000000E-2,1.9800000E-2
0.0000000E+0,3.0000000E-7,6.0000000E-7,-4.8906000E-3,6.4970310E-2,-5.0014200E+1,2.4000000E-2,2.4000000E-2,1.9800000E-2
0.0000000E+0,5.0000000E-7,-0.0000000E+0,-4.9486000E-3,6.4970310E-2,-5.0014000E+1,2.4000000E-2,2.4000000E-2,1.9800000E-2
0.0000000E+0,-3.0000000E-7,6.0000000E-7,-4.9974000E-3,6.4970310E-2,-5.0014400E+1,2.4000000E-2,2.4000000E-2,1.9800000E-2
0.0000000E+0,3.0000000E-7,-6.0000000E-7,-5.0457000E-3,6.4970310E-2,-5.0014000E+1,2.4000000E-2,2.4000000E-2,1.9800000E-2
0.0000000E+0,1.0000000E-7,-1.1000000E-6,-5.0940000E-3,6.4970310E-2,-5.0014300E+1,2.4000000E-2,2.4000000E-2,1.9800000E-2
0.0000000E+0,7.0000000E-7,-8.0000000E-7,-5.1543000E-3,6.4970310E-2,-5.0014300E+1,2.4000000E-2,2.4000000E-2,1.9800000E-2
0.0000000E+0,2.0000000E-7,-2.0000000E-7,-5.1931000E-3,6.4970310E-2,-5.0014200E+1,2.4000000E-2,2.4000000E-2,1.9800000E-2
0.0000000E+0,7.0000000E-7,-4.0000000E-7,-5.2456000E-3,6.4970310E-2,-5.0014700E+1,2.4000000E-2,2.4000000E-2,1.9800000E-2
0.0000000E+0,-1.0000000E-7,-1.0000000E-7,-5.2935000E-3,6.4970310E-2,-5.0014500E+1,2.4000000E-2,2.4000000E-2,1.9800000E-2
0.0000000E+0,-6.0000000E-7,-6.0000000E-7,-5.3440000E-3,6.4970310E-2,-5.0014400E+1,2.4000000E-2,2.4000000E-2,1.9800000E-2
0.0000000E+0,-3.0000000E-7,2.0000000E-7,-5.3954000E-3,6.4970310E-2,-5.0014200E+1,2.4000000E-2,2.4000000E-2,1.9800000E-2
0.0000000E+0,2.0000000E-7,-7.0000000E-7,-5.4437000E-3,6.4970310E-2,-5.0014300E+1,2.4000000E-2,2.4000000E-2,1.9800000E-2
0.0000000E+0,3.0000000E-7,3.0000000E-7,-5.4951000E-3,6.4970310E-2,-5.0014700E+1,2.4000000E-2,2.4000000E-2,1.9800000E-2
0.0000000E+0,-1.0000000E-7,-3.0000000E-7,-5.5468000E-3,6.4970310E-2,-5.0014400E+1,2.4000000E-2,2.4000000E-2,1.9800000E-2
0.0000000E+0,1.0000000E-6,-4.0000000E-7,-5.5922000E-3,6.4970310E-2,-5.0014100E+1,2.4000000E-2,2.4000000E-2,1.9800000E-2
0.0000000E+0,-7.0000000E-7,-3.0000000E-7,-5.6416000E-3,6.4970310E-2,-5.0014500E+1,2.4000000E-2,2.4000000E-2,1.9800000E-2
0.0000000E+0,0.0000000E+0,-2.0000000E-7,-5.6999000E-3,6.4970310E-2,-5.0014100E+1,2.4000000E-2,2.4000000E-2,1.9800000E-2
0.0000000E+0,2.0000000E-7,-2.0000000E-7,-5.7447000E-3,6.4970310E-2,-5.0014300E+1,2.4000000E-2,2.4000000E-2,1.9800000E-2
0.0000000E+0,9.0000000E-7,-9.0000000E-7,-5.7898000E-3,6.4970310E-2,-5.0014200E+1,2.4000000E-2,2.4000000E-2,1.9800000E-2
0.0000000E+0,-2.0000000E-7,5.0000000E-7,-5.8448000E-3,6.4970310E-2,-5.0014400E+1,2.4000000E-2,2.4000000E-2,1.9800000E-2
0.0000000E+0,-3.0000000E-7,-2.0000000E-7,-5.8925000E-3,6.4970310E-2,-5.0013900E+1,2.4000000E-2,2.4000000E-2,1.9800000E-2
0.0000000E+0,1.3000000E-6,5.0000000E-7,-5.9377000E-3,6.4970310E-2,-5.0014200E+1,2.4000000E-2,2.4000000E-2,1.9800000E-2
0.0000000E+0,-2.0000000E-7,0.0000000E+0,-5.9944000E-3,6.4970310E-2,-5.0014400E+1,2.4000000E-2,2.4000000E-2,1.9800000E-2
0.0000000E+0,1.2000000E-6,2.0000000E-7,-6.0398000E-3,6.4970310E-2,-5.0014800E+1,2.4000000E-2,2.4000000E-2,1.9800000E-2
0.0000000E+0,2.0000000E-7,-1.0000000E-7,-6.0948000E-3,6.4970310E-2,-5.0014200E+1,2.4000000E-2,2.4000000E-2,1.9800000E-2
0.0000000E+0,3.0000000E-7,-1.0000000E-7,-6.1487000E-3,6.4970310E-2,-5.0014600E+1,2.4000000E-2,2.4000000E-2,1.9800000E-2
0.0000000E+0,5.0000000E-7,-2.0000000E-7,-6.1965000E-3,6.4970310E-2,-5.0014400E+1,2.4000000E-2,2.4000000E-2,1.9800000E-2
0.0000000E+0,2.0000000E-7,-2.0000000E-7,-6.2495000E-3,6.4970310E-2,-5.0014600E+1,2.4000000E-2,2.4000000E-2,1.9800000E-2
0.0000000E+0,-3.0000000E-7,-4.0000000E-7,-6.2965000E-3,6.4970310E-2,-5.0014400E+1,2.4000000E-2,2.4000000E-2,1.9800000E-2
0.0000000E+0,-1.0000000E-7,4.0000000E-7,-6.3463000E-3,6.4970310E-2,-5.0014400E+1,2.4000000E-2,2.4000000E-2,1.9800000E-2
0.0000000E+0,0.0000000E+0,3.0000000E-7,-6.3904000E-3,6.4970310E-2,-5.0014200E+1,2.4000000E-2,2.4000000E-2,1.9800000E-2
0.0000000E+0,1.0000000E-7,-5.0000000E-7,-6.4522000E-3,6.4970310E-2,-5.0014000E+1,2.4000000E-2,2.4000000E-2,1.9800000E-2
0.0000000E+0,-6.0000000E-7,5.0000000E-7,-6.4890000E-3,6.4970310E-2,-5.0014500E+1,2.4000000E-2,2.4000000E-2,1.9800000E-2
0.0000000E+0,-6.0000000E-7,1.0000000E-7,-6.5436000E-3,6.4970310E-2,-5.0014200E+1,2.4000000E-2,2.4000000E-2,1.9800000E-2
0.0000000E+0,6.0000000E-7,1.0000000E-7,-6.5901000E-3,6.4970310E-2,-5.0014000E+1,2.4000000E-2,2.4000000E-2,1.9800000E-2
0.0000000E+0,-1.0000000E-7,-0.0000000E+0,-6.6420000E-3,6.4970310E-2,-5.0014100E+1,2.4000000E-2,2.4000000E-2,1.9800000E-2
0.0000000E+0,1.1000000E-6,2.0000000E-7,-6.6973000E-3,6.4970310E-2,-5.0014000E+1,2.4000000E-2,2.4000000E-2,1.9800000E-2
0.0000000E+0,-8.0000000E-7,-0.0000000E+0,-6.7401000E-3,6.4970310E-2,-5.0014100E+1,2.4000000E-2,2.4000000E-2,1.9800000E-2
0.0000000E+0,1.0000000E-7,-1.0000000E-7,-6.7922000E-3,6.4970310E-2,-5.0014200E+1,2.4000000E-2,2.4000000E-2,1.9800000E-2
0.0000000E+0,2.0000000E-7,1.0000000E-7,-6.8399000E-3,6.4970310E-2,-5.0014000E+1,2.4000000E-2,2.4000000E-2,1.9800000E-2
0.0000000E+0,-7.0000000E-7,-4.0000000E-7,-6.8928000E-3,6.4970310E-2,-5.0014200E+1,2.4000000E-2,2.4000000E-2,1.9800000E-2
0.0000000E+0,-2.0000000E-7,-3.0000000E-7,-6.9382000E-3,6.4970310E-2,-5.0014000E+1,2.4000000E-2,2.4000000E-2,1.9800000E-2
0.0000000E+0,-7.0000000E-7,-3.0000000E-7,-6.9874000E-3,6.4970310E-2,-5.0014100E+1,2.4000000E-2,2.4000000E-2,1.9800000E-2
0.0000000E+0,0.0000000E+0,-0.0000000E+0,-7.0377000E-3,6.4970310E-2,-5.0013700E+1,2.4000000E-2,2.4000000E-2,1.9800000E-2
0.0000000E+0,-8.0000000E-7,-5.0000000E-7,-7.0876000E-3,6.4970310E-2,-5.0013900E+1,2.4000000E-2,2.4000000E-2,1.9800000E-2
0.0000000E+0,-1.0000000E-7,-4.0000000E-7,-7.1546000E-3,6.4970310E-2,-5.0014200E+1,2.4000000E-2,2.4000000E-2,1.9800000E-2
0.0000000E+0,4.0000000E-7,5.0000000E-7,-7.2093000E-3,6.4970310E-2,-5.0014200E+1,2.4000000E-2,2.4000000E-2,1.9800000E-2
0.0000000E+0,0.0000000E+0,-3.0000000E-7,-7.2461000E-3,6.4970310E-2,-5.0014200E+1,2.4000000E-2,2.4000000E-2,1.9800000E-2
0.0000000E+0,-8.0000000E-7,-3.0000000E-7,-7.3084000E-3,6.4970310E-2,-5.0014200E+1,2.4000000E-2,2.4000000E-2,1.9800000E-2
0.0000000E+0,5.0000000E-7,9.0000000E-7,-7.3247000E-3,6.4970310E-2,-5.0014300E+1,2.4000000E-2,2.4000000E-2,1.9800000E-2
0.0000000E+0,-1.0000000E-7,-3.0000000E-7,-7.3642000E-3,6.4970310E-2,-5.0013900E+1,2.4000000E-2,2.4000000E-2,1.9800000E-2
0.0000000E+0,8.0000000E-7,-1.0000000E-7,-7.4254000E-3,6.4970310E-2,-5.0014200E+1,2.4000000E-2,2.4000000E-2,1.9800000E-2
0.0000000E+0,-8.0000000E-7,-1.0000000E-7,-7.4688000E-3,6.4970310E-2,-5.0013900E+1,2.4000000E-2,2.4000000E-2,1.9800000E-2
0.0000000E+0,1.0000000E-7,1.0000000E-7,-7.5034000E-3,6.4970310E-2,-5.0014400E+1,2.4000000E-2,2.4000000E-2,1.9800000E-2
0.0000000E+0,0.0000000E+0,9.0000000E-7,-7.5368000E-3,6.4970310E-2,-5.0014100E+1,2.4000000E-2,2.4000000E-2,1.9800000E-2
0.0000000E+0,1.0000000E-7,5.0000000E-7,-7.6363000E-3,6.4970310E-2,-5.0014300E+1,2.4000000E-2,2.4000000E-2,1.9800000E-2
0.0000000E+0,-2.0000000E-7,-1.0000000E-7,-7.7064000E-3,6.4970310E-2,-5.0014300E+1,2.4000000E-2,2.4000000E-2,1.9800000E-2
0.0000000E+0,4.0000000E-7,-4.0000000E-7,-7.7753000E-3,6.4970310E-2,-5.0014000E+1,2.4000000E-2,2.4000000E-2,1.9800000E-2
0.0000000E+0,-1.0000000E-6,-3.0000000E-7,-7.7693000E-3,6.4970310E-2,-5.0014100E+1,2.4000000E-2,2.4000000E-2,1.9800000E-2
0.0000000E+0,-7.0000000E-7,-1.0000000E-7,-7.8389000E-3,6.4970310E-2,-5.0014200E+1,2.4000000E-2,2.4000000E-2,1.9800000E-2
0.0000000E+0,5.0000000E-7,3.0000000E-7,-7.8783000E-3,6.4970310E-2,-5.0014500E+1,2.4000000E-2,2.4000000E-2,1.9800000E-2
0.0000000E+0,-2.0000000E-7,-3.0000000E-7,-7.9501000E-3,6.4970310E-2,-5.0014500E+1,2.4000000E-2,2.4000000E-2,1.9800000E-2
0.0000000E+0,5.0000000E-7,4.0000000E-7,-8.0126000E-3,6.4970310E-2,-5.0014400E+1,2.4000000E-2,2.4000000E-2,1.9800000E-2
0.0000000E+0,7.0000000E-7,8.0000000E-7,-8.1070000E-3,6.4970310E-2,-5.0014500E+1,2.4000000E-2,2.4000000E-2,1.9800000E-2
0.0000000E+0,-5.0000000E-7,-1.0000000E-7,-8.2076000E-3,6.4970310E-2,-5.0014300E+1,2.4000000E-2,2.4000000E-2,1.9800000E-2
0.0000000E+0,-4.0000000E-7,-5.0000000E-7,-8.2692000E-3,6.4970310E-2,-5.0014000E+1,2.4000000E-2,2.4000000E-2,1.9800000E-2
0.0000000E+0,-1.0000000E-7,-4.0000000E-7,-8.3018000E-3,6.4970310E-2,-5.0014500E+1,2.4000000E-2,2.4000000E-2,1.9800000E-2
0.0000000E+0,-3.0000000E-7,-3.0000000E-7,-8.3204000E-3,6.4970310E-2,-5.0014600E+1,2.4000000E-2,2.4000000E-2,1.9800000E-2
0.0000000E+0,8.0000000E-7,-3.0000000E-7,-8.3368000E-3,6.4970310E-2,-5.0014600E+1,2.4000000E-2,2.4000000E-2,1.9800000E-2
0.0000000E+0,-6.0000000E-7,-1.0000000E-7,-8.4545000E-3,6.4970310E-2,-5.0014400E+1,2.4000000E-2,2.4000000E-2,1.9800000E-2
0.0000000E+0,8.0000000E-7,6.0000000E-7,-8.4650000E-3,6.4970310E-2,-5.0014100E+1,2.4000000E-2,2.4000000E-2,1.9800000E-2
0.0000000E+0,-4.0000000E-7,-1.0000000E-7,-8.5305000E-3,6.4970310E-2,-5.0013800E+1,2.4000000E-2,2.4000000E-2,1.9800000E-2
0.0000000E+0,-4.0000000E-7,-4.0000000E-7,-8.5871000E-3,6.4970310E-2,-5.0014000E+1,2.4000000E-2,2.4000000E-2,1.9800000E-2
0.0000000E+0,9.0000000E-7,4.0000000E-7,-8.6668000E-3,6.4970310E-2,-5.0014200E+1,2.4000000E-2,2.4000000E-2,1.9800000E-2
0.0000000E+0,6.0000000E-7,2.0000000E-7,-8.6708000E-3,6.4970310E-2,-5.0014400E+1,2.4000000E-2,2.4000000E-2,1.9800000E-2
0.0000000E+0,3.0000000E-7,4.0000000E-7,-8.7462000E-3,6.4970310E-2,-5.0014200E+1,2.4000000E-2,2.4000000E-2,1.9800000E-2
0.0000000E+0,-0.0000000E+0,-7.0000000E-7,-8.7985000E-3,6.4970310E-2,-5.0014400E+1,2.4000000E-2,2.4000000E-2,1.9800000E-2
0.0000000E+0,1.0000000E-7,-4.0000000E-7,-8.8368000E-3,6.4970310E-2,-5.0014300E+1,2.4000000E-2,2.4000000E-2,1.9800000E-2
0.0000000E+0,7.0000000E-7,5.0000000E-7,-8.8523000E-3,6.4970310E-2,-5.0014100E+1,2.4000000E-2,2.4000000E-2,1.9800000E-2
0.0000000E+0,8.0000000E-7,5.0000000E-7,-8.8084000E-3,6.4970310E-2,-5.0014400E+1,2.4000000E-2,2.4000000E-2,1.9800000E-2
0.0000000E+0,-1.0000000E-7,1.0000000E-7,-8.9773000E-3,6.4970310E-2,-5.0014300E+1,2.4000000E-2,2.4000000E-2,1.9800000E-2
0.0000000E+0,-1.0000000E-7,3.0000000E-7,-8.9744000E-3,6.4970310E-2,-5.0014400E+1,2.4000000E-2,2.4000000E-2,1.9800000E-2
0.0000000E+0,-3.0000000E-7,-1.0000000E-7,-9.1296000E-3,6.4970310E-2,-5.0014500E+1,2.4000000E-2,2.4000000E-2,1.9800000E-2
0.0000000E+0,3.0000000E-7,5.0000000E-7,-9.0952000E-3,6.4970310E-2,-5.0014500E+1,2.4000000E-2,2.4000000E-2,1.9800000E-2
0.0000000E+0,5.0000000E-7,-6.0000000E-7,-9.2730000E-3,6.4970310E-2,-5.0014300E+1,2.4000000E-2,2.4000000E-2,1.9800000E-2
0.0000000E+0,0.0000000E+0,-1.0000000E-7,-9.3015000E-3,6.4970310E-2,-5.0014300E+1,2.4000000E-2,2.4000000E-2,1.9800000E-2
0.0000000E+0,-8.0000000E-7,-2.0000000E-7,-9.3237000E-3,6.4970310E-2,-5.0014500E+1,2.4000000E-2,2.4000000E-2,1.9800000E-2
0.0000000E+0,2.0000000E-7,4.0000000E-7,-9.3086000E-3,6.4970310E-2,-5.0014500E+1,2.4000000E-2,2.4000000E-2,1.9800000E-2
0.0000000E+0,-4.0000000E-7,5.0000000E-7,-9.4270000E-3,6.4970310E-2,-5.0014600E+1,2.4000000E-2,2.4000000E-2,1.9800000E-2
0.0000000E+0,-2.0000000E-7,-7.0000000E-7,-9.4925000E-3,6.4970310E-2,-5.0014500E+1,2.4000000E-2,2.4000000E-2,1.9800000E-2
0.0000000E+0,7.0000000E-7,0.0000000E+0,-9.6705000E-3,6.4970310E-2,-5.0014100E+1,2.4000000E-2,2.4000000E-2,1.9800000E-2
0.0000000E+0,-3.0000000E-7,-1.0000000E-6,-9.6743000E-3,6.4970310E-2,-5.0014100E+1,2.4000000E-2,2.4000000E-2,1.9800000E-2
0.0000000E+0,-2.0000000E-7,4.0000000E-7,-9.6371000E-3,6.4970310E-2,-5.0013900E+1,2.4000000E-2,2.4000000E-2,1.9800000E-2
0.0000000E+0,-5.0000000E-7,5.0000000E-7,-9.9715000E-3,6.4970310E-2,-5.0014100E+1,2.4000000E-2,2.4000000E-2,1.9800000E-2
0.0000000E+0,8.0000000E-7,-1.0000000E-6,-9.9278000E-3,6.4970310E-2,-5.0014000E+1,2.4000000E-2,2.4000000E-2,1.9800000E-2
0.0000000E+0,-5.0000000E-7,6.0000000E-7,-1.0031300E-2,6.4970310E-2,-5.0014100E+1,2.4000000E-2,2.4000000E-2,1.9800000E-2
0.0000000E+0,-1.1000000E-6,-1.0000000E-7,-1.0073800E-2,6.4970310E-2,-5.0014500E+1,2.4000000E-2,2.4000000E-2,1.9800000E-2
0.0000000E+0,-6.0000000E-7,-3.0000000E-7,-1.0104600E-2,6.4970310E-2,-5.0014300E+1,2.4000000E-2,2.4000000E-2,1.9800000E-2
0.0000000E+0,-8.0000000E-7,2.0000000E-7,-1.0167100E-2,6.4970310E-2,-5.0014500E+1,2.4000000E-2,2.4000000E-2,1.9800000E-2
0.0000000E+0,1.0000000E-6,6.0000000E-7,-1.0065000E-2,6.4970310E-2,-5.0014100E+1,2.4000000E-2,2.4000000E-2,1.9800000E-2
0.0000000E+0,2.0000000E-7,4.0000000E-7,-1.0102400E-2,6.4970310E-2,-5.0014200E+1,2.4000000E-2,2.4000000E-2,1.9800000E-2
0.0000000E+0,-1.0000000E-7,-2.0000000E-7,-1.0529300E-2,6.4970310E-2,-5.0014300E+1,2.4000000E-2,2.4000000E-2,1.9800000E-2
0.0000000E+0,1.0000000E-7,6.0000000E-7,-1.0544100E-2,6.4970310E-2,-5.0014000E+1,2.4000000E-2,2.4000000E-2,1.9800000E-2
0.0000000E+0,-0.0000000E+0,-5.0000000E-7,-1.0544100E-2,6.4970310E-2,-5.0014300E+1,2.4000000E-2,2.4000000E-2,1.9800000E-2
0.0000000E+0,4.0000000E-7,5.0000000E-7,-1.0869900E-2,6.4970310E-2,-5.0014400E+1,2.4000000E-2,2.4000000E-2,1.9800000E-2
0.0000000E+0,3.0000000E-7,1.0000000E-7,-1.0875600E-2,6.4970310E-2,-5.0014300E+1,2.4000000E-2,2.4000000E-2,1.9800000E-2
0.0000000E+0,6.0000000E-7,1.0000000E-7,-1.0960800E-2,6.4970310E-2,-5.0014300E+1,2.4000000E-2,2.4000000E-2,1.9800000E-2
0.0000000E+0,-5.0000000E-7,3.0000000E-7,-1.0930200E-2,6.4970310E-2,-5.0014400E+1,2.4000000E-2,2.4000000E-2,1.9800000E-2
0.0000000E+0,1.0000000E-7,5.0000000E-7,-1.0958500E-2,6.4970310E-2,-5.0014000E+1,2.4000000E-2,2.4000000E-2,1.9800000E-2
0.0000000E+0,6.0000000E-7,1.0000000E-7,-1.0920400E-2,6.4970310E-2,-5.0013900E+1,2.4000000E-2,2.4000000E-2,1.9800000E-2
0.0000000E+0,1.0000000E-6,5.0000000E-7,-1.1153800E-2,6.4970310E-2,-5.0014400E+1,2.4000000E-2,2.4000000E-2,1.9800000E-2
0.0000000E+0,1.1000000E-6,5.0000000E-7,-1.1209600E-2,6.4970310E-2,-5.0014500E+1,2.4000000E-2,2.4000000E-2,1.9800000E-2
0.0000000E+0,5.0000000E-7,2.0000000E-7,-1.1257200E-2,6.4970310E-2,-5.0014500E+1,2.4000000E-2,2.4000000E-2,1.9800000E-2
0.0000000E+0,5.0000000E-7,5.0000000E-7,-1.1335000E-2,6.4970310E-2,-5.0014000E+1,2.4000000E-2,2.4000000E-2,1.9800000E-2
0.0000000E+0,3.0000000E-7,2.0000000E-7,-1.1314000E-2,6.4970310E-2,-5.0014600E+1,2.4000000E-2,2.4000000E-2,1.9800000E-2
0.0000000E+0,-1.0000000E-7,8.0000000E-7,-1.1404200E-2,6.4970310E-2,-5.0014600E+1,2.4000000E-2,2.4000000E-2,1.9800000E-2
0.0000000E+0,-6.0000000E-7,-7.0000000E-7,-1.1617200E-2,6.4970310E-2,-5.0014000E+1,2.4000000E-2,2.4000000E-2,1.9800000E-2
0.0000000E+0,7.0000000E-7,2.0000000E-7,-1.1632500E-2,6.4970310E-2,-5.0014000E+1,2.4000000E-2,2.4000000E-2,1.9800000E-2
0.0000000E+0,-7.0000000E-7,-5.0000000E-7,-1.1825500E-2,6.4970310E-2,-5.0014500E+1,2.4000000E-2,2.4000000E-2,1.9800000E-2
0.0000000E+0,2.0000000E-7,-1.0000000E-7,-1.1948000E-2,6.4970310E-2,-5.0014200E+1,2.4000000E-2,2.4000000E-2,1.9800000E-2
0.0000000E+0,0.0000000E+0,-6.0000000E-7,-1.1892400E-2,6.4970310E-2,-5.0014500E+1,2.4000000E-2,2.4000000E-2,1.9800000E-2
0.0000000E+0,-9.0000000E-7,4.0000000E-7,-1.1994100E-2,6.4970310E-2,-5.0014000E+1,2.4000000E-2,2.4000000E-2,1.9800000E-2
0.0000000E+0,-4.0000000E-7,3.0000000E-7,-1.2018700E-2,6.4970310E-2,-5.0014700E+1,2.4000000E-2,2.4000000E-2,1.9800000E-2
0.0000000E+0,-1.0000000E-7,-8.0000000E-7,-1.2038000E-2,6.4970310E-2,-5.0013900E+1,2.4000000E-2,2.4000000E-2,1.9800000E-2
0.0000000E+0,3.0000000E-7,3.0000000E-7,-1.2080800E-2,6.4970310E-2,-5.0014000E+1,2.4000000E-2,2.4000000E-2,1.9800000E-2
0.0000000E+0,-4.0000000E-7,-1.0000000E-7,-1.2191600E-2,6.4970310E-2,-5.0014300E+1,2.4000000E-2,2.4000000E-2,1.9800000E-2
0.0000000E+0,-5.0000000E-7,1.0000000E-7,-1.2226100E-2,6.4970310E-2,-5.0014300E+1,2.4000000E-2,2.4000000E-2,1.9800000E-2
0.0000000E+0,-3.0000000E-7,1.0000000E-7,-1.2239700E-2,6.4970310E-2,-5.0014500E+1,2.4000000E-2,2.4000000E-2,1.9800000E-2
0.0000000E+0,-7.0000000E-7,3.0000000E-7,-1.2332500E-2,6.4970310E-2,-5.0014100E+1,2.4000000E-2,2.4000000E-2,1.9800000E-2
0.0000000E+0,-1.0000000E-7,7.0000000E-7,-1.2445300E-2,6.4970310E-2,-5.0014400E+1,2.4000000E-2,2.4000000E-2,1.9800000E-2
0.0000000E+0,-1.0000000E-7,3.0000000E-7,-1.2460600E-2,6.4970310E-2,-5.0014300E+1,2.4000000E-2,2.4000000E-2,1.9800000E-2
0.0000000E+0,-2.0000000E-7,-2.0000000E-7,-1.2495200E-2,6.4970310E-2,-5.0014600E+1,2.4000000E-2,2.4000000E-2,1.9800000E-2
0.0000000E+0,-0.0000000E+0,-0.0000000E+0,-1.2579600E-2,6.4970310E-2,-5.0014400E+1,2.4000000E-2,2.4000000E-2,1.9800000E-2
0.0000000E+0,-0.0000000E+0,-4.0000000E-7,-1.2641500E-2,6.4970310E-2,-5.0014200E+1,2.4000000E-2,2.4000000E-2,1.9800000E-2
0.0000000E+0,-3.0000000E-7,4.0000000E-7,-1.2613800E-2,6.4970310E-2,-5.0014200E+1,2.4000000E-2,2.4000000E-2,1.9800000E-2
0.0000000E+0,4.0000000E-7,-5.0000000E-7,-1.2681300E-2,6.4970310E-2,-5.0014400E+1,2.4000000E-2,2.4000000E-2,1.9800000E-2
0.0000000E+0,1.0000000E-7,-1.0000000E-7,-1.2737000E-2,6.4970310E-2,-5.0014400E+1,2.4000000E-2,2.4000000E-2,1.9800000E-2
0.0000000E+0,1.0000000E-7,4.0000000E-7,-1.2799500E-2,6.4970310E-2,-5.0014300E+1,2.4000000E-2,2.4000000E-2,1.9800000E-2
0.0000000E+0,4.0000000E-7,1.0000000E-7,-1.2843800E-2,6.4970310E-2,-5.0014000E+1,2.4000000E-2,2.4000000E-2,1.9800000E-2
0.0000000E+0,1.0000000E-7,1.0000000E-6,-1.2894700E-2,6.4970310E-2,-5.0014400E+1,2.4000000E-2,2.4000000E-2,1.9800000E-2
0.0000000E+0,7.0000000E-7,1.0000000E-7,-1.2949900E-2,6.4970310E-2,-5.0014300E+1,2.4000000E-2,2.4000000E-2,1.9800000E-2
0.0000000E+0,1.1000000E-6,0.0000000E+0,-1.2984500E-2,6.4970310E-2,-5.0014000E+1,2.4000000E-2,2.4000000E-2,1.9800000E-2
0.0000000E+0,-1.0000000E-7,-0.0000000E+0,-1.3036100E-2,6.4970310E-2,-5.0014400E+1,2.4000000E-2,2.4000000E-2,1.9800000E-2
0.0000000E+0,2.0000000E-7,-2.0000000E-7,-1.3090000E-2,6.4970310E-2,-5.0014200E+1,2.4000000E-2,2.4000000E-2,1.9800000E-2
0.0000000E+0,-7.0000000E-7,-1.0000000E-7,-1.3111100E-2,6.4970310E-2,-5.0013900E+1,2.4000000E-2,2.4000000E-2,1.9800000E-2
0.0000000E+0,-3.0000000E-7,2.0000000E-7,-1.3195500E-2,6.4970310E-2,-5.0014000E+1,2.4000000E-2,2.4000000E-2,1.9800000E-2
0.0000000E+0,-3.0000000E-7,-7.0000000E-7,-1.3239600E-2,6.4970310E-2,-5.0014000E+1,2.4000000E-2,2.4000000E-2,1.9800000E-2
0.0000000E+0,-7.0000000E-7,-3.0000000E-7,-1.3307800E-2,6.4970310E-2,-5.0014300E+1,2.4000000E-2,2.4000000E-2,1.9800000E-2
0.0000000E+0,7.0000000E-7,3.0000000E-7,-1.3344600E-2,6.4970310E-2,-5.0014100E+1,2.4000000E-2,2.4000000E-2,1.9800000E-2
0.0000000E+0,-3.0000000E-7,-0.0000000E+0,-1.3385800E-2,6.4970310E-2,-5.0014300E+1,2.4000000E-2,2.4000000E-2,1.9800000E-2
0.0000000E+0,7.0000000E-7,-1.1000000E-6,-1.3443300E-2,6.4970310E-2,-5.0013700E+1,2.4000000E-2,2.4000000E-2,1.9800000E-2
0.0000000E+0,7.0000000E-7,3.0000000E-7,-1.3493500E-2,6.4970310E-2,-5.0014000E+1,2.4000000E-2,2.4000000E-2,1.9800000E-2
0.0000000E+0,-5.0000000E-7,1.0000000E-7,-1.3542700E-2,6.4970310E-2,-5.0014100E+1,2.4000000E-2,2.4000000E-2,1.9800000E-2
0.0000000E+0,-0.0000000E+0,-3.0000000E-7,-1.3590400E-2,6.4970310E-2,-5.0014500E+1,2.4000000E-2,2.4000000E-2,1.9800000E-2
0.0000000E+0,4.0000000E-7,-6.0000000E-7,-1.3648000E-2,6.4970310E-2,-5.0014500E+1,2.4000000E-2,2.4000000E-2,1.9800000E-2
0.0000000E+0,7.0000000E-7,4.0000000E-7,-1.3698300E-2,6.4970310E-2,-5.0014100E+1,2.4000000E-2,2.4000000E-2,1.9800000E-2
0.0000000E+0,3.0000000E-7,5.0000000E-7,-1.3743700E-2,6.4970310E-2,-5.0014900E+1,2.4000000E-2,2.4000000E-2,1.9800000E-2
0.0000000E+0,-0.0000000E+0,2.0000000E-7,-1.3798000E-2,6.4970310E-2,-5.0014400E+1,2.4000000E-2,2.4000000E-2,1.9800000E-2
0.0000000E+0,6.0000000E-7,8.0000000E-7,-1.3846200E-2,6.4970310E-2,-5.0014200E+1,2.4000000E-2,2.4000000E-2,1.9800000E-2
0.0000000E+0,-3.0000000E-7,2.0000000E-7,-1.3893600E-2,6.4970310E-2,-5.0014100E+1,2.4000000E-2,2.4000000E-2,1.9800000E-2
0.0000000E+0,-7.0000000E-7,-1.0000000E-7,-1.3946800E-2,6.4970310E-2,-5.0014300E+1,2.4000000E-2,2.4000000E-2,1.9800000E-2
0.0000000E+0,-0.0000000E+0,2.0000000E-7,-1.3987500E-2,6.4970310E-2,-5.0014100E+1,2.4000000E-2,2.4000000E-2,1.9800000E-2
0.0000000E+0,1.0000000E-7,-5.0000000E-7,-1.4050300E-2,6.4970310E-2,-5.0014100E+1,2.4000000E-2,2.4000000E-2,1.9800000E-2
0.0000000E+0,9.0000000E-7,3.0000000E-7,-1.4099900E-2,6.4970310E-2,-5.0014200E+1,2.4000000E-2,2.4000000E-2,1.9800000E-2
0.0000000E+0,5.0000000E-7,-7.0000000E-7,-1.4143300E-2,6.4970310E-2,-5.0014400E+1,2.4000000E-2,2.4000000E-2,1.9800000E-2
0.0000000E+0,-9.0000000E-7,-5.0000000E-7,-1.4192300E-2,6.4970310E-2,-5.0014300E+1,2.4000000E-2,2.4000000E-2,1.9800000E-2
0.0000000E+0,-4.0000000E-7,-5.0000000E-7,-1.4253500E-2,6.4970310E-2,-5.0013900E+1,2.4000000E-2,2.4000000E-2,1.9800000E-2
0.0000000E+0,1.0000000E-7,-1.0000000E-7,-1.4288900E-2,6.4970310E-2,-5.0014100E+1,2.4000000E-2,2.4000000E-2,1.9800000E-2
0.0000000E+0,0.0000000E+0,-1.0000000E-7,-1.4342600E-2,6.4970310E-2,-5.0014000E+1,2.4000000E-2,2.4000000E-2,1.9800000E-2
0.0000000E+0,-5.0000000E-7,8.0000000E-7,-1.4390000E-2,6.4970310E-2,-5.0014300E+1,2.4000000E-2,2.4000000E-2,1.9800000E-2
0.0000000E+0,-5.0000000E-7,4.0000000E-7,-1.4437600E-2,6.4970310E-2,-5.0014600E+1,2.4000000E-2,2.4000000E-2,1.9800000E-2
0.0000000E+0,2.0000000E-7,1.0000000E-7,-1.4497000E-2,6.4970310E-2,-5.0014500E+1,2.4000000E-2,2.4000000E-2,1.9800000E-2
0.0000000E+0,7.0000000E-7,0.0000000E+0,-1.4546600E-2,6.4970310E-2,-5.0014200E+1,2.4000000E-2,2.4000000E-2,1.9800000E-2
0.0000000E+0,4.0000000E-7,1.0000000E-7,-1.4597800E-2,6.4970310E-2,-5.0014300E+1,2.4000000E-2,2.4000000E-2,1.9800000E-2
0.0000000E+0,-9.0000000E-7,2.0000000E-7,-1.4644200E-2,6.4970310E-2,-5.0014500E+1,2.4000000E-2,2.4000000E-2,1.9800000E-2
0.0000000E+0,1.2000000E-6,2.0000000E-7,-1.4690900E-2,6.4970310E-2,-5.0014100E+1,2.4000000E-2,2.4000000E-2,1.9800000E-2
0.0000000E+0,1.0000000E-7,-2.0000000E-7,-1.4742100E-2,6.4970310E-2,-5.0014400E+1,2.4000000E-2,2.4000000E-2,1.9800000E-2
0.0000000E+0,3.0000000E-7,-3.0000000E-7,-1.4794000E-2,6.4970310E-2,-5.0014100E+1,2.4000000E-2,2.4000000E-2,1.9800000E-2
0.0000000E+0,-2.0000000E-7,3.0000000E-7,-1.4847200E-2,6.4970310E-2,-5.0013900E+1,2.4000000E-2,2.4000000E-2,1.9800000E-2
0.0000000E+0,-6.0000000E-7,2.0000000E-7,-1.4893700E-2,6.4970310E-2,-5.0014200E+1,2.4000000E-2,2.4000000E-2,1.9800000E-2
0.0000000E+0,-1.1000000E-6,-6.0000000E-7,-1.4942700E-2,6.4970310E-2,-5.0014300E+1,2.4000000E-2,2.4000000E-2,1.9800000E-2
0.0000000E+0,2.0000000E-7,6.0000000E-7,-1.4995700E-2,6.4970310E-2,-5.0014400E+1,2.4000000E-2,2.4000000E-2,1.9800000E-2
0.0000000E+0,-5.0000000E-7,2.0000000E-7,-1.5044200E-2,6.4970310E-2,-5.0014200E+1,2.4000000E-2,2.4000000E-2,1.9800000E-2
0.0000000E+0,5.0000000E-7,-1.0000000E-7,-1.5100700E-2,6.4970310E-2,-5.0014400E+1,2.4000000E-2,2.4000000E-2,1.9800000E-2
0.0000000E+0,-4.0000000E-7,6.0000000E-7,-1.5147200E-2,6.4970310E-2,-5.0014200E+1,2.4000000E-2,2.4000000E-2,1.9800000E-2
0.0000000E+0,-4.0000000E-7,1.0000000E-6,-1.5192200E-2,6.4970310E-2,-5.0014400E+1,2.4000000E-2,2.4000000E-2,1.9800000E-2
0.0000000E+0,6.0000000E-7,8.0000000E-7,-1.5242100E-2,6.4970310E-2,-5.0014000E+1,2.4000000E-2,2.4000000E-2,1.9800000E-2
0.0000000E+0,-7.0000000E-7,-8.0000000E-7,-1.5295100E-2,6.4970310E-2,-5.0014000E+1,2.4000000E-2,2.4000000E-2,1.9800000E-2
0.0000000E+0,1.0000000E-7,0.0000000E+0,-1.5341400E-2,6.4970310E-2,-5.0014400E+1,2.4000000E-2,2.4000000E-2,1.9800000E-2
0.0000000E+0,9.0000000E-7,5.0000000E-7,-1.5395600E-2,6.4970310E-2,-5.0013900E+1,2.4000000E-2,2.4000000E-2,1.9800000E-2
0.0000000E+0,-1.0000000E-7,-1.0000000E-7,-1.5444200E-2,6.4970310E-2,-5.0014300E+1,2.4000000E-2,2.4000000E-2,1.9800000E-2
0.0000000E+0,4.0000000E-7,3.0000000E-7,-1.5495400E-2,6.4970310E-2,-5.0014200E+1,2.4000000E-2,2.4000000E-2,1.9800000E-2
0.0000000E+0,-2.0000000E-7,-6.0000000E-7,-1.5546800E-2,6.4970310E-2,-5.0014300E+1,2.4000000E-2,2.4000000E-2,1.9800000E-2
0.0000000E+0,1.0000000E-7,4.0000000E-7,-1.5593100E-2,6.4970310E-2,-5.0014000E+1,2.4000000E-2,2.4000000E-2,1.9800000E-2
0.0000000E+0,4.0000000E-7,-8.0000000E-7,-1.5647000E-2,6.4970310E-2,-5.0013800E+1,2.4000000E-2,2.4000000E-2,1.9800000E-2
0.0000000E+0,-3.0000000E-7,-0.0000000E+0,-1.5694000E-2,6.4970310E-2,-5.0013900E+1,2.4000000E-2,2.4000000E-2,1.9800000E-2
0.0000000E+0,7.0000000E-7,-4.0000000E-7,-1.5740300E-2,6.4970310E-2,-5.0013800E+1,2.4000000E-2,2.4000000E-2,1.9800000E-2
0.0000000E+0,-1.0000000E-7,1.3000000E-6,-1.5794500E-2,6.4970310E-2,-5.0014500E+1,2.4000000E-2,2.4000000E-2,1.9800000E-2
0.0000000E+0,-1.0000000E-7,0.0000000E+0,-1.5842700E-2,6.4970310E-2,-5.0014100E+1,2.4000000E-2,2.4000000E-2,1.9800000E-2
0.0000000E+0,-5.0000000E-7,-2.0000000E-7,-1.5893900E-2,6.4970310E-2,-5.0013900E+1,2.4000000E-2,2.4000000E-2,1.9800000E-2
0.0000000E+0,7.0000000E-7,-4.0000000E-7,-1.5946600E-2,6.4970310E-2,-5.0014100E+1,2.4000000E-2,2.4000000E-2,1.9800000E-2
0.0000000E+0,-6.0000000E-7,4.0000000E-7,-1.5997300E-2,6.4970310E-2,-5.0014100E+1,2.4000000E-2,2.4000000E-2,1.9800000E-2
0.0000000E+0,-5.0000000E-7,6.0000000E-7,-1.6050500E-2,6.4970310E-2,-5.0014100E+1,2.4000000E-2,2.4000000E-2,1.9800000E-2
0.0000000E+0,4.0000000E-7,5.0000000E-7,-1.6094600E-2,6.4970310E-2,-5.0014000E+1,2.4000000E-2,2.4000000E-2,1.9800000E-2
0.0000000E+0,-3.0000000E-7,-1.0000000E-7,-1.6143600E-2,6.4970310E-2,-5.0014100E+1,2.4000000E-2,2.4000000E-2,1.9800000E-2
0.0000000E+0,0.0000000E+0,1.1000000E-6,-1.6194600E-2,6.4970310E-2,-5.0013900E+1,2.4000000E-2,2.4000000E-2,1.9800000E-2
0.0000000E+0,5.0000000E-7,-3.0000000E-7,-1.6245500E-2,6.4970310E-2,-5.0014100E+1,2.4000000E-2,2.4000000E-2,1.9800000E-2
0.0000000E+0,-0.0000000E+0,5.0000000E-7,-1.6293600E-2,6.4970310E-2,-5.0014400E+1,2.4000000E-2,2.4000000E-2,1.9800000E-2
0.0000000E+0,9.0000000E-7,-3.0000000E-7,-1.6346400E-2,6.4970310E-2,-5.0014200E+1,2.4000000E-2,2.4000000E-2,1.9800000E-2
0.0000000E+0,5.0000000E-7,8.0000000E-7,-1.6395100E-2,6.4970310E-2,-5.0014300E+1,2.4000000E-2,2.4000000E-2,1.9800000E-2
0.0000000E+0,-5.0000000E-7,3.0000000E-7,-1.6440500E-2,6.4970310E-2,-5.0013900E+1,2.4000000E-2,2.4000000E-2,1.9800000E-2
0.0000000E+0,5.0000000E-7,7.0000000E-7,-1.6489700E-2,6.4970310E-2,-5.0014000E+1,2.4000000E-2,2.4000000E-2,1.9800000E-2
0.0000000E+0,2.0000000E-7,-3.0000000E-7,-1.6540700E-2,6.4970310E-2,-5.0014000E+1,2.4000000E-2,2.4000000E-2,1.9800000E-2
0.0000000E+0,3.0000000E-7,6.0000000E-7,-1.6592400E-2,6.4970310E-2,-5.0013900E+1,2.4000000E-2,2.4000000E-2,1.9800000E-2
0.0000000E+0,7.0000000E-7,-5.0000000E-7,-1.6643800E-2,6.4970310E-2,-5.0014200E+1,2.4000000E-2,2.4000000E-2,1.9800000E-2
0.0000000E+0,5.0000000E-7,-1.0000000E-6,-1.6691700E-2,6.4970310E-2,-5.0014100E+1,2.4000000E-2,2.4000000E-2,1.9800000E-2
0.0000000E+0,-2.0000000E-7,-9.0000000E-7,-1.6750200E-2,6.4970310E-2,-5.0013900E+1,2.4000000E-2,2.4000000E-2,1.9800000E-2
0.0000000E+0,5.0000000E-7,-1.0000000E-7,-1.6797600E-2,6.4970310E-2,-5.0013600E+1,2.4000000E-2,2.4000000E-2,1.9800000E-2
0.0000000E+0,-5.0000000E-7,2.0000000E-7,-1.6834200E-2,6.4970310E-2,-5.0014100E+1,2.4000000E-2,2.4000000E-2,1.9800000E-2
0.0000000E+0,-4.0000000E-7,1.0000000E-7,-1.6891300E-2,6.4970310E-2,-5.0014500E+1,2.4000000E-2,2.4000000E-2,1.9800000E-2
0.0000000E+0,-1.2000000E-6,-2.0000000E-7,-1.6947400E-2,6.4970310E-2,-5.0013800E+1,2.4000000E-2,2.4000000E-2,1.9800000E-2
0.0000000E+0,1.0000000E-7,-2.0000000E-7,-1.6997000E-2,6.4970310E-2,-5.0014100E+1,2.4000000E-2,2.4000000E-2,1.9800000E-2
0.0000000E+0,5.0000000E-7,8.0000000E-7,-1.7042500E-2,6.4970310E-2,-5.0014400E+1,2.4000000E-2,2.4000000E-2,1.9800000E-2
0.0000000E+0,6.0000000E-7,6.0000000E-7,-1.7095600E-2,6.4970310E-2,-5.0014100E+1,2.4000000E-2,2.4000000E-2,1.9800000E-2
0.0000000E+0,5.0000000E-7,1.4000000E-6,-1.7145300E-2,6.4970310E-2,-5.0014300E+1,2.4000000E-2,2.4000000E-2,1.9800000E-2
0.0000000E+0,-3.0000000E-7,-0.0000000E+0,-1.7193800E-2,6.4970310E-2,-5.0014000E+1,2.4000000E-2,2.4000000E-2,1.9800000E-2
0.0000000E+0,8.0000000E-7,-6.0000000E-7,-1.7243000E-2,6.4970310E-2,-5.0014100E+1,2.4000000E-2,2.4000000E-2,1.9800000E-2
0.0000000E+0,5.0000000E-7,2.0000000E-7,-1.7300000E-2,6.4970310E-2,-5.0014000E+1,2.4000000E-2,2.4000000E-2,1.9800000E-2
0.0000000E+0,-4.0000000E-7,8.0000000E-7,-1.7343000E-2,6.4970310E-2,-5.0013900E+1,2.4000000E-2,2.4000000E-2,1.9800000E-2
0.0000000E+0,-9.0000000E-7,1.0000000E-7,-1.7392600E-2,6.4970310E-2,-5.0013900E+1,2.4000000E-2,2.4000000E-2,1.9800000E-2
0.0000000E+0,-1.0000000E-7,4.0000000E-7,-1.7446500E-2,6.4970310E-2,-5.0014500E+1,2.4000000E-2,2.4000000E-2,1.9800000E-2
0.0000000E+0,8.0000000E-7,8.0000000E-7,-1.7492100E-2,6.4970310E-2,-5.0014600E+1,2.4000000E-2,2.4000000E-2,1.9800000E-2
0.0000000E+0,1.0000000E-6,3.0000000E-7,-1.7546800E-2,6.4970310E-2,-5.0014100E+1,2.4000000E-2,2.4000000E-2,1.9800000E-2
0.0000000E+0,-6.0000000E-7,-1.0000000E-7,-1.7592100E-2,6.4970310E-2,-5.0013900E+1,2.4000000E-2,2.4000000E-2,1.9800000E-2
0.0000000E+0,2.0000000E-7,5.0000000E-7,-1.7645200E-2,6.4970310E-2,-5.0014000E+1,2.4000000E-2,2.4000000E-2,1.9800000E-2
0.0000000E+0,-7.0000000E-7,4.0000000E-7,-1.7695600E-2,6.4970310E-2,-5.0013900E+1,2.4000000E-2,2.4000000E-2,1.9800000E-2
0.0000000E+0,-8.0000000E-7,-3.0000000E-7,-1.7741600E-2,6.4970310E-2,-5.0014100E+1,2.4000000E-2,2.4000000E-2,1.9800000E-2
0.0000000E+0,-5.0000000E-7,-5.0000000E-7,-1.7795900E-2,6.4970310E-2,-5.0014200E+1,2.4000000E-2,2.4000000E-2,1.9800000E-2
0.0000000E+0,5.0000000E-7,-6.0000000E-7,-1.7843600E-2,6.4970310E-2,-5.0014000E+1,2.4000000E-2,2.4000000E-2,1.9800000E-2
0.0000000E+0,-4.0000000E-7,-5.0000000E-7,-1.7893400E-2,6.4970310E-2,-5.0014300E+1,2.4000000E-2,2.4000000E-2,1.9800000E-2
0.0000000E+0,4.0000000E-7,-4.0000000E-7,-1.7946200E-2,6.4970310E-2,-5.0014500E+1,2.4000000E-2,2.4000000E-2,1.9800000E-2
0.0000000E+0,1.2000000E-6,-7.0000000E-7,-1.7996900E-2,6.4970310E-2,-5.0013900E+1,2.4000000E-2,2.4000000E-2,1.9800000E-2
0.0000000E+0,-3.0000000E-7,-1.0000000E-6,-1.8046600E-2,6.4970310E-2,-5.0014300E+1,2.4000000E-2,2.4000000E-2,1.9800000E-2
0.0000000E+0,1.3000000E-6,0.0000000E+0,-1.8093400E-2,6.4970310E-2,-5.0014700E+1,2.4000000E-2,2.4000000E-2,1.9800000E-2
0.0000000E+0,1.0000000E-7,-3.0000000E-7,-1.8144300E-2,6.4970310E-2,-5.0014400E+1,2.4000000E-2,2.4000000E-2,1.9800000E-2
0.0000000E+0,2.0000000E-7,1.0000000E-7,-1.8194200E-2,6.4970310E-2,-5.0014200E+1,2.4000000E-2,2.4000000E-2,1.9800000E-2
0.0000000E+0,-4.0000000E-7,5.0000000E-7,-1.8245400E-2,6.4970310E-2,-5.0014000E+1,2.4000000E-2,2.4000000E-2,1.9800000E-2
0.0000000E+0,-3.0000000E-7,1.0000000E-7,-1.8299000E-2,6.4970310E-2,-5.0014300E+1,2.4000000E-2,2.4000000E-2,1.9800000E-2
0.0000000E+0,7.0000000E-7,-2.0000000E-7,-1.8351100E-2,6.4970310E-2,-5.0014300E+1,2.4000000E-2,2.4000000E-2,1.9800000E-2
0.0000000E+0,7.0000000E-7,-1.0000000E-7,-1.8393200E-2,6.4970310E-2,-5.0014100E+1,2.4000000E-2,2.4000000E-2,1.9800000E-2
0.0000000E+0,5.0000000E-7,-7.0000000E-7,-1.8446200E-2,6.4970310E-2,-5.0014200E+1,2.4000000E-2,2.4000000E-2,1.9800000E-2
0.0000000E+0,8.0000000E-7,6.0000000E-7,-1.8492300E-2,6.4970310E-2,-5.0014100E+1,2.4000000E-2,2.4000000E-2,1.9800000E-2
0.0000000E+0,1.0000000E-7,-5.0000000E-7,-1.8543500E-2,6.4970310E-2,-5.0014200E+1,2.4000000E-2,2.4000000E-2,1.9800000E-2
0.0000000E+0,3.0000000E-7,-1.0000000E-7,-1.8594400E-2,6.4970310E-2,-5.0014300E+1,2.4000000E-2,2.4000000E-2,1.9800000E-2
0.0000000E+0,-0.0000000E+0,5.0000000E-7,-1.8641600E-2,6.4970310E-2,-5.0014300E+1,2.4000000E-2,2.4000000E-2,1.9800000E-2
0.0000000E+0,-3.0000000E-7,5.0000000E-7,-1.8692600E-2,6.4970310E-2,-5.0015000E+1,2.4000000E-2,2.4000000E-2,1.9800000E-2
0.0000000E+0,3.0000000E-7,2.0000000E-7,-1.8744000E-2,6.4970310E-2,-5.0014600E+1,2.4000000E-2,2.4000000E-2,1.9800000E-2
0.0000000E+0,-8.0000000E-7,-5.0000000E-7,-1.8792300E-2,6.4970310E-2,-5.0014700E+1,2.4000000E-2,2.4000000E-2,1.9800000E-2
0.0000000E+0,1.0000000E-7,-4.0000000E-7,-1.8851900E-2,6.4970310E-2,-5.0014500E+1,2.4000000E-2,2.4000000E-2,1.9800000E-2
0.0000000E+0,-1.0000000E-6,3.0000000E-7,-1.8891800E-2,6.4970310E-2,-5.0014500E+1,2.4000000E-2,2.4000000E-2,1.9800000E-2
0.0000000E+0,-2.0000000E-7,-0.0000000E+0,-1.8945900E-2,6.4970310E-2,-5.0014200E+1,2.4000000E-2,2.4000000E-2,1.9800000E-2
0.0000000E+0,7.0000000E-7,1.0000000E-7,-1.8992600E-2,6.4970310E-2,-5.0014300E+1,2.4000000E-2,2.4000000E-2,1.9800000E-2
0.0000000E+0,-3.0000000E-7,-1.0000000E-7,-1.9043900E-2,6.4970310E-2,-5.0014100E+1,2.4000000E-2,2.4000000E-2,1.9800000E-2
0.0000000E+0,-3.0000000E-7,-1.0000000E-7,-1.9092800E-2,6.4970310E-2,-5.0014400E+1,2.4000000E-2,2.4000000E-2,1.9800000E-2
0.0000000E+0,8.0000000E-7,-4.0000000E-7,-1.9143600E-2,6.4970310E-2,-5.0014400E+1,2.4000000E-2,2.4000000E-2,1.9800000E-2
0.0000000E+0,4.0000000E-7,3.0000000E-7,-1.9195200E-2,6.4970310E-2,-5.0014300E+1,2.4000000E-2,2.4000000E-2,1.9800000E-2
0.0000000E+0,-1.0000000E-7,-0.0000000E+0,-1.9246200E-2,6.4970310E-2,-5.0014600E+1,2.4000000E-2,2.4000000E-2,1.9800000E-2
0.0000000E+0,1.0000000E-7,-2.0000000E-7,-1.9292300E-2,6.4970310E-2,-5.0014400E+1,2.4000000E-2,2.4000000E-2,1.9800000E-2
0.0000000E+0,8.0000000E-7,-2.0000000E-7,-1.9340800E-2,6.4970310E-2,-5.0014500E+1,2.4000000E-2,2.4000000E-2,1.9800000E-2
0.0000000E+0,2.0000000E-7,3.0000000E-7,-1.9394700E-2,6.4970310E-2,-5.0014500E+1,2.4000000E-2,2.4000000E-2,1.9800000E-2
0.0000000E+0,-8.0000000E-7,4.0000000E-7,-1.9443000E-2,6.4970310E-2,-5.0014500E+1,2.4000000E-2,2.4000000E-2,1.9800000E-2
0.0000000E+0,7.0000000E-7,1.0000000E-7,-1.9489900E-2,6.4970310E-2,-5.0014600E+1,2.4000000E-2,2.4000000E-2,1.9800000E-2
0.0000000E+0,-1.0000000E-7,-7.0000000E-7,-1.9538700E-2,6.4970310E-2,-5.0014500E+1,2.4000000E-2,2.4000000E-2,1.9800000E-2
0.0000000E+0,-4.0000000E-7,-4.0000000E-7,-1.9594500E-2,6.4970310E-2,-5.0014400E+1,2.4000000E-2,2.4000000E-2,1.9800000E-2
0.0000000E+0,3.0000000E-7,4.0000000E-7,-1.9642700E-2,6.4970310E-2,-5.0014300E+1,2.4000000E-2,2.4000000E-2,1.9800000E-2
0.0000000E+0,6.0000000E-7,-1.3000000E-6,-1.9692700E-2,6.4970310E-2,-5.0014600E+1,2.4000000E-2,2.4000000E-2,1.9800000E-2
0.0000000E+0,-1.0000000E-7,-4.0000000E-7,-1.9744600E-2,6.4970310E-2,-5.0014400E+1,2.4000000E-2,2.4000000E-2,1.9800000E-2
0.0000000E+0,-1.0000000E-7,-2.0000000E-7,-1.9798900E-2,6.4970310E-2,-5.0014100E+1,2.4000000E-2,2.4000000E-2,1.9800000E-2
0.0000000E+0,-1.3000000E-6,6.0000000E-7,-1.9844100E-2,6.4970310E-2,-5.0014300E+1,2.4000000E-2,2.4000000E-2,1.9800000E-2
0.0000000E+0,-1.0000000E-6,-3.0000000E-7,-1.9891900E-2,6.4970310E-2,-5.0014000E+1,2.4000000E-2,2.4000000E-2,1.9800000E-2
0.0000000E+0,0.0000000E+0,5.0000000E-7,-1.9941200E-2,6.4970310E-2,-5.0013900E+1,2.4000000E-2,2.4000000E-2,1.9800000E-2
0.0000000E+0,1.0000000E-7,-6.0000000E-7,-1.9992300E-2,6.4970310E-2,-5.0014200E+1,2.4000000E-2,2.4000000E-2,1.9800000E-2
