Idc,Bx,By,Bz,Vdc_adc,V_bg,dBx,dBy,dBz,
nA,T,T,T,mV,V,T/min,T/min,T/min,
0.0000000E+0,5.0000000E-7,-3.0000000E-7,1.4997200E-2,6.4970310E-2,4.9999600E+1,2.4000000E-2,2.4000000E-2,1.9800000E-2
0.0000000E+0,-1.1000000E-6,-5.0000000E-7,1.4957300E-2,6.4970310E-2,4.9999700E+1,2.4000000E-2,2.4000000E-2,1.9800000E-2
0.0000000E+0,1.0000000E-7,8.0000000E-7,1.4908300E-2,6.4970310E-2,5.0000000E+1,2.4000000E-2,2.4000000E-2,1.9800000E-2
0.0000000E+0,1.0000000E-7,1.0000000E-7,1.4850700E-2,6.4970310E-2,4.9999700E+1,2.4000000E-2,2.4000000E-2,1.9800000E-2
0.0000000E+0,2.0000000E-7,1.0000000E-7,1.4802400E-2,6.4970310E-2,4.9999800E+1,2.4000000E-2,2.4000000E-2,1.9800000E-2
0.0000000E+0,6.0000000E-7,-4.0000000E-7,1.4750100E-2,6.4970310E-2,5.0000000E+1,2.4000000E-2,2.4000000E-2,1.9800000E-2
0.0000000E+0,9.0000000E-7,2.0000000E-7,1.4707300E-2,6.4970310E-2,4.9999700E+1,2.4000000E-2,2.4000000E-2,1.9800000E-2
0.0000000E+0,1.0000000E-6,1.0000000E-7,1.4659000E-2,6.4970310E-2,5.0000400E+1,2.4000000E-2,2.4000000E-2,1.9800000E-2
0.0000000E+0,3.0000000E-7,8.0000000E-7,1.4605200E-2,6.4970310E-2,5.0000300E+1,2.4000000E-2,2.4000000E-2,1.9800000E-2
0.0000000E+0,4.0000000E-7,3.0000000E-7,1.4559100E-2,6.4970310E-2,4.9999900E+1,2.4000000E-2,2.4000000E-2,1.9800000E-2
0.0000000E+0,-8.0000000E-7,4.0000000E-7,1.4502300E-2,6.4970310E-2,4.9999700E+1,2.4000000E-2,2.4000000E-2,1.9800000E-2
0.0000000E+0,2.0000000E-7,1.2000000E-6,1.4457400E-2,6.4970310E-2,4.9999500E+1,2.4000000E-2,2.4000000E-2,1.9800000E-2
0.0000000E+0,-4.0000000E-7,-5.0000000E-7,1.4407700E-2,6.4970310E-2,4.9999700E+1,2.4000000E-2,2.4000000E-2,1.9800000E-2
0.0000000E+0,-6.0000000E-7,-6.0000000E-7,1.4354800E-2,6.4970310E-2,4.9999700E+1,2.4000000E-2,2.4000000E-2,1.9800000E-2
0.0000000E+0,-2.0000000E-7,-1.0000000E-7,1.4307300E-2,6.4970310E-2,4.9999500E+1,2.4000000E-2,2.4000000E-2,1.9800000E-2
0.0000000E+0,4.0000000E-7,1.0000000E-7,1.4250400E-2,6.4970310E-2,5.0000000E+1,2.4000000E-2,2.4000000E-2,1.9800000E-2
0.0000000E+0,1.0000000E-7,1.0000000E-6,1.4209600E-2,6.4970310E-2,5.0000000E+1,2.4000000E-2,2.4000000E-2,1.9800000E-2
0.0000000E+0,-5.0000000E-7,-1.0000000E-7,1.4156600E-2,6.4970310E-2,5.0000100E+1,2.4000000E-2,2.4000000E-2,1.9800000E-2
0.0000000E+0,8.0000000E-7,1.0000000E-7,1.4105900E-2,6.4970310E-2,5.0000000E+1,2.4000000E-2,2.4000000E-2,1.9800000E-2
0.0000000E+0,3.0000000E-7,-2.0000000E-7,1.4059300E-2,6.4970310E-2,4.9999800E+1,2.4000000E-2,2.4000000E-2,1.9800000E-2
0.0000000E+0,4.0000000E-7,5.0000000E-7,1.4012300E-2,6.4970310E-2,4.9999300E+1,2.4000000E-2,2.4000000E-2,1.9800000E-2
0.0000000E+0,1.1000000E-6,-6.0000000E-7,1.3958100E-2,6.4970310E-2,4.9999500E+1,2.4000000E-2,2.4000000E-2,1.9800000E-2
0.0000000E+0,7.0000000E-7,-1.0000000E-7,1.3911100E-2,6.4970310E-2,4.9999500E+1,2.4000000E-2,2.4000000E-2,1.9800000E-2
0.0000000E+0,-5.0000000E-7,-4.0000000E-7,1.3856800E-2,6.4970310E-2,5.0000100E+1,2.4000000E-2,2.4000000E-2,1.9800000E-2
0.0000000E+0,-8.0000000E-7,-0.0000000E+0,1.3804900E-2,6.4970310E-2,5.0000100E+1,2.4000000E-2,2.4000000E-2,1.9800000E-2
0.0000000E+0,5.0000000E-7,-2.0000000E-7,1.3755100E-2,6.4970310E-2,5.0000400E+1,2.4000000E-2,2.4000000E-2,1.9800000E-2
0.0000000E+0,2.0000000E-7,7.0000000E-7,1.3706700E-2,6.4970310E-2,4.9999900E+1,2.4000000E-2,2.4000000E-2,1.9800000E-2
0.0000000E+0,8.0000000E-7,5.0000000E-7,1.3654500E-2,6.4970310E-2,5.0000000E+1,2.4000000E-2,2.4000000E-2,1.9800000E-2
0.0000000E+0,-5.0000000E-7,-3.0000000E-7,1.3606800E-2,6.4970310E-2,4.9999900E+1,2.4000000E-2,2.4000000E-2,1.9800000E-2
0.0000000E+0,-1.0000000E-7,5.0000000E-7,1.3556100E-2,6.4970310E-2,5.0000000E+1,2.4000000E-2,2.4000000E-2,1.9800000E-2
0.0000000E+0,3.0000000E-7,-5.0000000E-7,1.3503100E-2,6.4970310E-2,4.9999900E+1,2.4000000E-2,2.4000000E-2,1.9800000E-2
0.0000000E+0,-4.0000000E-7,-4.0000000E-7,1.3453400E-2,6.4970310E-2,4.9999900E+1,2.4000000E-2,2.4000000E-2,1.9800000E-2
0.0000000E+0,-4.0000000E-7,4.0000000E-7,1.3408500E-2,6.4970310E-2,4.9999900E+1,2.4000000E-2,2.4000000E-2,1.9800000E-2
0.0000000E+0,-0.0000000E+0,-2.0000000E-7,1.3354400E-2,6.4970310E-2,4.9999900E+1,2.4000000E-2,2.4000000E-2,1.9800000E-2
0.0000000E+0,-3.0000000E-7,1.0000000E-7,1.3304800E-2,6.4970310E-2,4.9999900E+1,2.4000000E-2,2.4000000E-2,1.9800000E-2
0.0000000E+0,8.0000000E-7,-4.0000000E-7,1.3260400E-2,6.4970310E-2,5.0000100E+1,2.4000000E-2,2.4000000E-2,1.9800000E-2
0.0000000E+0,-8.0000000E-7,0.0000000E+0,1.3209200E-2,6.4970310E-2,5.0000100E+1,2.4000000E-2,2.4000000E-2,1.9800000E-2
0.0000000E+0,-3.0000000E-7,6.0000000E-7,1.3158700E-2,6.4970310E-2,4.9999900E+1,2.4000000E-2,2.4000000E-2,1.9800000E-2
0.0000000E+0,9.0000000E-7,6.0000000E-7,1.3102400E-2,6.4970310E-2,4.9999900E+1,2.4000000E-2,2.4000000E-2,1.9800000E-2
0.0000000E+0,0.0000000E+0,6.0000000E-7,1.3059900E-2,6.4970310E-2,4.9999600E+1,2.4000000E-2,2.4000000E-2,1.9800000E-2
0.0000000E+0,-7.0000000E-7,3.0000000E-7,1.3002900E-2,6.4970310E-2,4.9999700E+1,2.4000000E-2,2.4000000E-2,1.9800000E-2
0.0000000E+0,3.0000000E-7,-3.0000000E-7,1.2953900E-2,6.4970310E-2,5.0000100E+1,2.4000000E-2,2.4000000E-2,1.9800000E-2
0.0000000E+0,1.0000000E-7,-1.0000000E-7,1.2906000E-2,6.4970310E-2,5.0000000E+1,2.4000000E-2,2.4000000E-2,1.9800000E-2
0.0000000E+0,-1.0000000E-6,-4.0000000E-7,1.2854000E-2,6.4970310E-2,4.9999800E+1,2.4000000E-2,2.4000000E-2,1.9800000E-2
0.0000000E+0,1.3000000E-6,1.0000000E-7,1.2812100E-2,6.4970310E-2,4.9999700E+1,2.4000000E-2,2.4000000E-2,1.9800000E-2
0.0000000E+0,1.0000000E-7,-2.0000000E-7,1.2756900E-2,6.4970310E-2,4.9999500E+1,2.4000000E-2,2.4000000E-2,1.9800000E-2
0.0000000E+0,-1.1000000E-6,0.0000000E+0,1.2710400E-2,6.4970310E-2,4.9999400E+1,2.4000000E-2,2.4000000E-2,1.9800000E-2
0.0000000E+0,-7.0000000E-7,-5.0000000E-7,1.2653200E-2,6.4970310E-2,4.9999600E+1,2.4000000E-2,2.4000000E-2,1.9800000E-2
0.0000000E+0,8.0000000E-7,-1.0000000E-7,1.2607100E-2,6.4970310E-2,4.9999900E+1,2.4000000E-2,2.4000000E-2,1.9800000E-2
0.0000000E+0,-0.0000000E+0,8.0000000E-7,1.2555200E-2,6.4970310E-2,4.9999700E+1,2.4000000E-2,2.4000000E-2,1.9800000E-2
0.0000000E+0,-3.0000000E-7,3.0000000E-7,1.2508500E-2,6.4970310E-2,4.9999500E+1,2.4000000E-2,2.4000000E-2,1.9800000E-2
0.0000000E+0,-5.0000000E-7,1.0000000E-7,1.2454800E-2,6.4970310E-2,4.9999900E+1,2.4000000E-2,2.4000000E-2,1.9800000E-2
0.0000000E+0,-4.0000000E-7,6.0000000E-7,1.2403500E-2,6.4970310E-2,4.9999900E+1,2.4000000E-2,2.4000000E-2,1.9800000E-2
0.0000000E+0,5.0000000E-7,-1.0000000E-7,1.2358000E-2,6.4970310E-2,4.9999700E+1,2.4000000E-2,2.4000000E-2,1.9800000E-2
0.0000000E+0,-4.0000000E-7,3.0000000E-7,1.2304600E-2,6.4970310E-2,4.9999700E+1,2.4000000E-2,2.4000000E-2,1.9800000E-2
0.0000000E+0,7.0000000E-7,1.0000000E-7,1.2258100E-2,6.4970310E-2,4.9999500E+1,2.4000000E-2,2.4000000E-2,1.9800000E-2
0.0000000E+0,5.0000000E-7,-3.0000000E-7,1.2211100E-2,6.4970310E-2,4.9999700E+1,2.4000000E-2,2.4000000E-2,1.9800000E-2
0.0000000E+0,-5.0000000E-7,-3.0000000E-7,1.2161400E-2,6.4970310E-2,4.9999500E+1,2.4000000E-2,2.4000000E-2,1.9800000E-2
0.0000000E+0,1.0000000E-6,3.0000000E-7,1.2109600E-2,6.4970310E-2,4.9999900E+1,2.4000000E-2,2.4000000E-2,1.9800000E-2
0.0000000E+0,1.0000000E-7,4.0000000E-7,1.2061000E-2,6.4970310E-2,4.9999700E+1,2.4000000E-2,2.4000000E-2,1.9800000E-2
0.0000000E+0,1.0000000E-7,-1.1000000E-6,1.2006500E-2,6.4970310E-2,4.9999700E+1,2.4000000E-2,2.4000000E-2,1.9800000E-2
0.0000000E+0,1.0000000E-7,-4.0000000E-7,1.1957600E-2,6.4970310E-2,4.9999800E+1,2.4000000E-2,2.4000000E-2,1.9800000E-2
0.0000000E+0,3.0000000E-7,-4.0000000E-7,1.1906800E-2,6.4970310E-2,4.9999700E+1,2.4000000E-2,2.4000000E-2,1.9800000E-2
0.0000000E+0,-3.0000000E-7,-1.1000000E-6,1.1855600E-2,6.4970310E-2,4.9999900E+1,2.4000000E-2,2.4000000E-2,1.9800000E-2
0.0000000E+0,-3.0000000E-7,2.0000000E-7,1.1810200E-2,6.4970310E-2,4.9999900E+1,2.4000000E-2,2.4000000E-2,1.9800000E-2
0.0000000E+0,-6.0000000E-7,6.0000000E-7,1.1757000E-2,6.4970310E-2,4.9999500E+1,2.4000000E-2,2.4000000E-2,1.9800000E-2
0.0000000E+0,1.4000000E-6,-4.0000000E-7,1.1706200E-2,6.4970310E-2,4.9999800E+1,2.4000000E-2,2.4000000E-2,1.9800000E-2
0.0000000E+0,4.0000000E-7,1.0000000E-7,1.1650800E-2,6.4970310E-2,4.9999700E+1,2.4000000E-2,2.4000000E-2,1.9800000E-2
0.0000000E+0,0.0000000E+0,-3.0000000E-7,1.1608700E-2,6.4970310E-2,4.9999800E+1,2.4000000E-2,2.4000000E-2,1.9800000E-2
0.0000000E+0,3.0000000E-7,-1.0000000E-7,1.1550700E-2,6.4970310E-2,4.9999800E+1,2.4000000E-2,2.4000000E-2,1.9800000E-2
0.0000000E+0,3.0000000E-7,-3.0000000E-7,1.1507500E-2,6.4970310E-2,4.9999700E+1,2.4000000E-2,2.4000000E-2,1.9800000E-2
0.0000000E+0,4.0000000E-7,-2.0000000E-7,1.1453200E-2,6.4970310E-2,4.9999800E+1,2.4000000E-2,2.4000000E-2,1.9800000E-2
0.0000000E+0,-2.0000000E-7,1.0000000E-7,1.1404600E-2,6.4970310E-2,4.9999300E+1,2.4000000E-2,2.4000000E-2,1.9800000E-2
0.0000000E+0,-1.0000000E-7,-4.0000000E-7,1.1355000E-2,6.4970310E-2,4.9999800E+1,2.4000000E-2,2.4000000E-2,1.9800000E-2
0.0000000E+0,2.0000000E-7,-2.0000000E-7,1.1309600E-2,6.4970310E-2,4.9999800E+1,2.4000000E-2,2.4000000E-2,1.9800000E-2
0.0000000E+0,1.0000000E-7,-9.0000000E-7,1.1254800E-2,6.4970310E-2,4.9999900E+1,2.4000000E-2,2.4000000E-2,1.9800000E-2
0.0000000E+0,1.0000000E-7,-3.0000000E-7,1.1203200E-2,6.4970310E-2,5.0000100E+1,2.4000000E-2,2.4000000E-2,1.9800000E-2
0.0000000E+0,-1.0000000E-7,2.0000000E-7,1.1155300E-2,6.4970310E-2,4.9999500E+1,2.4000000E-2,2.4000000E-2,1.9800000E-2
0.0000000E+0,1.0000000E-7,-3.0000000E-7,1.1111000E-2,6.4970310E-2,4.9999700E+1,2.4000000E-2,2.4000000E-2,1.9800000E-2
0.0000000E+0,-4.0000000E-7,3.0000000E-7,1.1055100E-2,6.4970310E-2,4.9999800E+1,2.4000000E-2,2.4000000E-2,1.9800000E-2
0.0000000E+0,2.0000000E-7,2.0000000E-7,1.1009500E-2,6.4970310E-2,4.9999600E+1,2.4000000E-2,2.4000000E-2,1.9800000E-2
0.0000000E+0,3.0000000E-7,0.0000000E+0,1.0956100E-2,6.4970310E-2,4.9999700E+1,2.4000000E-2,2.4000000E-2,1.9800000E-2
0.0000000E+0,-3.0000000E-7,-3.0000000E-7,1.0908000E-2,6.4970310E-2,4.9999700E+1,2.4000000E-2,2.4000000E-2,1.9800000E-2
0.0000000E+0,5.0000000E-7,2.0000000E-7,1.0855000E-2,6.4970310E-2,4.9999900E+1,2.4000000E-2,2.4000000E-2,1.9800000E-2
0.0000000E+0,-3.0000000E-7,6.0000000E-7,1.0799900E-2,6.4970310E-2,4.9999600E+1,2.4000000E-2,2.4000000E-2,1.9800000E-2
0.0000000E+0,1.0000000E-7,3.0000000E-7,1.0761100E-2,6.4970310E-2,4.9999500E+1,2.4000000E-2,2.4000000E-2,1.9800000E-2
0.0000000E+0,-3.0000000E-7,4.0000000E-7,1.0711200E-2,6.4970310E-2,4.9999700E+1,2.4000000E-2,2.4000000E-2,1.9800000E-2
0.0000000E+0,3.0000000E-7,-4.0000000E-7,1.0652700E-2,6.4970310E-2,4.9999500E+1,2.4000000E-2,2.4000000E-2,1.9800000E-2
0.0000000E+0,3.0000000E-7,5.0000000E-7,1.0603300E-2,6.4970310E-2,4.9999800E+1,2.4000000E-2,2.4000000E-2,1.9800000E-2
0.0000000E+0,-3.0000000E-7,2.0000000E-7,1.0558300E-2,6.4970310E-2,4.9999800E+1,2.4000000E-2,2.4000000E-2,1.9800000E-2
0.0000000E+0,-1.0000000E-6,6.0000000E-7,1.0507600E-2,6.4970310E-2,4.9999700E+1,2.4000000E-2,2.4000000E-2,1.9800000E-2
0.0000000E+0,2.0000000E-7,5.0000000E-7,1.0459000E-2,6.4970310E-2,4.9999600E+1,2.4000000E-2,2.4000000E-2,1.9800000E-2
0.0000000E+0,-2.0000000E-7,1.0000000E-7,1.0408500E-2,6.4970310E-2,4.9999400E+1,2.4000000E-2,2.4000000E-2,1.9800000E-2
0.0000000E+0,-2.0000000E-7,-6.0000000E-7,1.0355700E-2,6.4970310E-2,4.9999900E+1,2.4000000E-2,2.4000000E-2,1.9800000E-2
0.0000000E+0,-9.0000000E-7,1.0000000E-7,1.0303400E-2,6.4970310E-2,4.9999900E+1,2.4000000E-2,2.4000000E-2,1.9800000E-2
0.0000000E+0,4.0000000E-7,1.0000000E-7,1.0258700E-2,6.4970310E-2,4.9999700E+1,2.4000000E-2,2.4000000E-2,1.9800000E-2
0.0000000E+0,0.0000000E+0,5.0000000E-7,1.0204400E-2,6.4970310E-2,4.9999700E+1,2.4000000E-2,2.4000000E-2,1.9800000E-2
0.0000000E+0,1.0000000E-7,1.0000000E-6,1.0152500E-2,6.4970310E-2,4.9999700E+1,2.4000000E-2,2.4000000E-2,1.9800000E-2
0.0000000E+0,-5.0000000E-7,2.0000000E-7,1.0103600E-2,6.4970310E-2,5.0000000E+1,2.4000000E-2,2.4000000E-2,1.9800000E-2
0.0000000E+0,9.0000000E-7,-1.0000000E-7,1.0058500E-2,6.4970310E-2,5.0000000E+1,2.4000000E-2,2.4000000E-2,1.9800000E-2
0.0000000E+0,0.0000000E+0,3.0000000E-7,1.0004700E-2,6.4970310E-2,4.9999800E+1,2.4000000E-2,2.4000000E-2,1.9800000E-2
0.0000000E+0,4.0000000E-7,5.0000000E-7,9.9559000E-3,6.4970310E-2,4.9999700E+1,2.4000000E-2,2.4000000E-2,1.9800000E-2
0.0000000E+0,4.0000000E-7,0.0000000E+0,9.9052000E-3,6.4970310E-2,5.0000000E+1,2.4000000E-2,2.4000000E-2,1.9800000E-2
0.0000000E+0,-0.0000000E+0,1.1000000E-6,9.8560000E-3,6.4970310E-2,4.9999700E+1,2.4000000E-2,2.4000000E-2,1.9800000E-2
0.0000000E+0,-4.0000000E-7,2.0000000E-7,9.8048000E-3,6.4970310E-2,4.9999500E+1,2.4000000E-2,2.4000000E-2,1.9800000E-2
0.0000000E+0,-4.0000000E-7,-3.0000000E-7,9.7616000E-3,6.4970310E-2,4.9999800E+1,2.4000000E-2,2.4000000E-2,1.9800000E-2
0.0000000E+0,-1.5000000E-6,-3.0000000E-7,9.7051000E-3,6.4970310E-2,4.9999600E+1,2.4000000E-2,2.4000000E-2,1.9800000E-2
0.0000000E+0,5.0000000E-7,-1.0000000E-7,9.6563000E-3,6.4970310E-2,4.9999700E+1,2.4000000E-2,2.4000000E-2,1.9800000E-2
0.0000000E+0,-4.0000000E-7,1.0000000E-7,9.6020000E-3,6.4970310E-2,5.0000200E+1,2.4000000E-2,2.4000000E-2,1.9800000E-2
0.0000000E+0,4.0000000E-7,9.0000000E-7,9.5551000E-3,6.4970310E-2,4.9999800E+1,2.4000000E-2,2.4000000E-2,1.9800000E-2
0.0000000E+0,2.0000000E-7,6.0000000E-7,9.4966000E-3,6.4970310E-2,4.9999600E+1,2.4000000E-2,2.4000000E-2,1.9800000E-2
0.0000000E+0,8.0000000E-7,3.0000000E-7,9.4536000E-3,6.4970310E-2,4.9999900E+1,2.4000000E-2,2.4000000E-2,1.9800000E-2
0.0000000E+0,7.0000000E-7,-1.0000000E-7,9.4044000E-3,6.4970310E-2,4.9999900E+1,2.4000000E-2,2.4000000E-2,1.9800000E-2
0.0000000E+0,1.0000000E-6,1.0000000E-7,9.3554000E-3,6.4970310E-2,4.9999600E+1,2.4000000E-2,2.4000000E-2,1.9800000E-2
0.0000000E+0,-8.0000000E-7,-5.0000000E-7,9.3042000E-3,6.4970310E-2,4.9999700E+1,2.4000000E-2,2.4000000E-2,1.9800000E-2
0.0000000E+0,7.0000000E-7,-6.0000000E-7,9.2552000E-3,6.4970310E-2,4.9999600E+1,2.4000000E-2,2.4000000E-2,1.9800000E-2
0.0000000E+0,-5.0000000E-7,-4.0000000E-7,9.2064000E-3,6.4970310E-2,4.9999900E+1,2.4000000E-2,2.4000000E-2,1.9800000E-2
0.0000000E+0,-5.0000000E-7,-5.0000000E-7,9.1546000E-3,6.4970310E-2,5.0000000E+1,2.4000000E-2,2.4000000E-2,1.9800000E-2
0.0000000E+0,-1.3000000E-6,-1.4000000E-6,9.1100000E-3,6.4970310E-2,4.9999800E+1,2.4000000E-2,2.4000000E-2,1.9800000E-2
0.0000000E+0,-3.0000000E-7,5.0000000E-7,9.0546000E-3,6.4970310E-2,4.9999400E+1,2.4000000E-2,2.4000000E-2,1.9800000E-2
0.0000000E+0,2.0000000E-7,1.0000000E-7,9.0050000E-3,6.4970310E-2,4.9999000E+1,2.4000000E-2,2.4000000E-2,1.9800000E-2
0.0000000E+0,-4.0000000E-7,-5.0000000E-7,8.9569000E-3,6.4970310E-2,4.9999600E+1,2.4000000E-2,2.4000000E-2,1.9800000E-2
0.0000000E+0,-3.0000000E-7,-4.0000000E-7,8.8997000E-3,6.4970310E-2,4.9999700E+1,2.4000000E-2,2.4000000E-2,1.9800000E-2
0.0000000E+0,-4.0000000E-7,-3.0000000E-7,8.8528000E-3,6.4970310E-2,4.9999500E+1,2.4000000E-2,2.4000000E-2,1.9800000E-2
0.0000000E+0,4.0000000E-7,5.0000000E-7,8.8038000E-3,6.4970310E-2,4.9999400E+1,2.4000000E-2,2.4000000E-2,1.9800000E-2
0.0000000E+0,4.0000000E-7,2.0000000E-7,8.7593000E-3,6.4970310E-2,4.9999500E+1,2.4000000E-2,2.4000000E-2,1.9800000E-2
0.0000000E+0,-8.0000000E-7,5.0000000E-7,8.7052000E-3,6.4970310E-2,4.9999300E+1,2.4000000E-2,2.4000000E-2,1.9800000E-2
0.0000000E+0,5.0000000E-7,5.0000000E-7,8.6476000E-3,6.4970310E-2,4.9999500E+1,2.4000000E-2,2.4000000E-2,1.9800000E-2
0.0000000E+0,1.0000000E-7,-1.0000000E-7,8.6070000E-3,6.4970310E-2,4.9999300E+1,2.4000000E-2,2.4000000E-2,1.9800000E-2
0.0000000E+0,-6.0000000E-7,-7.0000000E-7,8.5591000E-3,6.4970310E-2,4.9999000E+1,2.4000000E-2,2.4000000E-2,1.9800000E-2
0.0000000E+0,4.0000000E-7,4.0000000E-7,8.5030000E-3,6.4970310E-2,4.9999500E+1,2.4000000E-2,2.4000000E-2,1.9800000E-2
0.0000000E+0,-5.0000000E-7,-7.0000000E-7,8.4592000E-3,6.4970310E-2,4.9999500E+1,2.4000000E-2,2.4000000E-2,1.9800000E-2
0.0000000E+0,-1.0000000E-7,-1.0000000E-7,8.4084000E-3,6.4970310E-2,4.9999400E+1,2.4000000E-2,2.4000000E-2,1.9800000E-2
0.0000000E+0,1.0000000E-7,2.0000000E-7,8.3586000E-3,6.4970310E-2,4.9999300E+1,2.4000000E-2,2.4000000E-2,1.9800000E-2
0.0000000E+0,7.0000000E-7,2.0000000E-7,8.3069000E-3,6.4970310E-2,4.9999200E+1,2.4000000E-2,2.4000000E-2,1.9800000E-2
0.0000000E+0,-5.0000000E-7,0.0000000E+0,8.2597000E-3,6.4970310E-2,4.9999700E+1,2.4000000E-2,2.4000000E-2,1.9800000E-2
0.0000000E+0,2.0000000E-7,-0.0000000E+0,8.2066000E-3,6.4970310E-2,4.9999500E+1,2.4000000E-2,2.4000000E-2,1.9800000E-2
0.0000000E+0,1.0000000E-7,2.0000000E-7,8.1582000E-3,6.4970310E-2,4.9999400E+1,2.4000000E-2,2.4000000E-2,1.9800000E-2
0.0000000E+0,2.0000000E-7,2.0000000E-7,8.1088000E-3,6.4970310E-2,4.9999500E+1,2.4000000E-2,2.4000000E-2,1.9800000E-2
0.0000000E+0,6.0000000E-7,1.0000000E-7,8.0508000E-3,6.4970310E-2,4.9999100E+1,2.4000000E-2,2.4000000E-2,1.9800000E-2
0.0000000E+0,1.0000000E-7,4.0000000E-7,8.0104000E-3,6.4970310E-2,4.9999400E+1,2.4000000E-2,2.4000000E-2,1.9800000E-2
0.0000000E+0,1.0000000E-7,-0.0000000E+0,7.9555000E-3,6.4970310E-2,4.9999500E+1,2.4000000E-2,2.4000000E-2,1.9800000E-2
0.0000000E+0,-6.0000000E-7,0.0000000E+0,7.9111000E-3,6.4970310E-2,4.9999700E+1,2.4000000E-2,2.4000000E-2,1.9800000E-2
0.0000000E+0,8.0000000E-7,2.0000000E-7,7.8591000E-3,6.4970310E-2,4.9999700E+1,2.4000000E-2,2.4000000E-2,1.9800000E-2
0.0000000E+0,-1.0000000E-7,8.0000000E-7,7.8085000E-3,6.4970310E-2,4.9999700E+1,2.4000000E-2,2.4000000E-2,1.9800000E-2
0.0000000E+0,-7.0000000E-7,5.0000000E-7,7.7556000E-3,6.4970310E-2,4.9999800E+1,2.4000000E-2,2.4000000E-2,1.9800000E-2
0.0000000E+0,-6.0000000E-7,-3.0000000E-7,7.7052000E-3,6.4970310E-2,4.9999400E+1,2.4000000E-2,2.4000000E-2,1.9800000E-2
0.0000000E+0,-7.0000000E-7,-7.0000000E-7,7.6552000E-3,6.4970310E-2,4.9999800E+1,2.4000000E-2,2.4000000E-2,1.9800000E-2
0.0000000E+0,-3.0000000E-7,2.0000000E-7,7.6029000E-3,6.4970310E-2,4.9999500E+1,2.4000000E-2,2.4000000E-2,1.9800000E-2
0.0000000E+0,5.0000000E-7,-8.0000000E-7,7.5563000E-3,6.4970310E-2,4.9999400E+1,2.4000000E-2,2.4000000E-2,1.9800000E-2
0.0000000E+0,-4.0000000E-7,-1.0000000E-7,7.5034000E-3,6.4970310E-2,4.9999400E+1,2.4000000E-2,2.4000000E-2,1.9800000E-2
0.0000000E+0,-4.0000000E-7,-8.0000000E-7,7.4550000E-3,6.4970310E-2,4.9999400E+1,2.4000000E-2,2.4000000E-2,1.9800000E-2
0.0000000E+0,-2.0000000E-7,-0.0000000E+0,7.4012000E-3,6.4970310E-2,4.9999500E+1,2.4000000E-2,2.4000000E-2,1.9800000E-2
0.0000000E+0,-2.0000000E-7,6.0000000E-7,7.3525000E-3,6.4970310E-2,4.9999700E+1,2.4000000E-2,2.4000000E-2,1.9800000E-2
0.0000000E+0,2.0000000E-7,1.0000000E-6,7.3052000E-3,6.4970310E-2,4.9999600E+1,2.4000000E-2,2.4000000E-2,1.9800000E-2
0.0000000E+0,5.0000000E-7,-3.0000000E-7,7.2538000E-3,6.4970310E-2,4.9999400E+1,2.4000000E-2,2.4000000E-2,1.9800000E-2
0.0000000E+0,-1.0000000E-7,1.0000000E-7,7.2042000E-3,6.4970310E-2,4.9999200E+1,2.4000000E-2,2.4000000E-2,1.9800000E-2
0.0000000E+0,-3.0000000E-7,4.0000000E-7,7.1546000E-3,6.4970310E-2,4.9999800E+1,2.4000000E-2,2.4000000E-2,1.9800000E-2
0.0000000E+0,4.0000000E-7,-3.0000000E-7,7.1060000E-3,6.4970310E-2,4.9999600E+1,2.4000000E-2,2.4000000E-2,1.9800000E-2
0.0000000E+0,-5.0000000E-7,-5.0000000E-7,7.0564000E-3,6.4970310E-2,4.9999300E+1,2.4000000E-2,2.4000000E-2,1.9800000E-2
0.0000000E+0,-5.0000000E-7,-1.0000000E-7,7.0070000E-3,6.4970310E-2,4.9999800E+1,2.4000000E-2,2.4000000E-2,1.9800000E-2
0.0000000E+0,-4.0000000E-7,-4.0000000E-7,6.9562000E-3,6.4970310E-2,4.9999200E+1,2.4000000E-2,2.4000000E-2,1.9800000E-2
0.0000000E+0,1.0000000E-7,-1.0000000E-7,6.9106000E-3,6.4970310E-2,4.9999300E+1,2.4000000E-2,2.4000000E-2,1.9800000E-2
0.0000000E+0,-2.0000000E-7,-0.0000000E+0,6.8549000E-3,6.4970310E-2,4.9999500E+1,2.4000000E-2,2.4000000E-2,1.9800000E-2
0.0000000E+0,1.0000000E-7,1.1000000E-6,6.8060000E-3,6.4970310E-2,4.9999000E+1,2.4000000E-2,2.4000000E-2,1.9800000E-2
0.0000000E+0,2.0000000E-7,2.0000000E-7,6.7545000E-3,6.4970310E-2,4.9999200E+1,2.4000000E-2,2.4000000E-2,1.9800000E-2
0.0000000E+0,3.0000000E-7,5.0000000E-7,6.7096000E-3,6.4970310E-2,4.9999500E+1,2.4000000E-2,2.4000000E-2,1.9800000E-2
0.0000000E+0,3.0000000E-7,-2.0000000E-7,6.6553000E-3,6.4970310E-2,4.9999500E+1,2.4000000E-2,2.4000000E-2,1.9800000E-2
0.0000000E+0,-7.0000000E-7,5.0000000E-7,6.6052000E-3,6.4970310E-2,4.9999500E+1,2.4000000E-2,2.4000000E-2,1.9800000E-2
0.0000000E+0,-3.0000000E-7,1.0000000E-7,6.5560000E-3,6.4970310E-2,4.9998800E+1,2.4000000E-2,2.4000000E-2,1.9800000E-2
0.0000000E+0,1.0000000E-7,1.0000000E-7,6.5052000E-3,6.4970310E-2,4.9999200E+1,2.4000000E-2,2.4000000E-2,1.9800000E-2
0.0000000E+0,1.0000000E-7,3.0000000E-7,6.4514000E-3,6.4970310E-2,4.9999300E+1,2.4000000E-2,2.4000000E-2,1.9800000E-2
0.0000000E+0,0.0000000E+0,-5.0000000E-7,6.4062000E-3,6.4970310E-2,4.9999000E+1,2.4000000E-2,2.4000000E-2,1.9800000E-2
0.0000000E+0,-2.0000000E-7,3.0000000E-7,6.3539000E-3,6.4970310E-2,4.9999100E+1,2.4000000E-2,2.4000000E-2,1.9800000E-2
0.0000000E+0,1.0000000E-7,1.0000000E-7,6.3122000E-3,6.4970310E-2,4.9999300E+1,2.4000000E-2,2.4000000E-2,1.9800000E-2
0.0000000E+0,0.0000000E+0,-1.0000000E-7,6.2557000E-3,6.4970310E-2,4.9999200E+1,2.4000000E-2,2.4000000E-2,1.9800000E-2
0.0000000E+0,-6.0000000E-7,-5.0000000E-7,6.2043000E-3,6.4970310E-2,4.9999000E+1,2.4000000E-2,2.4000000E-2,1.9800000E-2
0.0000000E+0,-3.0000000E-7,-1.0000000E-7,6.1568000E-3,6.4970310E-2,4.9999300E+1,2.4000000E-2,2.4000000E-2,1.9800000E-2
0.0000000E+0,5.0000000E-7,1.0000000E-7,6.1114000E-3,6.4970310E-2,4.9999300E+1,2.4000000E-2,2.4000000E-2,1.9800000E-2
0.0000000E+0,4.0000000E-7,3.0000000E-7,6.0518000E-3,6.4970310E-2,4.9999300E+1,2.4000000E-2,2.4000000E-2,1.9800000E-2
0.0000000E+0,-4.0000000E-7,4.0000000E-7,6.0053000E-3,6.4970310E-2,4.9999100E+1,2.4000000E-2,2.4000000E-2,1.9800000E-2
0.0000000E+0,5.0000000E-7,1.1000000E-6,5.9529000E-3,6.4970310E-2,4.9999100E+1,2.4000000E-2,2.4000000E-2,1.9800000E-2
0.0000000E+0,0.0000000E+0,5.0000000E-7,5.9036000E-3,6.4970310E-2,4.9999500E+1,2.4000000E-2,2.4000000E-2,1.9800000E-2
0.0000000E+0,7.0000000E-7,-3.0000000E-7,5.8559000E-3,6.4970310E-2,4.9999300E+1,2.4000000E-2,2.4000000E-2,1.9800000E-2
0.0000000E+0,-5.0000000E-7,-3.0000000E-7,5.8040000E-3,6.4970310E-2,4.9999200E+1,2.4000000E-2,2.4000000E-2,1.9800000E-2
0.0000000E+0,-3.0000000E-7,4.0000000E-7,5.7577000E-3,6.4970310E-2,4.9999500E+1,2.4000000E-2,2.4000000E-2,1.9800000E-2
0.0000000E+0,-7.0000000E-7,-1.0000000E-7,5.7059000E-3,6.4970310E-2,4.9999300E+1,2.4000000E-2,2.4000000E-2,1.9800000E-2
0.0000000E+0,-1.0000000E-7,-2.0000000E-7,5.6576000E-3,6.4970310E-2,4.9999300E+1,2.4000000E-2,2.4000000E-2,1.9800000E-2
0.0000000E+0,5.0000000E-7,-1.0000000E-7,5.6035000E-3,6.4970310E-2,4.9999300E+1,2.4000000E-2,2.4000000E-2,1.9800000E-2
0.0000000E+0,-5.0000000E-7,-1.0000000E-7,5.5576000E-3,6.4970310E-2,4.9999500E+1,2.4000000E-2,2.4000000E-2,1.9800000E-2
0.0000000E+0,1.0000000E-7,3.0000000E-7,5.5058000E-3,6.4970310E-2,4.9999200E+1,2.4000000E-2,2.4000000E-2,1.9800000E-2
0.0000000E+0,6.0000000E-7,2.0000000E-7,5.4550000E-3,6.4970310E-2,4.9999000E+1,2.4000000E-2,2.4000000E-2,1.9800000E-2
0.0000000E+0,0.0000000E+0,3.0000000E-7,5.4034000E-3,6.4970310E-2,4.9999600E+1,2.4000000E-2,2.4000000E-2,1.9800000E-2
0.0000000E+0,1.0000000E-7,-3.0000000E-7,5.3517000E-3,6.4970310E-2,4.9999200E+1,2.4000000E-2,2.4000000E-2,1.9800000E-2
0.0000000E+0,8.0000000E-7,-3.0000000E-7,5.3061000E-3,6.4970310E-2,4.9999500E+1,2.4000000E-2,2.4000000E-2,1.9800000E-2
0.0000000E+0,5.0000000E-7,4.0000000E-7,5.2615000E-3,6.4970310E-2,4.9999700E+1,2.4000000E-2,2.4000000E-2,1.9800000E-2
0.0000000E+0,2.0000000E-7,-2.0000000E-7,5.2088000E-3,6.4970310E-2,4.9999400E+1,2.4000000E-2,2.4000000E-2,1.9800000E-2
0.0000000E+0,2.0000000E-7,-3.0000000E-7,5.1567000E-3,6.4970310E-2,4.9999100E+1,2.4000000E-2,2.4000000E-2,1.9800000E-2
0.0000000E+0,3.0000000E-7,3.0000000E-7,5.1053000E-3,6.4970310E-2,4.9999600E+1,2.4000000E-2,2.4000000E-2,1.9800000E-2
0.0000000E+0,-5.0000000E-7,3.0000000E-7,5.0570000E-3,6.4970310E-2,4.9999600E+1,2.4000000E-2,2.4000000E-2,1.9800000E-2
0.0000000E+0,1.0000000E-7,-5.0000000E-7,5.0040000E-3,6.4970310E-2,4.9999400E+1,2.4000000E-2,2.4000000E-2,1.9800000E-2
0.0000000E+0,-1.0000000E-7,-1.0000000E-7,4.9588000E-3,6.4970310E-2,4.9999400E+1,2.4000000E-2,2.4000000E-2,1.9800000E-2
0.0000000E+0,-6.0000000E-7,-3.0000000E-7,4.9050000E-3,6.4970310E-2,4.9999300E+1,2.4000000E-2,2.4000000E-2,1.9800000E-2
0.0000000E+0,-1.0000000E-6,3.0000000E-7,4.8597000E-3,6.4970310E-2,4.9999400E+1,2.4000000E-2,2.4000000E-2,1.9800000E-2
0.0000000E+0,1.0000000E-7,1.0000000E-7,4.8059000E-3,6.4970310E-2,4.9999300E+1,2.4000000E-2,2.4000000E-2,1.9800000E-2
0.0000000E+0,7.0000000E-7,8.0000000E-7,4.7562000E-3,6.4970310E-2,4.9999500E+1,2.4000000E-2,2.4000000E-2,1.9800000E-2
0.0000000E+0,-1.1000000E-6,-9.0000000E-7,4.7011000E-3,6.4970310E-2,4.9999600E+1,2.4000000E-2,2.4000000E-2,1.9800000E-2
0.0000000E+0,2.0000000E-7,-1.4000000E-6,4.6554000E-3,6.4970310E-2,4.9999600E+1,2.4000000E-2,2.4000000E-2,1.9800000E-2
0.0000000E+0,-6.0000000E-7,1.0000000E-7,4.6082000E-3,6.4970310E-2,4.9999600E+1,2.4000000E-2,2.4000000E-2,1.9800000E-2
0.0000000E+0,-3.0000000E-7,5.0000000E-7,4.5599000E-3,6.4970310E-2,4.9999600E+1,2.4000000E-2,2.4000000E-2,1.9800000E-2
0.0000000E+0,1.0000000E-7,6.0000000E-7,4.5076000E-3,6.4970310E-2,4.9999500E+1,2.4000000E-2,2.4000000E-2,1.9800000E-2
0.0000000E+0,7.0000000E-7,-6.0000000E-7,4.4591000E-3,6.4970310E-2,4.9999700E+1,2.4000000E-2,2.4000000E-2,1.9800000E-2
0.0000000E+0,1.0000000E-7,1.0000000E-7,4.4072000E-3,6.4970310E-2,4.9999900E+1,2.4000000E-2,2.4000000E-2,1.9800000E-2
0.0000000E+0,6.0000000E-7,-5.0000000E-7,4.3547000E-3,6.4970310E-2,4.9999800E+1,2.4000000E-2,2.4000000E-2,1.9800000E-2
0.0000000E+0,1.0000000E-7,-2.0000000E-7,4.3066000E-3,6.4970310E-2,4.9999600E+1,2.4000000E-2,2.4000000E-2,1.9800000E-2
0.0000000E+0,-6.0000000E-7,7.0000000E-7,4.2590000E-3,6.4970310E-2,4.9999800E+1,2.4000000E-2,2.4000000E-2,1.9800000E-2
0.0000000E+0,1.0000000E-7,-4.0000000E-7,4.2009000E-3,6.4970310E-2,4.9999800E+1,2.4000000E-2,2.4000000E-2,1.9800000E-2
0.0000000E+0,-1.1000000E-6,-2.0000000E-7,4.1508000E-3,6.4970310E-2,4.9999700E+1,2.4000000E-2,2.4000000E-2,1.9800000E-2
0.0000000E+0,5.0000000E-7,-1.0000000E-7,4.1098000E-3,6.4970310E-2,4.9999800E+1,2.4000000E-2,2.4000000E-2,1.9800000E-2
0.0000000E+0,-4.0000000E-7,1.0000000E-7,4.0580000E-3,6.4970310E-2,4.9999300E+1,2.4000000E-2,2.4000000E-2,1.9800000E-2
0.0000000E+0,2.0000000E-7,-1.0000000E-7,4.0081000E-3,6.4970310E-2,4.9999600E+1,2.4000000E-2,2.4000000E-2,1.9800000E-2
0.0000000E+0,8.0000000E-7,3.0000000E-7,3.9529000E-3,6.4970310E-2,4.9999300E+1,2.4000000E-2,2.4000000E-2,1.9800000E-2
0.0000000E+0,9.0000000E-7,4.0000000E-7,3.9082000E-3,6.4970310E-2,4.9999300E+1,2.4000000E-2,2.4000000E-2,1.9800000E-2
0.0000000E+0,-2.0000000E-7,3.0000000E-7,3.8565000E-3,6.4970310E-2,4.9999500E+1,2.4000000E-2,2.4000000E-2,1.9800000E-2
0.0000000E+0,-1.0000000E-6,-1.0000000E-7,3.8057000E-3,6.4970310E-2,4.9999700E+1,2.4000000E-2,2.4000000E-2,1.9800000E-2
0.0000000E+0,-3.0000000E-7,6.0000000E-7,3.7575000E-3,6.4970310E-2,4.9999500E+1,2.4000000E-2,2.4000000E-2,1.9800000E-2
0.0000000E+0,-4.0000000E-7,-3.0000000E-7,3.7076000E-3,6.4970310E-2,4.9999500E+1,2.4000000E-2,2.4000000E-2,1.9800000E-2
0.0000000E+0,3.0000000E-7,-0.0000000E+0,3.6597000E-3,6.4970310E-2,5.0000000E+1,2.4000000E-2,2.4000000E-2,1.9800000E-2
0.0000000E+0,1.0000000E-7,5.0000000E-7,3.6081000E-3,6.4970310E-2,5.0000100E+1,2.4000000E-2,2.4000000E-2,1.9800000E-2
0.0000000E+0,3.0000000E-7,-2.0000000E-7,3.5556000E-3,6.4970310E-2,5.0000000E+1,2.4000000E-2,2.4000000E-2,1.9800000E-2
0.0000000E+0,-5.0000000E-7,-3.0000000E-7,3.5079000E-3,6.4970310E-2,4.9999600E+1,2.4000000E-2,2.4000000E-2,1.9800000E-2
0.0000000E+0,5.0000000E-7,-2.0000000E-7,3.4530000E-3,6.4970310E-2,4.9999700E+1,2.4000000E-2,2.4000000E-2,1.9800000E-2
0.0000000E+0,6.0000000E-7,-5.0000000E-7,3.4029000E-3,6.4970310E-2,4.9999900E+1,2.4000000E-2,2.4000000E-2,1.9800000E-2
0.0000000E+0,7.0000000E-7,1.0000000E-7,3.3517000E-3,6.4970310E-2,4.9999700E+1,2.4000000E-2,2.4000000E-2,1.9800000E-2
0.0000000E+0,-3.0000000E-7,-1.2000000E-6,3.3058000E-3,6.4970310E-2,4.9999700E+1,2.4000000E-2,2.4000000E-2,1.9800000E-2
0.0000000E+0,-7.0000000E-7,-7.0000000E-7,3.2604000E-3,6.4970310E-2,4.9999800E+1,2.4000000E-2,2.4000000E-2,1.9800000E-2
0.0000000E+0,-1.0000000E-7,1.0000000E-7,3.2061000E-3,6.4970310E-2,4.9999700E+1,2.4000000E-2,2.4000000E-2,1.9800000E-2
0.0000000E+0,-4.0000000E-7,-6.0000000E-7,3.1520000E-3,6.4970310E-2,5.0000500E+1,2.4000000E-2,2.4000000E-2,1.9800000E-2
0.0000000E+0,-2.0000000E-7,6.0000000E-7,3.1136000E-3,6.4970310E-2,4.9999800E+1,2.4000000E-2,2.4000000E-2,1.9800000E-2
0.0000000E+0,-5.0000000E-7,-2.0000000E-7,3.0603000E-3,6.4970310E-2,4.9999900E+1,2.4000000E-2,2.4000000E-2,1.9800000E-2
0.0000000E+0,9.0000000E-7,0.0000000E+0,3.0013000E-3,6.4970310E-2,5.0000100E+1,2.4000000E-2,2.4000000E-2,1.9800000E-2
0.0000000E+0,-2.0000000E-7,8.0000000E-7,2.9565000E-3,6.4970310E-2,5.0000000E+1,2.4000000E-2,2.4000000E-2,1.9800000E-2
0.0000000E+0,2.0000000E-7,3.0000000E-7,2.9087000E-3,6.4970310E-2,5.0000000E+1,2.4000000E-2,2.4000000E-2,1.9800000E-2
0.0000000E+0,3.0000000E-7,-2.0000000E-7,2.8577000E-3,6.4970310E-2,4.9999500E+1,2.4000000E-2,2.4000000E-2,1.9800000E-2
0.0000000E+0,8.0000000E-7,-2.0000000E-7,2.8029000E-3,6.4970310E-2,4.9999700E+1,2.4000000E-2,2.4000000E-2,1.9800000E-2
0.0000000E+0,-4.0000000E-7,-3.0000000E-7,2.7567000E-3,6.4970310E-2,4.9999800E+1,2.4000000E-2,2.4000000E-2,1.9800000E-2
0.0000000E+0,-6.0000000E-7,-2.0000000E-7,2.6981000E-3,6.4970310E-2,4.9999800E+1,2.4000000E-2,2.4000000E-2,1.9800000E-2
0.0000000E+0,-4.0000000E-7,2.0000000E-7,2.6543000E-3,6.4970310E-2,4.9999900E+1,2.4000000E-2,2.4000000E-2,1.9800000E-2
0.0000000E+0,4.0000000E-7,2.0000000E-7,2.6017000E-3,6.4970310E-2,5.0000000E+1,2.4000000E-2,2.4000000E-2,1.9800000E-2
0.0000000E+0,8.0000000E-7,8.0000000E-7,2.5568000E-3,6.4970310E-2,4.9999800E+1,2.4000000E-2,2.4000000E-2,1.9800000E-2
0.0000000E+0,-6.0000000E-7,2.0000000E-7,2.5047000E-3,6.4970310E-2,4.9999600E+1,2.4000000E-2,2.4000000E-2,1.9800000E-2
0.0000000E+0,-5.0000000E-7,3.0000000E-7,2.4544000E-3,6.4970310E-2,4.9999600E+1,2.4000000E-2,2.4000000E-2,1.9800000E-2
0.0000000E+0,1.0000000E-7,2.0000000E-7,2.4105000E-3,6.4970310E-2,4.9999700E+1,2.4000000E-2,2.4000000E-2,1.9800000E-2
0.0000000E+0,7.0000000E-7,5.0000000E-7,2.3573000E-3,6.4970310E-2,4.9999400E+1,2.4000000E-2,2.4000000E-2,1.9800000E-2
0.0000000E+0,1.0000000E-7,7.0000000E-7,2.3068000E-3,6.4970310E-2,4.9999200E+1,2.4000000E-2,2.4000000E-2,1.9800000E-2
0.0000000E+0,1.0000000E-7,5.0000000E-7,2.2518000E-3,6.4970310E-2,4.9999700E+1,2.4000000E-2,2.4000000E-2,1.9800000E-2
0.0000000E+0,8.0000000E-7,1.0000000E-7,2.2042000E-3,6.4970310E-2,4.9999600E+1,2.4000000E-2,2.4000000E-2,1.9800000E-2
0.0000000E+0,-1.1000000E-6,-5.0000000E-7,2.1525000E-3,6.4970310E-2,4.9999600E+1,2.4000000E-2,2.4000000E-2,1.9800000E-2
0.0000000E+0,-8.0000000E-7,-5.0000000E-7,2.0987000E-3,6.4970310E-2,4.9999400E+1,2.4000000E-2,2.4000000E-2,1.9800000E-2
0.0000000E+0,-3.0000000E-7,4.0000000E-7,2.0533000E-3,6.4970310E-2,4.9999700E+1,2.4000000E-2,2.4000000E-2,1.9800000E-2
0.0000000E+0,-6.0000000E-7,5.0000000E-7,2.0049000E-3,6.4970310E-2,4.9999500E+1,2.4000000E-2,2.4000000E-2,1.9800000E-2
0.0000000E+0,-5.0000000E-7,8.0000000E-7,1.9560000E-3,6.4970310E-2,4.9999600E+1,2.4000000E-2,2.4000000E-2,1.9800000E-2
0.0000000E+0,7.0000000E-7,5.0000000E-7,1.9048000E-3,6.4970310E-2,4.9999600E+1,2.4000000E-2,2.4000000E-2,1.9800000E-2
0.0000000E+0,-9.0000000E-7,-6.0000000E-7,1.8518000E-3,6.4970310E-2,4.9999600E+1,2.4000000E-2,2.4000000E-2,1.9800000E-2
0.0000000E+0,5.0000000E-7,5.0000000E-7,1.8046000E-3,6.4970310E-2,4.9999700E+1,2.4000000E-2,2.4000000E-2,1.9800000E-2
0.0000000E+0,3.0000000E-7,-5.0000000E-7,1.7549000E-3,6.4970310E-2,4.9999400E+1,2.4000000E-2,2.4000000E-2,1.9800000E-2
0.0000000E+0,3.0000000E-7,-4.0000000E-7,1.7062000E-3,6.4970310E-2,4.9999600E+1,2.4000000E-2,2.4000000E-2,1.9800000E-2
0.0000000E+0,-0.0000000E+0,1.0000000E-7,1.6554000E-3,6.4970310E-2,4.9999700E+1,2.4000000E-2,2.4000000E-2,1.9800000E-2
0.0000000E+0,-5.0000000E-7,2.0000000E-7,1.6089000E-3,6.4970310E-2,4.9999600E+1,2.4000000E-2,2.4000000E-2,1.9800000E-2
0.0000000E+0,-1.0000000E-7,-1.0000000E-7,1.5559000E-3,6.4970310E-2,4.9999300E+1,2.4000000E-2,2.4000000E-2,1.9800000E-2
0.0000000E+0,3.0000000E-7,-4.0000000E-7,1.5023000E-3,6.4970310E-2,4.9999400E+1,2.4000000E-2,2.4000000E-2,1.9800000E-2
0.0000000E+0,2.0000000E-7,-2.0000000E-7,1.4604000E-3,6.4970310E-2,4.9999400E+1,2.4000000E-2,2.4000000E-2,1.9800000E-2
0.0000000E+0,0.0000000E+0,5.0000000E-7,1.4024000E-3,6.4970310E-2,4.9999400E+1,2.4000000E-2,2.4000000E-2,1.9800000E-2
0.0000000E+0,5.0000000E-7,1.0000000E-7,1.3545000E-3,6.4970310E-2,4.9999500E+1,2.4000000E-2,2.4000000E-2,1.9800000E-2
0.0000000E+0,3.0000000E-7,3.0000000E-7,1.3077000E-3,6.4970310E-2,4.9999500E+1,2.4000000E-2,2.4000000E-2,1.9800000E-2
0.0000000E+0,9.0000000E-7,-3.0000000E-7,1.2574000E-3,6.4970310E-2,4.9999500E+1,2.4000000E-2,2.4000000E-2,1.9800000E-2
0.0000000E+0,-7.0000000E-7,-2.0000000E-7,1.2100000E-3,6.4970310E-2,4.9999400E+1,2.4000000E-2,2.4000000E-2,1.9800000E-2
0.0000000E+0,-1.1000000E-6,3.0000000E-7,1.1562000E-3,6.4970310E-2,4.9999400E+1,2.4000000E-2,2.4000000E-2,1.9800000E-2
0.0000000E+0,3.0000000E-7,5.0000000E-7,1.1072000E-3,6.4970310E-2,4.9999500E+1,2.4000000E-2,2.4000000E-2,1.9800000E-2
0.0000000E+0,4.0000000E-7,-7.0000000E-7,1.0555000E-3,6.4970310E-2,4.9999300E+1,2.4000000E-2,2.4000000E-2,1.9800000E-2
0.0000000E+0,-1.1000000E-6,-2.0000000E-7,1.0083000E-3,6.4970310E-2,4.9999200E+1,2.4000000E-2,2.4000000E-2,1.9800000E-2
0.0000000E+0,4.0000000E-7,1.0000000E-7,9.5380000E-4,6.4970310E-2,4.9999300E+1,2.4000000E-2,2.4000000E-2,1.9800000E-2
0.0000000E+0,1.0000000E-7,3.0000000E-7,9.1020000E-4,6.4970310E-2,4.9999300E+1,2.4000000E-2,2.4000000E-2,1.9800000E-2
0.0000000E+0,9.0000000E-7,-1.0000000E-7,8.5320000E-4,6.4970310E-2,4.9999400E+1,2.4000000E-2,2.4000000E-2,1.9800000E-2
0.0000000E+0,-1.0000000E-7,-2.0000000E-7,8.0090000E-4,6.4970310E-2,4.9999400E+1,2.4000000E-2,2.4000000E-2,1.9800000E-2
0.0000000E+0,0.0000000E+0,7.0000000E-7,7.5460000E-4,6.4970310E-2,4.9999500E+1,2.4000000E-2,2.4000000E-2,1.9800000E-2
0.0000000E+0,3.0000000E-7,6.0000000E-7,7.0610000E-4,6.4970310E-2,4.9999200E+1,2.4000000E-2,2.4000000E-2,1.9800000E-2
0.0000000E+0,-5.0000000E-7,-1.0000000E-7,6.5970000E-4,6.4970310E-2,4.9999400E+1,2.4000000E-2,2.4000000E-2,1.9800000E-2
0.0000000E+0,1.0000000E-7,-1.1000000E-6,6.0460000E-4,6.4970310E-2,4.9999400E+1,2.4000000E-2,2.4000000E-2,1.9800000E-2
0.0000000E+0,-9.0000000E-7,-6.0000000E-7,5.5420000E-4,6.4970310E-2,4.9999400E+1,2.4000000E-2,2.4000000E-2,1.9800000E-2
0.0000000E+0,-1.0000000E-7,-1.0000000E-7,5.0390000E-4,6.4970310E-2,4.9999400E+1,2.4000000E-2,2.4000000E-2,1.9800000E-2
0.0000000E+0,-4.0000000E-7,-4.0000000E-7,4.5890000E-4,6.4970310E-2,4.9999700E+1,2.4000000E-2,2.4000000E-2,1.9800000E-2
0.0000000E+0,-7.0000000E-7,-5.0000000E-7,4.0510000E-4,6.4970310E-2,4.9999700E+1,2.4000000E-2,2.4000000E-2,1.9800000E-2
0.0000000E+0,1.0000000E-7,4.0000000E-7,3.5530000E-4,6.4970310E-2,4.9999700E+1,2.4000000E-2,2.4000000E-2,1.9800000E-2
0.0000000E+0,8.0000000E-7,-2.0000000E-7,3.0070000E-4,6.4970310E-2,4.9999800E+1,2.4000000E-2,2.4000000E-2,1.9800000E-2
0.0000000E+0,-2.0000000E-7,2.0000000E-7,2.5280000E-4,6.4970310E-2,5.0000000E+1,2.4000000E-2,2.4000000E-2,1.9800000E-2
0.0000000E+0,-2.0000000E-7,-0.0000000E+0,2.0630000E-4,6.4970310E-2,4.9999800E+1,2.4000000E-2,2.4000000E-2,1.9800000E-2
0.0000000E+0,-3.0000000E-7,4.0000000E-7,1.5740000E-4,6.4970310E-2,4.9999900E+1,2.4000000E-2,2.4000000E-2,1.9800000E-2
0.0000000E+0,-3.0000000E-7,8.0000000E-7,1.0610000E-4,6.4970310E-2,4.9999800E+1,2.4000000E-2,2.4000000E-2,1.9800000E-2
0.0000000E+0,-8.0000000E-7,0.0000000E+0,5.4300000E-5,6.4970310E-2,4.9999900E+1,2.4000000E-2,2.4000000E-2,1.9800000E-2
0.0000000E+0,9.0000000E-7,-6.0000000E-7,-2.0000000E-7,6.4970310E-2,4.9999800E+1,2.4000000E-2,2.4000000E-2,1.9800000E-2
0.0000000E+0,2.0000000E-7,-9.0000000E-7,-4.2800000E-5,6.4970310E-2,5.0000000E+1,2.4000000E-2,2.4000000E-2,1.9800000E-2
0.0000000E+0,1.3000000E-6,1.0000000E-7,-9.7100000E-5,6.4970310E-2,4.9999500E+1,2.4000000E-2,2.4000000E-2,1.9800000E-2
0.0000000E+0,-6.0000000E-7,-3.0000000E-7,-1.4340000E-4,6.4970310E-2,4.9999600E+1,2.4000000E-2,2.4000000E-2,1.9800000E-2
0.0000000E+0,6.0000000E-7,-1.0000000E-7,-1.8860000E-4,6.4970310E-2,4.9999800E+1,2.4000000E-2,2.4000000E-2,1.9800000E-2
0.0000000E+0,-2.0000000E-7,5.0000000E-7,-2.4780000E-4,6.4970310E-2,4.9999700E+1,2.4000000E-2,2.4000000E-2,1.9800000E-2
0.0000000E+0,-4.0000000E-7,6.0000000E-7,-2.9030000E-4,6.4970310E-2,5.0000000E+1,2.4000000E-2,2.4000000E-2,1.9800000E-2
0.0000000E+0,-5.0000000E-7,4.0000000E-7,-3.4110000E-4,6.4970310E-2,4.9999600E+1,2.4000000E-2,2.4000000E-2,1.9800000E-2
0.0000000E+0,-9.0000000E-7,7.0000000E-7,-3.9490000E-4,6.4970310E-2,4.9999800E+1,2.4000000E-2,2.4000000E-2,1.9800000E-2
0.0000000E+0,1.0000000E-7,3.0000000E-7,-4.4190000E-4,6.4970310E-2,5.0000000E+1,2.4000000E-2,2.4000000E-2,1.9800000E-2
0.0000000E+0,1.0000000E-7,-1.0000000E-6,-4.9150000E-4,6.4970310E-2,4.9999700E+1,2.4000000E-2,2.4000000E-2,1.9800000E-2
0.0000000E+0,-0.0000000E+0,5.0000000E-7,-5.4400000E-4,6.4970310E-2,4.9999600E+1,2.4000000E-2,2.4000000E-2,1.9800000E-2
0.0000000E+0,6.0000000E-7,1.0000000E-6,-5.9530000E-4,6.4970310E-2,4.9999700E+1,2.4000000E-2,2.4000000E-2,1.9800000E-2
0.0000000E+0,-7.0000000E-7,9.0000000E-7,-6.4510000E-4,6.4970310E-2,4.9999900E+1,2.4000000E-2,2.4000000E-2,1.9800000E-2
0.0000000E+0,4.0000000E-7,1.0000000E-7,-6.9280000E-4,6.4970310E-2,4.9999800E+1,2.4000000E-2,2.4000000E-2,1.9800000E-2
0.0000000E+0,-1.0000000E-7,1.0000000E-7,-7.4240000E-4,6.4970310E-2,4.9999600E+1,2.4000000E-2,2.4000000E-2,1.9800000E-2
0.0000000E+0,6.0000000E-7,-1.0000000E-7,-7.9890000E-4,6.4970310E-2,4.9999800E+1,2.4000000E-2,2.4000000E-2,1.9800000E-2
0.0000000E+0,4.0000000E-7,8.0000000E-7,-8.5160000E-4,6.4970310E-2,4.9999800E+1,2.4000000E-2,2.4000000E-2,1.9800000E-2
0.0000000E+0,2.0000000E-7,3.0000000E-7,-8.9440000E-4,6.4970310E-2,4.9999700E+1,2.4000000E-2,2.4000000E-2,1.9800000E-2
0.0000000E+0,-1.0000000E-7,3.0000000E-7,-9.4120000E-4,6.4970310E-2,4.9999800E+1,2.4000000E-2,2.4000000E-2,1.9800000E-2
0.0000000E+0,1.0000000E-7,-4.0000000E-7,-9.8840000E-4,6.4970310E-2,4.9999800E+1,2.4000000E-2,2.4000000E-2,1.9800000E-2
0.0000000E+0,-1.1000000E-6,-5.0000000E-7,-1.0535000E-3,6.4970310E-2,5.0000000E+1,2.4000000E-2,2.4000000E-2,1.9800000E-2
0.0000000E+0,5.0000000E-7,1.0000000E-7,-1.0923000E-3,6.4970310E-2,4.9999900E+1,2.4000000E-2,2.4000000E-2,1.9800000E-2
0.0000000E+0,9.0000000E-7,8.0000000E-7,-1.1486000E-3,6.4970310E-2,4.9999800E+1,2.4000000E-2,2.4000000E-2,1.9800000E-2
0.0000000E+0,-2.0000000E-7,-6.0000000E-7,-1.1854000E-3,6.4970310E-2,4.9999800E+1,2.4000000E-2,2.4000000E-2,1.9800000E-2
0.0000000E+0,3.0000000E-7,4.0000000E-7,-1.2546000E-3,6.4970310E-2,5.0000200E+1,2.4000000E-2,2.4000000E-2,1.9800000E-2
0.0000000E+0,5.0000000E-7,-3.0000000E-7,-1.2966000E-3,6.4970310E-2,4.9999600E+1,2.4000000E-2,2.4000000E-2,1.9800000E-2
0.0000000E+0,-8.0000000E-7,-1.0000000E-7,-1.3476000E-3,6.4970310E-2,4.9999800E+1,2.4000000E-2,2.4000000E-2,1.9800000E-2
0.0000000E+0,6.0000000E-7,6.0000000E-7,-1.3893000E-3,6.4970310E-2,5.0000100E+1,2.4000000E-2,2.4000000E-2,1.9800000E-2
0.0000000E+0,2.0000000E-7,-1.0000000E-7,-1.4471000E-3,6.4970310E-2,5.0000100E+1,2.4000000E-2,2.4000000E-2,1.9800000E-2
0.0000000E+0,4.0000000E-7,2.0000000E-7,-1.4872000E-3,6.4970310E-2,5.0000200E+1,2.4000000E-2,2.4000000E-2,1.9800000E-2
0.0000000E+0,-5.0000000E-7,-0.0000000E+0,-1.5429000E-3,6.4970310E-2,5.0000000E+1,2.4000000E-2,2.4000000E-2,1.9800000E-2
0.0000000E+0,1.0000000E-7,1.0000000E-7,-1.5887000E-3,6.4970310E-2,4.9999800E+1,2.4000000E-2,2.4000000E-2,1.9800000E-2
0.0000000E+0,4.0000000E-7,-1.0000000E-7,-1.6329000E-3,6.4970310E-2,4.9999700E+1,2.4000000E-2,2.4000000E-2,1.9800000E-2
0.0000000E+0,-5.0000000E-7,-5.0000000E-7,-1.6856000E-3,6.4970310E-2,4.9999800E+1,2.4000000E-2,2.4000000E-2,1.9800000E-2
0.0000000E+0,-1.0000000E-7,-4.0000000E-7,-1.7456000E-3,6.4970310E-2,4.9999700E+1,2.4000000E-2,2.4000000E-2,1.9800000E-2
0.0000000E+0,-5.0000000E-7,5.0000000E-7,-1.7926000E-3,6.4970310E-2,4.9999700E+1,2.4000000E-2,2.4000000E-2,1.9800000E-2
0.0000000E+0,-6.0000000E-7,-3.0000000E-7,-1.8429000E-3,6.4970310E-2,5.0000300E+1,2.4000000E-2,2.4000000E-2,1.9800000E-2
0.0000000E+0,-6.0000000E-7,-1.2000000E-6,-1.8946000E-3,6.4970310E-2,5.0000100E+1,2.4000000E-2,2.4000000E-2,1.9800000E-2
0.0000000E+0,3.0000000E-7,5.0000000E-7,-1.9489000E-3,6.4970310E-2,4.9999500E+1,2.4000000E-2,2.4000000E-2,1.9800000E-2
0.0000000E+0,6.0000000E-7,-1.0000000E-7,-1.9874000E-3,6.4970310E-2,5.0000200E+1,2.4000000E-2,2.4000000E-2,1.9800000E-2
0.0000000E+0,4.0000000E-7,2.0000000E-7,-2.0435000E-3,6.4970310E-2,5.0000100E+1,2.4000000E-2,2.4000000E-2,1.9800000E-2
0.0000000E+0,9.0000000E-7,-0.0000000E+0,-2.0922000E-3,6.4970310E-2,4.9999500E+1,2.4000000E-2,2.4000000E-2,1.9800000E-2
0.0000000E+0,4.0000000E-7,5.0000000E-7,-2.1465000E-3,6.4970310E-2,5.0000000E+1,2.4000000E-2,2.4000000E-2,1.9800000E-2
0.0000000E+0,-1.0000000E-7,2.0000000E-7,-2.1924000E-3,6.4970310E-2,5.0000100E+1,2.4000000E-2,2.4000000E-2,1.9800000E-2
0.0000000E+0,1.0000000E-6,7.0000000E-7,-2.2425000E-3,6.4970310E-2,4.9999900E+1,2.4000000E-2,2.4000000E-2,1.9800000E-2
0.0000000E+0,1.1000000E-6,-2.0000000E-7,-2.2937000E-3,6.4970310E-2,4.9999400E+1,2.4000000E-2,2.4000000E-2,1.9800000E-2
0.0000000E+0,-3.0000000E-7,-4.0000000E-7,-2.3489000E-3,6.4970310E-2,4.9999800E+1,2.4000000E-2,2.4000000E-2,1.9800000E-2
0.0000000E+0,0.0000000E+0,-3.0000000E-7,-2.3919000E-3,6.4970310E-2,4.9999100E+1,2.4000000E-2,2.4000000E-2,1.9800000E-2
0.0000000E+0,8.0000000E-7,-1.0000000E-7,-2.4477000E-3,6.4970310E-2,4.9999600E+1,2.4000000E-2,2.4000000E-2,1.9800000E-2
0.0000000E+0,4.0000000E-7,9.0000000E-7,-2.4940000E-3,6.4970310E-2,4.9999900E+1,2.4000000E-2,2.4000000E-2,1.9800000E-2
0.0000000E+0,-3.0000000E-7,6.0000000E-7,-2.5390000E-3,6.4970310E-2,4.9999600E+1,2.4000000E-2,2.4000000E-2,1.9800000E-2
0.0000000E+0,3.0000000E-7,-6.0000000E-7,-2.5884000E-3,6.4970310E-2,5.0000100E+1,2.4000000E-2,2.4000000E-2,1.9800000E-2
0.0000000E+0,0.0000000E+0,5.0000000E-7,-2.6445000E-3,6.4970310E-2,4.9999700E+1,2.4000000E-2,2.4000000E-2,1.9800000E-2
0.0000000E+0,-5.0000000E-7,-4.0000000E-7,-2.6917000E-3,6.4970310E-2,4.9999800E+1,2.4000000E-2,2.4000000E-2,1.9800000E-2
0.0000000E+0,-3.0000000E-7,4.0000000E-7,-2.7425000E-3,6.4970310E-2,4.9999900E+1,2.4000000E-2,2.4000000E-2,1.9800000E-2
0.0000000E+0,1.0000000E-7,5.0000000E-7,-2.7926000E-3,6.4970310E-2,4.9999600E+1,2.4000000E-2,2.4000000E-2,1.9800000E-2
0.0000000E+0,2.0000000E-7,1.0000000E-7,-2.8424000E-3,6.4970310E-2,4.9999800E+1,2.4000000E-2,2.4000000E-2,1.9800000E-2
0.0000000E+0,-1.0000000E-7,-3.0000000E-7,-2.8985000E-3,6.4970310E-2,4.9999900E+1,2.4000000E-2,2.4000000E-2,1.9800000E-2
0.0000000E+0,3.0000000E-7,3.0000000E-7,-2.9424000E-3,6.4970310E-2,4.9999400E+1,2.4000000E-2,2.4000000E-2,1.9800000E-2
0.0000000E+0,-1.0000000E-7,-3.0000000E-7,-2.9960000E-3,6.4970310E-2,4.9999400E+1,2.4000000E-2,2.4000000E-2,1.9800000E-2
0.0000000E+0,-2.0000000E-7,-1.0000000E-7,-3.0474000E-3,6.4970310E-2,4.9999400E+1,2.4000000E-2,2.4000000E-2,1.9800000E-2
0.0000000E+0,-1.1000000E-6,4.0000000E-7,-3.0948000E-3,6.4970310E-2,4.9999900E+1,2.4000000E-2,2.4000000E-2,1.9800000E-2
0.0000000E+0,7.0000000E-7,1.3000000E-6,-3.1474000E-3,6.4970310E-2,4.9999500E+1,2.4000000E-2,2.4000000E-2,1.9800000E-2
0.0000000E+0,1.0000000E-7,2.0000000E-7,-3.1926000E-3,6.4970310E-2,4.9999200E+1,2.4000000E-2,2.4000000E-2,1.9800000E-2
0.0000000E+0,2.0000000E-7,-1.0000000E-7,-3.2444000E-3,6.4970310E-2,4.9999200E+1,2.4000000E-2,2.4000000E-2,1.9800000E-2
0.0000000E+0,-5.0000000E-7,8.0000000E-7,-3.2965000E-3,6.4970310E-2,4.9999600E+1,2.4000000E-2,2.4000000E-2,1.9800000E-2
0.0000000E+0,4.0000000E-7,4.0000000E-7,-3.3413000E-3,6.4970310E-2,4.9999400E+1,2.4000000E-2,2.4000000E-2,1.9800000E-2
0.0000000E+0,3.0000000E-7,-5.0000000E-7,-3.3944000E-3,6.4970310E-2,4.9999400E+1,2.4000000E-2,2.4000000E-2,1.9800000E-2
0.0000000E+0,-8.0000000E-7,-7.0000000E-7,-3.4445000E-3,6.4970310E-2,4.9999500E+1,2.4000000E-2,2.4000000E-2,1.9800000E-2
0.0000000E+0,0.0000000E+0,3.0000000E-7,-3.4911000E-3,6.4970310E-2,4.9999600E+1,2.4000000E-2,2.4000000E-2,1.9800000E-2
0.0000000E+0,1.2000000E-6,1.0000000E-7,-3.5438000E-3,6.4970310E-2,4.9999500E+1,2.4000000E-2,2.4000000E-2,1.9800000E-2
0.0000000E+0,-7.0000000E-7,8.0000000E-7,-3.5932000E-3,6.4970310E-2,4.9999400E+1,2.4000000E-2,2.4000000E-2,1.9800000E-2
0.0000000E+0,-9.0000000E-7,-5.0000000E-7,-3.6458000E-3,6.4970310E-2,4.9999200E+1,2.4000000E-2,2.4000000E-2,1.9800000E-2
0.0000000E+0,5.0000000E-7,7.0000000E-7,-3.6892000E-3,6.4970310E-2,4.9999300E+1,2.4000000E-2,2.4000000E-2,1.9800000E-2
0.0000000E+0,-8.0000000E-7,1.0000000E-7,-3.7470000E-3,6.4970310E-2,4.9999800E+1,2.4000000E-2,2.4000000E-2,1.9800000E-2
0.0000000E+0,2.0000000E-7,-7.0000000E-7,-3.7902000E-3,6.4970310E-2,4.9999700E+1,2.4000000E-2,2.4000000E-2,1.9800000E-2
0.0000000E+0,-2.0000000E-7,-3.0000000E-7,-3.8485000E-3,6.4970310E-2,4.9999500E+1,2.4000000E-2,2.4000000E-2,1.9800000E-2
0.0000000E+0,-2.0000000E-7,3.0000000E-7,-3.8946000E-3,6.4970310E-2,4.9999500E+1,2.4000000E-2,2.4000000E-2,1.9800000E-2
0.0000000E+0,-1.0000000E-7,-1.0000000E-7,-3.9431000E-3,6.4970310E-2,4.9999200E+1,2.4000000E-2,2.4000000E-2,1.9800000E-2
0.0000000E+0,-1.0000000E-7,3.0000000E-7,-3.9917000E-3,6.4970310E-2,4.9999600E+1,2.4000000E-2,2.4000000E-2,1.9800000E-2
0.0000000E+0,4.0000000E-7,3.0000000E-7,-4.0466000E-3,6.4970310E-2,4.9999800E+1,2.4000000E-2,2.4000000E-2,1.9800000E-2
0.0000000E+0,5.0000000E-7,-6.0000000E-7,-4.0919000E-3,6.4970310E-2,4.9999700E+1,2.4000000E-2,2.4000000E-2,1.9800000E-2
0.0000000E+0,-3.0000000E-7,-7.0000000E-7,-4.1399000E-3,6.4970310E-2,4.9999500E+1,2.4000000E-2,2.4000000E-2,1.9800000E-2
0.0000000E+0,-8.0000000E-7,-1.0000000E-7,-4.1951000E-3,6.4970310E-2,4.9999700E+1,2.4000000E-2,2.4000000E-2,1.9800000E-2
0.0000000E+0,-6.0000000E-7,-4.0000000E-7,-4.2501000E-3,6.4970310E-2,4.9999400E+1,2.4000000E-2,2.4000000E-2,1.9800000E-2
0.0000000E+0,-3.0000000E-7,2.0000000E-7,-4.3008000E-3,6.4970310E-2,4.9999200E+1,2.4000000E-2,2.4000000E-2,1.9800000E-2
0.0000000E+0,1.0000000E-7,6.0000000E-7,-4.3469000E-3,6.4970310E-2,4.9999700E+1,2.4000000E-2,2.4000000E-2,1.9800000E-2
0.0000000E+0,2.0000000E-7,2.0000000E-7,-4.3986000E-3,6.4970310E-2,4.9999500E+1,2.4000000E-2,2.4000000E-2,1.9800000E-2
0.0000000E+0,5.0000000E-7,-3.0000000E-7,-4.4414000E-3,6.4970310E-2,4.9999700E+1,2.4000000E-2,2.4000000E-2,1.9800000E-2
0.0000000E+0,6.0000000E-7,-8.0000000E-7,-4.4927000E-3,6.4970310E-2,4.9999400E+1,2.4000000E-2,2.4000000E-2,1.9800000E-2
0.0000000E+0,0.0000000E+0,5.0000000E-7,-4.5420000E-3,6.4970310E-2,4.9999700E+1,2.4000000E-2,2.4000000E-2,1.9800000E-2
0.0000000E+0,-3.0000000E-7,-1.2000000E-6,-4.5936000E-3,6.4970310E-2,4.9999200E+1,2.4000000E-2,2.4000000E-2,1.9800000E-2
0.0000000E+0,4.0000000E-7,9.0000000E-7,-4.6494000E-3,6.4970310E-2,4.9999300E+1,2.4000000E-2,2.4000000E-2,1.9800000E-2
0.0000000E+0,-4.0000000E-7,7.0000000E-7,-4.6938000E-3,6.4970310E-2,4.9999600E+1,2.4000000E-2,2.4000000E-2,1.9800000E-2
0.0000000E+0,1.0000000E-7,3.0000000E-7,-4.7414000E-3,6.4970310E-2,4.9999200E+1,2.4000000E-2,2.4000000E-2,1.9800000E-2
0.0000000E+0,-1.1000000E-6,-3.0000000E-7,-4.7917000E-3,6.4970310E-2,4.9999100E+1,2.4000000E-2,2.4000000E-2,1.9800000E-2
0.0000000E+0,-6.0000000E-7,3.0000000E-7,-4.8425000E-3,6.4970310E-2,4.9999500E+1,2.4000000E-2,2.4000000E-2,1.9800000E-2
0.0000000E+0,5.0000000E-7,5.0000000E-7,-4.8921000E-3,6.4970310E-2,4.9999600E+1,2.4000000E-2,2.4000000E-2,1.9800000E-2
0.0000000E+0,-1.0000000E-7,1.0000000E-7,-4.9409000E-3,6.4970310E-2,4.9999600E+1,2.4000000E-2,2.4000000E-2,1.9800000E-2
0.0000000E+0,-5.0000000E-7,4.0000000E-7,-4.9918000E-3,6.4970310E-2,4.9999500E+1,2.4000000E-2,2.4000000E-2,1.9800000E-2
0.0000000E+0,-1.0000000E-7,-4.0000000E-7,-5.0444000E-3,6.4970310E-2,4.9999300E+1,2.4000000E-2,2.4000000E-2,1.9800000E-2
0.0000000E+0,-1.1000000E-6,-4.0000000E-7,-5.0913000E-3,6.4970310E-2,4.9999500E+1,2.4000000E-2,2.4000000E-2,1.9800000E-2
0.0000000E+0,-1.0000000E-7,-0.0000000E+0,-5.1456000E-3,6.4970310E-2,4.9999300E+1,2.4000000E-2,2.4000000E-2,1.9800000E-2
0.0000000E+0,7.0000000E-7,-8.0000000E-7,-5.1924000E-3,6.4970310E-2,4.9999800E+1,2.4000000E-2,2.4000000E-2,1.9800000E-2
0.0000000E+0,8.0000000E-7,0.0000000E+0,-5.2423000E-3,6.4970310E-2,4.9999500E+1,2.4000000E-2,2.4000000E-2,1.9800000E-2
0.0000000E+0,7.0000000E-7,6.0000000E-7,-5.2954000E-3,6.4970310E-2,5.0000000E+1,2.4000000E-2,2.4000000E-2,1.9800000E-2
0.0000000E+0,5.0000000E-7,-2.0000000E-7,-5.3491000E-3,6.4970310E-2,4.9999500E+1,2.4000000E-2,2.4000000E-2,1.9800000E-2
0.0000000E+0,1.0000000E-7,2.0000000E-7,-5.3945000E-3,6.4970310E-2,4.9999300E+1,2.4000000E-2,2.4000000E-2,1.9800000E-2
0.0000000E+0,2.0000000E-7,3.0000000E-7,-5.4444000E-3,6.4970310E-2,4.9999600E+1,2.4000000E-2,2.4000000E-2,1.9800000E-2
0.0000000E+0,1.0000000E-7,6.0000000E-7,-5.4980000E-3,6.4970310E-2,4.9999900E+1,2.4000000E-2,2.4000000E-2,1.9800000E-2
0.0000000E+0,-2.0000000E-7,2.0000000E-7,-5.5463000E-3,6.4970310E-2,4.9999700E+1,2.4000000E-2,2.4000000E-2,1.9800000E-2
0.0000000E+0,-2.0000000E-7,-3.0000000E-7,-5.5915000E-3,6.4970310E-2,4.9999500E+1,2.4000000E-2,2.4000000E-2,1.9800000E-2
0.0000000E+0,-6.0000000E-7,1.4000000E-6,-5.6480000E-3,6.4970310E-2,4.9999200E+1,2.4000000E-2,2.4000000E-2,1.9800000E-2
0.0000000E+0,9.0000000E-7,2.0000000E-7,-5.6979000E-3,6.4970310E-2,4.9999500E+1,2.4000000E-2,2.4000000E-2,1.9800000E-2
0.0000000E+0,1.3000000E-6,2.0000000E-7,-5.7437000E-3,6.4970310E-2,4.9999800E+1,2.4000000E-2,2.4000000E-2,1.9800000E-2
0.0000000E+0,7.0000000E-7,1.0000000E-7,-5.7956000E-3,6.4970310E-2,4.9999400E+1,2.4000000E-2,2.4000000E-2,1.9800000E-2
0.0000000E+0,-7.0000000E-7,-1.0000000E-7,-5.8519000E-3,6.4970310E-2,4.9999500E+1,2.4000000E-2,2.4000000E-2,1.9800000E-2
0.0000000E+0,-1.0000000E-7,6.0000000E-7,-5.8916000E-3,6.4970310E-2,4.9999700E+1,2.4000000E-2,2.4000000E-2,1.9800000E-2
0.0000000E+0,3.0000000E-7,-2.0000000E-7,-5.9479000E-3,6.4970310E-2,4.9999500E+1,2.4000000E-2,2.4000000E-2,1.9800000E-2
0.0000000E+0,1.0000000E-7,-0.0000000E+0,-5.9940000E-3,6.4970310E-2,4.9999300E+1,2.4000000E-2,2.4000000E-2,1.9800000E-2
0.0000000E+0,7.0000000E-7,8.0000000E-7,-6.0432000E-3,6.4970310E-2,4.9999500E+1,2.4000000E-2,2.4000000E-2,1.9800000E-2
0.0000000E+0,-3.0000000E-7,-2.0000000E-7,-6.1036000E-3,6.4970310E-2,4.9999600E+1,2.4000000E-2,2.4000000E-2,1.9800000E-2
0.0000000E+0,2.0000000E-7,8.0000000E-7,-6.1533000E-3,6.4970310E-2,4.9999600E+1,2.4000000E-2,2.4000000E-2,1.9800000E-2
0.0000000E+0,4.0000000E-7,5.0000000E-7,-6.1901000E-3,6.4970310E-2,4.9999500E+1,2.4000000E-2,2.4000000E-2,1.9800000E-2
0.0000000E+0,-1.0000000E-7,-6.0000000E-7,-6.2386000E-3,6.4970310E-2,4.9999600E+1,2.4000000E-2,2.4000000E-2,1.9800000E-2
0.0000000E+0,2.0000000E-7,-4.0000000E-7,-6.2929000E-3,6.4970310E-2,4.9999300E+1,2.4000000E-2,2.4000000E-2,1.9800000E-2
0.0000000E+0,7.0000000E-7,-6.0000000E-7,-6.3428000E-3,6.4970310E-2,4.9999800E+1,2.4000000E-2,2.4000000E-2,1.9800000E-2
0.0000000E+0,-6.0000000E-7,-4.0000000E-7,-6.3876000E-3,6.4970310E-2,4.9999500E+1,2.4000000E-2,2.4000000E-2,1.9800000E-2
0.0000000E+0,8.0000000E-7,6.0000000E-7,-6.4516000E-3,6.4970310E-2,4.9999600E+1,2.4000000E-2,2.4000000E-2,1.9800000E-2
0.0000000E+0,-2.0000000E-7,2.0000000E-7,-6.4937000E-3,6.4970310E-2,4.9999800E+1,2.4000000E-2,2.4000000E-2,1.9800000E-2
0.0000000E+0,-6.0000000E-7,-0.0000000E+0,-6.5571000E-3,6.4970310E-2,4.9999600E+1,2.4000000E-2,2.4000000E-2,1.9800000E-2
0.0000000E+0,7.0000000E-7,4.0000000E-7,-6.5945000E-3,6.4970310E-2,4.9999200E+1,2.4000000E-2,2.4000000E-2,1.9800000E-2
0.0000000E+0,1.0000000E-7,4.0000000E-7,-6.6333000E-3,6.4970310E-2,4.9999100E+1,2.4000000E-2,2.4000000E-2,1.9800000E-2
0.0000000E+0,1.0000000E-7,-6.0000000E-7,-6.6918000E-3,6.4970310E-2,4.9999100E+1,2.4000000E-2,2.4000000E-2,1.9800000E-2
0.0000000E+0,3.0000000E-7,4.0000000E-7,-6.7452000E-3,6.4970310E-2,4.9999100E+1,2.4000000E-2,2.4000000E-2,1.9800000E-2
0.0000000E+0,1.0000000E-7,-9.0000000E-7,-6.7844000E-3,6.4970310E-2,4.9999700E+1,2.4000000E-2,2.4000000E-2,1.9800000E-2
0.0000000E+0,4.0000000E-7,5.0000000E-7,-6.8465000E-3,6.4970310E-2,4.9999100E+1,2.4000000E-2,2.4000000E-2,1.9800000E-2
0.0000000E+0,-1.3000000E-6,-6.0000000E-7,-6.8990000E-3,6.4970310E-2,4.9999200E+1,2.4000000E-2,2.4000000E-2,1.9800000E-2
0.0000000E+0,-6.0000000E-7,-3.0000000E-7,-6.9473000E-3,6.4970310E-2,4.9999100E+1,2.4000000E-2,2.4000000E-2,1.9800000E-2
0.0000000E+0,-4.0000000E-7,3.0000000E-7,-6.9923000E-3,6.4970310E-2,4.9999200E+1,2.4000000E-2,2.4000000E-2,1.9800000E-2
0.0000000E+0,-1.0000000E-7,0.0000000E+0,-7.0528000E-3,6.4970310E-2,4.9999300E+1,2.4000000E-2,2.4000000E-2,1.9800000E-2
0.0000000E+0,-2.0000000E-7,8.0000000E-7,-7.0717000E-3,6.4970310E-2,4.9999300E+1,2.4000000E-2,2.4000000E-2,1.9800000E-2
0.0000000E+0,-0.0000000E+0,4.0000000E-7,-7.1454000E-3,6.4970310E-2,4.9999300E+1,2.4000000E-2,2.4000000E-2,1.9800000E-2
0.0000000E+0,-7.0000000E-7,-6.0000000E-7,-7.1780000E-3,6.4970310E-2,4.9999400E+1,2.4000000E-2,2.4000000E-2,1.9800000E-2
0.0000000E+0,-1.0000000E-7,-0.0000000E+0,-7.2299000E-3,6.4970310E-2,5.0000000E+1,2.4000000E-2,2.4000000E-2,1.9800000E-2
0.0000000E+0,-0.0000000E+0,-0.0000000E+0,-7.2897000E-3,6.4970310E-2,4.9999300E+1,2.4000000E-2,2.4000000E-2,1.9800000E-2
0.0000000E+0,-2.0000000E-7,6.0000000E-7,-7.3256000E-3,6.4970310E-2,4.9999500E+1,2.4000000E-2,2.4000000E-2,1.9800000E-2
0.0000000E+0,1.0000000E-7,2.0000000E-7,-7.3662000E-3,6.4970310E-2,4.9999300E+1,2.4000000E-2,2.4000000E-2,1.9800000E-2
0.0000000E+0,1.0000000E-7,1.0000000E-7,-7.4025000E-3,6.4970310E-2,4.9999500E+1,2.4000000E-2,2.4000000E-2,1.9800000E-2
0.0000000E+0,3.0000000E-7,1.0000000E-7,-7.4790000E-3,6.4970310E-2,4.9999600E+1,2.4000000E-2,2.4000000E-2,1.9800000E-2
0.0000000E+0,-3.0000000E-7,-7.0000000E-7,-7.5384000E-3,6.4970310E-2,4.9999600E+1,2.4000000E-2,2.4000000E-2,1.9800000E-2
0.0000000E+0,5.0000000E-7,1.0000000E-7,-7.5760000E-3,6.4970310E-2,4.9999700E+1,2.4000000E-2,2.4000000E-2,1.9800000E-2
0.0000000E+0,6.0000000E-7,-5.0000000E-7,-7.6266000E-3,6.4970310E-2,4.9999900E+1,2.4000000E-2,2.4000000E-2,1.9800000E-2
0.0000000E+0,-1.0000000E-7,-8.0000000E-7,-7.6769000E-3,6.4970310E-2,4.9999700E+1,2.4000000E-2,2.4000000E-2,1.9800000E-2
0.0000000E+0,-1.0000000E-7,-5.0000000E-7,-7.7283000E-3,6.4970310E-2,4.9999500E+1,2.4000000E-2,2.4000000E-2,1.9800000E-2
0.0000000E+0,-2.0000000E-7,6.0000000E-7,-7.7870000E-3,6.4970310E-2,4.9999900E+1,2.4000000E-2,2.4000000E-2,1.9800000E-2
0.0000000E+0,-2.0000000E-7,3.0000000E-7,-7.8378000E-3,6.4970310E-2,4.9999100E+1,2.4000000E-2,2.4000000E-2,1.9800000E-2
0.0000000E+0,-2.0000000E-7,4.0000000E-7,-7.8615000E-3,6.4970310E-2,4.9999400E+1,2.4000000E-2,2.4000000E-2,1.9800000E-2
0.0000000E+0,1.1000000E-6,-5.0000000E-7,-7.9386000E-3,6.4970310E-2,4.9999200E+1,2.4000000E-2,2.4000000E-2,1.9800000E-2
0.0000000E+0,7.0000000E-7,1.0000000E-7,-7.9180000E-3,6.4970310E-2,4.9999500E+1,2.4000000E-2,2.4000000E-2,1.9800000E-2
0.0000000E+0,-1.0000000E-7,2.0000000E-7,-7.9838000E-3,6.4970310E-2,4.9999700E+1,2.4000000E-2,2.4000000E-2,1.9800000E-2
0.0000000E+0,-5.0000000E-7,5.0000000E-7,-8.0277000E-3,6.4970310E-2,4.9999600E+1,2.4000000E-2,2.4000000E-2,1.9800000E-2
0.0000000E+0,-1.0000000E-6,4.0000000E-7,-8.1215000E-3,6.4970310E-2,4.9999600E+1,2.4000000E-2,2.4000000E-2,1.9800000E-2
0.0000000E+0,2.0000000E-7,1.0000000E-7,-8.1288000E-3,6.4970310E-2,5.0000000E+1,2.4000000E-2,2.4000000E-2,1.9800000E-2
0.0000000E+0,5.0000000E-7,3.0000000E-7,-8.2017000E-3,6.4970310E-2,4.9999600E+1,2.4000000E-2,2.4000000E-2,1.9800000E-2
0.0000000E+0,-1.0000000E-7,-0.0000000E+0,-8.2212000E-3,6.4970310E-2,4.9999700E+1,2.4000000E-2,2.4000000E-2,1.9800000E-2
0.0000000E+0,-4.0000000E-7,-3.0000000E-7,-8.3300000E-3,6.4970310E-2,4.9999800E+1,2.4000000E-2,2.4000000E-2,1.9800000E-2
0.0000000E+0,9.0000000E-7,8.0000000E-7,-8.3783000E-3,6.4970310E-2,4.9999700E+1,2.4000000E-2,2.4000000E-2,1.9800000E-2
0.0000000E+0,-1.0000000E-6,-4.0000000E-7,-8.4645000E-3,6.4970310E-2,4.9999700E+1,2.4000000E-2,2.4000000E-2,1.9800000E-2
0.0000000E+0,1.0000000E-7,6.0000000E-7,-8.4685000E-3,6.4970310E-2,4.9999900E+1,2.4000000E-2,2.4000000E-2,1.9800000E-2
0.0000000E+0,3.0000000E-7,7.0000000E-7,-8.5594000E-3,6.4970310E-2,5.0000000E+1,2.4000000E-2,2.4000000E-2,1.9800000E-2
0.0000000E+0,5.0000000E-7,1.0000000E-7,-8.5523000E-3,6.4970310E-2,4.9999800E+1,2.4000000E-2,2.4000000E-2,1.9800000E-2
0.0000000E+0,-1.0000000E-6,-3.0000000E-7,-8.6721000E-3,6.4970310E-2,5.0000000E+1,2.4000000E-2,2.4000000E-2,1.9800000E-2
0.0000000E+0,-0.0000000E+0,1.0000000E-7,-8.6668000E-3,6.4970310E-2,4.9999700E+1,2.4000000E-2,2.4000000E-2,1.9800000E-2
0.0000000E+0,1.0000000E-7,-2.0000000E-7,-8.7541000E-3,6.4970310E-2,4.9999700E+1,2.4000000E-2,2.4000000E-2,1.9800000E-2
0.0000000E+0,-4.0000000E-7,4.0000000E-7,-8.6954000E-3,6.4970310E-2,5.0000100E+1,2.4000000E-2,2.4000000E-2,1.9800000E-2
0.0000000E+0,3.0000000E-7,4.0000000E-7,-8.8516000E-3,6.4970310E-2,5.0000000E+1,2.4000000E-2,2.4000000E-2,1.9800000E-2
0.0000000E+0,3.0000000E-7,4.0000000E-7,-8.8512000E-3,6.4970310E-2,4.9999500E+1,2.4000000E-2,2.4000000E-2,1.9800000E-2
0.0000000E+0,1.3000000E-6,-3.0000000E-7,-8.9461000E-3,6.4970310E-2,4.9999800E+1,2.4000000E-2,2.4000000E-2,1.9800000E-2
0.0000000E+0,7.0000000E-7,1.0000000E-7,-8.9305000E-3,6.4970310E-2,4.9999800E+1,2.4000000E-2,2.4000000E-2,1.9800000E-2
0.0000000E+0,-5.0000000E-7,-1.0000000E-7,-9.0272000E-3,6.4970310E-2,4.9999600E+1,2.4000000E-2,2.4000000E-2,1.9800000E-2
0.0000000E+0,-9.0000000E-7,6.0000000E-7,-9.0593000E-3,6.4970310E-2,4.9999800E+1,2.4000000E-2,2.4000000E-2,1.9800000E-2
0.0000000E+0,-7.0000000E-7,-1.0000000E-7,-9.1353000E-3,6.4970310E-2,4.9999600E+1,2.4000000E-2,2.4000000E-2,1.9800000E-2
0.0000000E+0,1.0000000E-7,-1.0000000E-7,-9.1914000E-3,6.4970310E-2,4.9999600E+1,2.4000000E-2,2.4000000E-2,1.9800000E-2
0.0000000E+0,-6.0000000E-7,-3.0000000E-7,-9.3100000E-3,6.4970310E-2,4.9999800E+1,2.4000000E-2,2.4000000E-2,1.9800000E-2
0.0000000E+0,4.0000000E-7,-8.0000000E-7,-9.2989000E-3,6.4970310E-2,4.9999800E+1,2.4000000E-2,2.4000000E-2,1.9800000E-2
0.0000000E+0,5.0000000E-7,0.0000000E+0,-9.4057000E-3,6.4970310E-2,5.0000000E+1,2.4000000E-2,2.4000000E-2,1.9800000E-2
0.0000000E+0,-1.0000000E-7,2.0000000E-7,-9.5522000E-3,6.4970310E-2,5.0000200E+1,2.4000000E-2,2.4000000E-2,1.9800000E-2
0.0000000E+0,1.0000000E-7,3.0000000E-7,-9.5759000E-3,6.4970310E-2,4.9999900E+1,2.4000000E-2,2.4000000E-2,1.9800000E-2
0.0000000E+0,1.0000000E-7,1.0000000E-7,-9.6328000E-3,6.4970310E-2,4.9999500E+1,2.4000000E-2,2.4000000E-2,1.9800000E-2
0.0000000E+0,0.0000000E+0,2.0000000E-7,-9.6144000E-3,6.4970310E-2,5.0000200E+1,2.4000000E-2,2.4000000E-2,1.9800000E-2
0.0000000E+0,3.0000000E-7,3.0000000E-7,-9.6180000E-3,6.4970310E-2,5.0000000E+1,2.4000000E-2,2.4000000E-2,1.9800000E-2
0.0000000E+0,-4.0000000E-7,-3.0000000E-7,-9.7826000E-3,6.4970310E-2,5.0000000E+1,2.4000000E-2,2.4000000E-2,1.9800000E-2
0.0000000E+0,-4.0000000E-7,-0.0000000E+0,-1.0040200E-2,6.4970310E-2,5.0000500E+1,2.4000000E-2,2.4000000E-2,1.9800000E-2
0.0000000E+0,-7.0000000E-7,4.0000000E-7,-9.9854000E-3,6.4970310E-2,5.0000300E+1,2.4000000E-2,2.4000000E-2,1.9800000E-2
0.0000000E+0,-2.0000000E-7,2.0000000E-7,-1.0048600E-2,6.4970310E-2,5.0000100E+1,2.4000000E-2,2.4000000E-2,1.9800000E-2
0.0000000E+0,-7.0000000E-7,-1.0000000E-7,-1.0170900E-2,6.4970310E-2,4.9999700E+1,2.4000000E-2,2.4000000E-2,1.9800000E-2
0.0000000E+0,-4.0000000E-7,-4.0000000E-7,-1.0121900E-2,6.4970310E-2,4.9999800E+1,2.4000000E-2,2.4000000E-2,1.9800000E-2
0.0000000E+0,-7.0000000E-7,4.0000000E-7,-1.0285900E-2,6.4970310E-2,4.9999900E+1,2.4000000E-2,2.4000000E-2,1.9800000E-2
0.0000000E+0,2.0000000E-7,-6.0000000E-7,-1.0337300E-2,6.4970310E-2,5.0000000E+1,2.4000000E-2,2.4000000E-2,1.9800000E-2
0.0000000E+0,6.0000000E-7,-5.0000000E-7,-1.0183500E-2,6.4970310E-2,4.9999800E+1,2.4000000E-2,2.4000000E-2,1.9800000E-2
0.0000000E+0,-1.0000000E-7,-7.0000000E-7,-1.0381400E-2,6.4970310E-2,5.0000100E+1,2.4000000E-2,2.4000000E-2,1.9800000E-2
0.0000000E+0,1.0000000E-7,-1.0000000E-7,-1.0651800E-2,6.4970310E-2,4.9999700E+1,2.4000000E-2,2.4000000E-2,1.9800000E-2
0.0000000E+0,-1.2000000E-6,1.0000000E-7,-1.0557600E-2,6.4970310E-2,4.9999700E+1,2.4000000E-2,2.4000000E-2,1.9800000E-2
0.0000000E+0,-3.0000000E-7,1.0000000E-7,-1.0707000E-2,6.4970310E-2,4.9999700E+1,2.4000000E-2,2.4000000E-2,1.9800000E-2
0.0000000E+0,-4.0000000E-7,1.0000000E-7,-1.0880500E-2,6.4970310E-2,4.9999700E+1,2.4000000E-2,2.4000000E-2,1.9800000E-2
0.0000000E+0,-7.0000000E-7,-4.0000000E-7,-1.0923300E-2,6.4970310E-2,5.0000200E+1,2.4000000E-2,2.4000000E-2,1.9800000E-2
0.0000000E+0,1.0000000E-7,3.0000000E-7,-1.0904400E-2,6.4970310E-2,5.0000000E+1,2.4000000E-2,2.4000000E-2,1.9800000E-2
0.0000000E+0,-1.0000000E-6,-5.0000000E-7,-1.1008000E-2,6.4970310E-2,5.0000000E+1,2.4000000E-2,2.4000000E-2,1.9800000E-2
0.0000000E+0,-3.0000000E-7,6.0000000E-7,-1.1010200E-2,6.4970310E-2,4.9999900E+1,2.4000000E-2,2.4000000E-2,1.9800000E-2
0.0000000E+0,-4.0000000E-7,6.0000000E-7,-1.1109200E-2,6.4970310E-2,4.9999700E+1,2.4000000E-2,2.4000000E-2,1.9800000E-2
0.0000000E+0,8.0000000E-7,-4.0000000E-7,-1.1124700E-2,6.4970310E-2,4.9999900E+1,2.4000000E-2,2.4000000E-2,1.9800000E-2
0.0000000E+0,2.0000000E-7,-6.0000000E-7,-1.1111500E-2,6.4970310E-2,5.0000000E+1,2.4000000E-2,2.4000000E-2,1.9800000E-2
0.0000000E+0,5.0000000E-7,-1.0000000E-6,-1.1242400E-2,6.4970310E-2,4.9999900E+1,2.4000000E-2,2.4000000E-2,1.9800000E-2
0.0000000E+0,1.0000000E-7,-4.0000000E-7,-1.1380300E-2,6.4970310E-2,4.9999800E+1,2.4000000E-2,2.4000000E-2,1.9800000E-2
0.0000000E+0,-7.0000000E-7,3.0000000E-7,-1.1393500E-2,6.4970310E-2,4.9999800E+1,2.4000000E-2,2.4000000E-2,1.9800000E-2
0.0000000E+0,1.0000000E-7,6.0000000E-7,-1.1547400E-2,6.4970310E-2,4.9999900E+1,2.4000000E-2,2.4000000E-2,1.9800000E-2
0.0000000E+0,1.0000000E-7,-3.0000000E-7,-1.1491500E-2,6.4970310E-2,4.9999800E+1,2.4000000E-2,2.4000000E-2,1.9800000E-2
0.0000000E+0,-6.0000000E-7,6.0000000E-7,-1.1591700E-2,6.4970310E-2,5.0000200E+1,2.4000000E-2,2.4000000E-2,1.9800000E-2
0.0000000E+0,5.0000000E-7,-5.0000000E-7,-1.1650000E-2,6.4970310E-2,4.9999900E+1,2.4000000E-2,2.4000000E-2,1.9800000E-2
0.0000000E+0,6.0000000E-7,-5.0000000E-7,-1.1598800E-2,6.4970310E-2,4.9999900E+1,2.4000000E-2,2.4000000E-2,1.9800000E-2
0.0000000E+0,6.0000000E-7,-0.0000000E+0,-1.1774900E-2,6.4970310E-2,4.9999700E+1,2.4000000E-2,2.4000000E-2,1.9800000E-2
0.0000000E+0,4.0000000E-7,1.0000000E-7,-1.1789300E-2,6.4970310E-2,4.9999700E+1,2.4000000E-2,2.4000000E-2,1.9800000E-2
0.0000000E+0,1.0000000E-7,-5.0000000E-7,-1.1835500E-2,6.4970310E-2,4.9999700E+1,2.4000000E-2,2.4000000E-2,1.9800000E-2
0.0000000E+0,-8.0000000E-7,1.0000000E-7,-1.1917900E-2,6.4970310E-2,4.9999900E+1,2.4000000E-2,2.4000000E-2,1.9800000E-2
0.0000000E+0,-1.0000000E-7,4.0000000E-7,-1.1957600E-2,6.4970310E-2,4.9999700E+1,2.4000000E-2,2.4000000E-2,1.9800000E-2
0.0000000E+0,3.0000000E-7,-9.0000000E-7,-1.2058600E-2,6.4970310E-2,4.9999300E+1,2.4000000E-2,2.4000000E-2,1.9800000E-2
0.0000000E+0,-3.0000000E-7,-2.0000000E-7,-1.2153700E-2,6.4970310E-2,4.9999700E+1,2.4000000E-2,2.4000000E-2,1.9800000E-2
0.0000000E+0,-3.0000000E-7,1.0000000E-7,-1.2126400E-2,6.4970310E-2,4.9999800E+1,2.4000000E-2,2.4000000E-2,1.9800000E-2
0.0000000E+0,-2.0000000E-7,2.0000000E-7,-1.2241500E-2,6.4970310E-2,5.0000000E+1,2.4000000E-2,2.4000000E-2,1.9800000E-2
0.0000000E+0,1.0000000E-7,-1.0000000E-7,-1.2286600E-2,6.4970310E-2,5.0000200E+1,2.4000000E-2,2.4000000E-2,1.9800000E-2
0.0000000E+0,-5.0000000E-7,4.0000000E-7,-1.2368200E-2,6.4970310E-2,5.0000000E+1,2.4000000E-2,2.4000000E-2,1.9800000E-2
0.0000000E+0,4.0000000E-7,-3.0000000E-7,-1.2315200E-2,6.4970310E-2,5.0000000E+1,2.4000000E-2,2.4000000E-2,1.9800000E-2
0.0000000E+0,1.0000000E-7,-6.0000000E-7,-1.2410800E-2,6.4970310E-2,5.0000200E+1,2.4000000E-2,2.4000000E-2,1.9800000E-2
0.0000000E+0,0.0000000E+0,-2.0000000E-7,-1.2492800E-2,6.4970310E-2,4.9999900E+1,2.4000000E-2,2.4000000E-2,1.9800000E-2
0.0000000E+0,-6.0000000E-7,2.0000000E-7,-1.2539500E-2,6.4970310E-2,5.0000000E+1,2.4000000E-2,2.4000000E-2,1.9800000E-2
0.0000000E+0,-2.0000000E-7,-5.0000000E-7,-1.2546100E-2,6.4970310E-2,4.9999700E+1,2.4000000E-2,2.4000000E-2,1.9800000E-2
0.0000000E+0,3.0000000E-7,2.0000000E-7,-1.2664700E-2,6.4970310E-2,5.0000000E+1,2.4000000E-2,2.4000000E-2,1.9800000E-2
0.0000000E+0,1.0000000E-7,-5.0000000E-7,-1.2638800E-2,6.4970310E-2,4.9999900E+1,2.4000000E-2,2.4000000E-2,1.9800000E-2
0.0000000E+0,-1.0000000E-7,1.0000000E-7,-1.2759300E-2,6.4970310E-2,4.9999800E+1,2.4000000E-2,2.4000000E-2,1.9800000E-2
0.0000000E+0,-2.0000000E-7,8.0000000E-7,-1.2791300E-2,6.4970310E-2,5.0000000E+1,2.4000000E-2,2.4000000E-2,1.9800000E-2
0.0000000E+0,0.0000000E+0,0.0000000E+0,-1.2800100E-2,6.4970310E-2,5.0000000E+1,2.4000000E-2,2.4000000E-2,1.9800000E-2
0.0000000E+0,3.0000000E-7,6.0000000E-7,-1.2858200E-2,6.4970310E-2,4.9999500E+1,2.4000000E-2,2.4000000E-2,1.9800000E-2
0.0000000E+0,-1.0000000E-7,3.0000000E-7,-1.2931600E-2,6.4970310E-2,4.9999700E+1,2.4000000E-2,2.4000000E-2,1.9800000E-2
0.0000000E+0,1.0000000E-7,-2.0000000E-7,-1.2977400E-2,6.4970310E-2,4.9999900E+1,2.4000000E-2,2.4000000E-2,1.9800000E-2
0.0000000E+0,-2.0000000E-7,9.0000000E-7,-1.3053700E-2,6.4970310E-2,5.0000100E+1,2.4000000E-2,2.4000000E-2,1.9800000E-2
0.0000000E+0,-3.0000000E-7,-6.0000000E-7,-1.3078700E-2,6.4970310E-2,4.9999900E+1,2.4000000E-2,2.4000000E-2,1.9800000E-2
0.0000000E+0,-4.0000000E-7,3.0000000E-7,-1.3141800E-2,6.4970310E-2,4.9999900E+1,2.4000000E-2,2.4000000E-2,1.9800000E-2
0.0000000E+0,-1.0000000E-7,4.0000000E-7,-1.3196200E-2,6.4970310E-2,5.0000100E+1,2.4000000E-2,2.4000000E-2,1.9800000E-2
0.0000000E+0,-3.0000000E-7,-3.0000000E-7,-1.3237200E-2,6.4970310E-2,4.9999800E+1,2.4000000E-2,2.4000000E-2,1.9800000E-2
0.0000000E+0,-9.0000000E-7,-5.0000000E-7,-1.3293600E-2,6.4970310E-2,4.9999700E+1,2.4000000E-2,2.4000000E-2,1.9800000E-2
0.0000000E+0,6.0000000E-7,6.0000000E-7,-1.3344200E-2,6.4970310E-2,4.9999800E+1,2.4000000E-2,2.4000000E-2,1.9800000E-2
0.0000000E+0,-7.0000000E-7,-8.0000000E-7,-1.3389600E-2,6.4970310E-2,4.9999600E+1,2.4000000E-2,2.4000000E-2,1.9800000E-2
0.0000000E+0,3.0000000E-7,-2.0000000E-7,-1.3442800E-2,6.4970310E-2,4.9999800E+1,2.4000000E-2,2.4000000E-2,1.9800000E-2
0.0000000E+0,6.0000000E-7,-2.0000000E-7,-1.3499700E-2,6.4970310E-2,5.0000200E+1,2.4000000E-2,2.4000000E-2,1.9800000E-2
0.0000000E+0,4.0000000E-7,-2.0000000E-7,-1.3540500E-2,6.4970310E-2,4.9999700E+1,2.4000000E-2,2.4000000E-2,1.9800000E-2
0.0000000E+0,3.0000000E-7,2.0000000E-7,-1.3598400E-2,6.4970310E-2,4.9999900E+1,2.4000000E-2,2.4000000E-2,1.9800000E-2
0.0000000E+0,-4.0000000E-7,3.0000000E-7,-1.3652000E-2,6.4970310E-2,4.9999600E+1,2.4000000E-2,2.4000000E-2,1.9800000E-2
0.0000000E+0,5.0000000E-7,-3.0000000E-7,-1.3689700E-2,6.4970310E-2,4.9999800E+1,2.4000000E-2,2.4000000E-2,1.9800000E-2
0.0000000E+0,-3.0000000E-7,3.0000000E-7,-1.3745500E-2,6.4970310E-2,4.9999500E+1,2.4000000E-2,2.4000000E-2,1.9800000E-2
0.0000000E+0,3.0000000E-7,3.0000000E-7,-1.3795000E-2,6.4970310E-2,4.9999600E+1,2.4000000E-2,2.4000000E-2,1.9800000E-2
0.0000000E+0,-4.0000000E-7,0.0000000E+0,-1.3847900E-2,6.4970310E-2,4.9999600E+1,2.4000000E-2,2.4000000E-2,1.9800000E-2
0.0000000E+0,0.0000000E+0,4.0000000E-7,-1.3893100E-2,6.4970310E-2,4.9999600E+1,2.4000000E-2,2.4000000E-2,1.9800000E-2
0.0000000E+0,-1.0000000E-7,1.0000000E-7,-1.3947000E-2,6.4970310E-2,4.9999800E+1,2.4000000E-2,2.4000000E-2,1.9800000E-2
0.0000000E+0,1.0000000E-7,1.0000000E-7,-1.3997700E-2,6.4970310E-2,4.9999700E+1,2.4000000E-2,2.4000000E-2,1.9800000E-2
0.0000000E+0,1.0000000E-6,0.0000000E+0,-1.4042000E-2,6.4970310E-2,4.9999800E+1,2.4000000E-2,2.4000000E-2,1.9800000E-2
0.0000000E+0,9.0000000E-7,2.0000000E-7,-1.4099000E-2,6.4970310E-2,4.9999800E+1,2.4000000E-2,2.4000000E-2,1.9800000E-2
0.0000000E+0,-1.0000000E-6,4.0000000E-7,-1.4138700E-2,6.4970310E-2,4.9999900E+1,2.4000000E-2,2.4000000E-2,1.9800000E-2
0.0000000E+0,1.0000000E-7,-3.0000000E-7,-1.4190800E-2,6.4970310E-2,4.9999600E+1,2.4000000E-2,2.4000000E-2,1.9800000E-2
0.0000000E+0,8.0000000E-7,1.0000000E-7,-1.4250200E-2,6.4970310E-2,4.9999700E+1,2.4000000E-2,2.4000000E-2,1.9800000E-2
0.0000000E+0,4.0000000E-7,7.0000000E-7,-1.4296000E-2,6.4970310E-2,4.9999700E+1,2.4000000E-2,2.4000000E-2,1.9800000E-2
0.0000000E+0,-3.0000000E-7,3.0000000E-7,-1.4343900E-2,6.4970310E-2,4.9999500E+1,2.4000000E-2,2.4000000E-2,1.9800000E-2
0.0000000E+0,2.0000000E-7,9.0000000E-7,-1.4397300E-2,6.4970310E-2,4.9999600E+1,2.4000000E-2,2.4000000E-2,1.9800000E-2
0.0000000E+0,0.0000000E+0,2.0000000E-7,-1.4444100E-2,6.4970310E-2,4.9999500E+1,2.4000000E-2,2.4000000E-2,1.9800000E-2
0.0000000E+0,-9.0000000E-7,2.0000000E-7,-1.4500800E-2,6.4970310E-2,4.9999700E+1,2.4000000E-2,2.4000000E-2,1.9800000E-2
0.0000000E+0,-3.0000000E-7,1.0000000E-7,-1.4547600E-2,6.4970310E-2,4.9999300E+1,2.4000000E-2,2.4000000E-2,1.9800000E-2
0.0000000E+0,6.0000000E-7,5.0000000E-7,-1.4593400E-2,6.4970310E-2,4.9999400E+1,2.4000000E-2,2.4000000E-2,1.9800000E-2
0.0000000E+0,3.0000000E-7,-5.0000000E-7,-1.4644200E-2,6.4970310E-2,4.9999300E+1,2.4000000E-2,2.4000000E-2,1.9800000E-2
0.0000000E+0,4.0000000E-7,2.0000000E-7,-1.4696200E-2,6.4970310E-2,4.9999800E+1,2.4000000E-2,2.4000000E-2,1.9800000E-2
0.0000000E+0,-8.0000000E-7,-0.0000000E+0,-1.4746300E-2,6.4970310E-2,4.9999900E+1,2.4000000E-2,2.4000000E-2,1.9800000E-2
0.0000000E+0,-1.1000000E-6,3.0000000E-7,-1.4789500E-2,6.4970310E-2,4.9999500E+1,2.4000000E-2,2.4000000E-2,1.9800000E-2
0.0000000E+0,0.0000000E+0,4.0000000E-7,-1.4843800E-2,6.4970310E-2,4.9999800E+1,2.4000000E-2,2.4000000E-2,1.9800000E-2
0.0000000E+0,6.0000000E-7,2.0000000E-7,-1.4897500E-2,6.4970310E-2,5.0000000E+1,2.4000000E-2,2.4000000E-2,1.9800000E-2
0.0000000E+0,5.0000000E-7,-1.0000000E-7,-1.4942900E-2,6.4970310E-2,5.0000000E+1,2.4000000E-2,2.4000000E-2,1.9800000E-2
0.0000000E+0,7.0000000E-7,-1.0000000E-7,-1.4995000E-2,6.4970310E-2,4.9999700E+1,2.4000000E-2,2.4000000E-2,1.9800000E-2
