Idc,Bx,By,Bz,Vdc_adc,V_bg,dBx,dBy,dBz,
nA,T,T,T,mV,V,T/min,T/min,T/min,
0.0000000E+0,6.0000000E-7,1.0000000E-7,-9.9590000E-3,6.4970310E-2,-5.0013800E+1,2.4000000E-2,2.4000000E-2,1.9800000E-2
0.0000000E+0,-8.0000000E-7,1.0000000E-7,-9.9555000E-3,6.4970310E-2,-5.0013500E+1,2.4000000E-2,2.4000000E-2,1.9800000E-2
0.0000000E+0,4.0000000E-7,3.0000000E-7,-9.8855000E-3,6.4970310E-2,-5.0013800E+1,2.4000000E-2,2.4000000E-2,1.9800000E-2
0.0000000E+0,2.0000000E-7,8.0000000E-7,-9.8821000E-3,6.4970310E-2,-5.0013800E+1,2.4000000E-2,2.4000000E-2,1.9800000E-2
0.0000000E+0,2.0000000E-7,2.0000000E-7,-9.8296000E-3,6.4970310E-2,-5.0013700E+1,2.4000000E-2,2.4000000E-2,1.9800000E-2
0.0000000E+0,1.0000000E-6,-3.0000000E-7,-9.7467000E-3,6.4970310E-2,-5.0013900E+1,2.4000000E-2,2.4000000E-2,1.9800000E-2
0.0000000E+0,0.0000000E+0,-2.0000000E-7,-9.7729000E-3,6.4970310E-2,-5.0014100E+1,2.4000000E-2,2.4000000E-2,1.9800000E-2
0.0000000E+0,-4.0000000E-7,-9.0000000E-7,-9.8671000E-3,6.4970310E-2,-5.0013900E+1,2.4000000E-2,2.4000000E-2,1.9800000E-2
0.0000000E+0,4.0000000E-7,-1.0000000E-7,-9.5797000E-3,6.4970310E-2,-5.0014000E+1,2.4000000E-2,2.4000000E-2,1.9800000E-2
0.0000000E+0,-3.0000000E-7,6.0000000E-7,-9.6801000E-3,6.4970310E-2,-5.0014000E+1,2.4000000E-2,2.4000000E-2,1.9800000E-2
0.0000000E+0,1.0000000E-7,1.0000000E-7,-9.4994000E-3,6.4970310E-2,-5.0013800E+1,2.4000000E-2,2.4000000E-2,1.9800000E-2
0.0000000E+0,2.0000000E-7,-3.0000000E-7,-9.3733000E-3,6.4970310E-2,-5.0013900E+1,2.4000000E-2,2.4000000E-2,1.9800000E-2
0.0000000E+0,-3.0000000E-7,3.0000000E-7,-9.3512000E-3,6.4970310E-2,-5.0014000E+1,2.4000000E-2,2.4000000E-2,1.9800000E-2
0.0000000E+0,6.0000000E-7,-3.0000000E-7,-9.1807000E-3,6.4970310E-2,-5.0014000E+1,2.4000000E-2,2.4000000E-2,1.9800000E-2
0.0000000E+0,-1.0000000E-7,-5.0000000E-7,-9.2206000E-3,6.4970310E-2,-5.0014000E+1,2.4000000E-2,2.4000000E-2,1.9800000E-2
0.0000000E+0,-5.0000000E-7,1.0000000E-7,-9.1639000E-3,6.4970310E-2,-5.0014100E+1,2.4000000E-2,2.4000000E-2,1.9800000E-2
0.0000000E+0,-5.0000000E-7,-1.0000000E-7,-9.0668000E-3,6.4970310E-2,-5.0014100E+1,2.4000000E-2,2.4000000E-2,1.9800000E-2
0.0000000E+0,1.0000000E-7,-6.0000000E-7,-9.0425000E-3,6.4970310E-2,-5.0013700E+1,2.4000000E-2,2.4000000E-2,1.9800000E-2
0.0000000E+0,-6.0000000E-7,-0.0000000E+0,-8.9228000E-3,6.4970310E-2,-5.0014200E+1,2.4000000E-2,2.4000000E-2,1.9800000E-2
0.0000000E+0,-2.0000000E-7,3.0000000E-7,-8.9217000E-3,6.4970310E-2,-5.0014000E+1,2.4000000E-2,2.4000000E-2,1.9800000E-2
0.0000000E+0,-6.0000000E-7,-4.0000000E-7,-8.8776000E-3,6.4970310E-2,-5.0013900E+1,2.4000000E-2,2.4000000E-2,1.9800000E-2
0.0000000E+0,2.0000000E-7,1.0000000E-7,-8.7739000E-3,6.4970310E-2,-5.0013900E+1,2.4000000E-2,2.4000000E-2,1.9800000E-2
0.0000000E+0,0.0000000E+0,4.0000000E-7,-8.7911000E-3,6.4970310E-2,-5.0013900E+1,2.4000000E-2,2.4000000E-2,1.9800000E-2
0.0000000E+0,0.0000000E+0,-1.0000000E-7,-8.7663000E-3,6.4970310E-2,-5.0013500E+1,2.4000000E-2,2.4000000E-2,1.9800000E-2
0.0000000E+0,-9.0000000E-7,-1.2000000E-6,-8.6343000E-3,6.4970310E-2,-5.0013800E+1,2.4000000E-2,2.4000000E-2,1.9800000E-2
0.0000000E+0,3.0000000E-7,-9.0000000E-7,-8.6433000E-3,6.4970310E-2,-5.0014000E+1,2.4000000E-2,2.4000000E-2,1.9800000E-2
0.0000000E+0,-1.0000000E-6,2.0000000E-7,-8.5638000E-3,6.4970310E-2,-5.0014200E+1,2.4000000E-2,2.4000000E-2,1.9800000E-2
0.0000000E+0,0.0000000E+0,-8.0000000E-7,-8.5846000E-3,6.4970310E-2,-5.0013900E+1,2.4000000E-2,2.4000000E-2,1.9800000E-2
0.0000000E+0,-2.0000000E-7,-1.3000000E-6,-8.4510000E-3,6.4970310E-2,-5.0014100E+1,2.4000000E-2,2.4000000E-2,1.9800000E-2
0.0000000E+0,-7.0000000E-7,2.0000000E-7,-8.4097000E-3,6.4970310E-2,-5.0014000E+1,2.4000000E-2,2.4000000E-2,1.9800000E-2
0.0000000E+0,4.0000000E-7,1.0000000E-7,-8.3714000E-3,6.4970310E-2,-5.0014000E+1,2.4000000E-2,2.4000000E-2,1.9800000E-2
0.0000000E+0,-7.0000000E-7,3.0000000E-7,-8.2854000E-3,6.4970310E-2,-5.0014000E+1,2.4000000E-2,2.4000000E-2,1.9800000E-2
0.0000000E+0,-4.0000000E-7,2.0000000E-7,-8.2650000E-3,6.4970310E-2,-5.0013700E+1,2.4000000E-2,2.4000000E-2,1.9800000E-2
0.0000000E+0,-2.0000000E-7,-5.0000000E-7,-8.1970000E-3,6.4970310E-2,-5.0013900E+1,2.4000000E-2,2.4000000E-2,1.9800000E-2
0.0000000E+0,1.0000000E-7,-3.0000000E-7,-8.1884000E-3,6.4970310E-2,-5.0014200E+1,2.4000000E-2,2.4000000E-2,1.9800000E-2
0.0000000E+0,-4.0000000E-7,-4.0000000E-7,-8.1024000E-3,6.4970310E-2,-5.0014200E+1,2.4000000E-2,2.4000000E-2,1.9800000E-2
0.0000000E+0,0.0000000E+0,3.0000000E-7,-8.0425000E-3,6.4970310E-2,-5.0013800E+1,2.4000000E-2,2.4000000E-2,1.9800000E-2
0.0000000E+0,3.0000000E-7,-3.0000000E-7,-8.0098000E-3,6.4970310E-2,-5.0014200E+1,2.4000000E-2,2.4000000E-2,1.9800000E-2
0.0000000E+0,-5.0000000E-7,-1.0000000E-7,-7.9883000E-3,6.4970310E-2,-5.0014100E+1,2.4000000E-2,2.4000000E-2,1.9800000E-2
0.0000000E+0,-6.0000000E-7,-5.0000000E-7,-7.9313000E-3,6.4970310E-2,-5.0013800E+1,2.4000000E-2,2.4000000E-2,1.9800000E-2
0.0000000E+0,-3.0000000E-7,-2.0000000E-7,-7.8562000E-3,6.4970310E-2,-5.0013800E+1,2.4000000E-2,2.4000000E-2,1.9800000E-2
0.0000000E+0,-2.0000000E-7,1.0000000E-7,-7.8593000E-3,6.4970310E-2,-5.0013800E+1,2.4000000E-2,2.4000000E-2,1.9800000E-2
0.0000000E+0,-5.0000000E-7,-1.0000000E-7,-7.7837000E-3,6.4970310E-2,-5.0013900E+1,2.4000000E-2,2.4000000E-2,1.9800000E-2
0.0000000E+0,-3.0000000E-7,-3.0000000E-7,-7.7801000E-3,6.4970310E-2,-5.0013500E+1,2.4000000E-2,2.4000000E-2,1.9800000E-2
0.0000000E+0,5.0000000E-7,3.0000000E-7,-7.6596000E-3,6.4970310E-2,-5.0014200E+1,2.4000000E-2,2.4000000E-2,1.9800000E-2
0.0000000E+0,1.0000000E-7,5.0000000E-7,-7.6046000E-3,6.4970310E-2,-5.0013900E+1,2.4000000E-2,2.4000000E-2,1.9800000E-2
0.0000000E+0,-5.0000000E-7,1.0000000E-7,-7.5685000E-3,6.4970310E-2,-5.0014100E+1,2.4000000E-2,2.4000000E-2,1.9800000E-2
0.0000000E+0,-9.0000000E-7,-2.0000000E-7,-7.5069000E-3,6.4970310E-2,-5.0014100E+1,2.4000000E-2,2.4000000E-2,1.9800000E-2
0.0000000E+0,-3.0000000E-7,6.0000000E-7,-7.4535000E-3,6.4970310E-2,-5.0014000E+1,2.4000000E-2,2.4000000E-2,1.9800000E-2
0.0000000E+0,1.0000000E-7,2.0000000E-7,-7.4028000E-3,6.4970310E-2,-5.0014200E+1,2.4000000E-2,2.4000000E-2,1.9800000E-2
0.0000000E+0,1.1000000E-6,-1.0000000E-7,-7.3562000E-3,6.4970310E-2,-5.0013600E+1,2.4000000E-2,2.4000000E-2,1.9800000E-2
0.0000000E+0,6.0000000E-7,1.0000000E-7,-7.2915000E-3,6.4970310E-2,-5.0013900E+1,2.4000000E-2,2.4000000E-2,1.9800000E-2
0.0000000E+0,3.0000000E-7,-2.0000000E-7,-7.2802000E-3,6.4970310E-2,-5.0013600E+1,2.4000000E-2,2.4000000E-2,1.9800000E-2
0.0000000E+0,2.0000000E-7,5.0000000E-7,-7.1946000E-3,6.4970310E-2,-5.0014000E+1,2.4000000E-2,2.4000000E-2,1.9800000E-2
0.0000000E+0,6.0000000E-7,2.0000000E-7,-7.1512000E-3,6.4970310E-2,-5.0014200E+1,2.4000000E-2,2.4000000E-2,1.9800000E-2
0.0000000E+0,7.0000000E-7,-2.0000000E-7,-7.1167000E-3,6.4970310E-2,-5.0013700E+1,2.4000000E-2,2.4000000E-2,1.9800000E-2
0.0000000E+0,3.0000000E-7,-1.0000000E-7,-7.0785000E-3,6.4970310E-2,-5.0014000E+1,2.4000000E-2,2.4000000E-2,1.9800000E-2
0.0000000E+0,9.0000000E-7,-2.0000000E-7,-7.0132000E-3,6.4970310E-2,-5.0013900E+1,2.4000000E-2,2.4000000E-2,1.9800000E-2
0.0000000E+0,1.0000000E-7,-4.0000000E-7,-6.9617000E-3,6.4970310E-2,-5.0014200E+1,2.4000000E-2,2.4000000E-2,1.9800000E-2
0.0000000E+0,3.0000000E-7,-3.0000000E-7,-6.8984000E-3,6.4970310E-2,-5.0013800E+1,2.4000000E-2,2.4000000E-2,1.9800000E-2
0.0000000E+0,0.0000000E+0,4.0000000E-7,-6.8580000E-3,6.4970310E-2,-5.0014000E+1,2.4000000E-2,2.4000000E-2,1.9800000E-2
0.0000000E+0,1.4000000E-6,-1.0000000E-7,-6.8015000E-3,6.4970310E-2,-5.0014200E+1,2.4000000E-2,2.4000000E-2,1.9800000E-2
0.0000000E+0,-3.0000000E-7,-8.0000000E-7,-6.7548000E-3,6.4970310E-2,-5.0014000E+1,2.4000000E-2,2.4000000E-2,1.9800000E-2
0.0000000E+0,5.0000000E-7,1.0000000E-7,-6.7031000E-3,6.4970310E-2,-5.0013900E+1,2.4000000E-2,2.4000000E-2,1.9800000E-2
0.0000000E+0,1.0000000E-7,4.0000000E-7,-6.6513000E-3,6.4970310E-2,-5.0013700E+1,2.4000000E-2,2.4000000E-2,1.9800000E-2
0.0000000E+0,3.0000000E-7,7.0000000E-7,-6.5985000E-3,6.4970310E-2,-5.0014000E+1,2.4000000E-2,2.4000000E-2,1.9800000E-2
0.0000000E+0,1.0000000E-7,-1.0000000E-7,-6.5602000E-3,6.4970310E-2,-5.0013900E+1,2.4000000E-2,2.4000000E-2,1.9800000E-2
0.0000000E+0,0.0000000E+0,4.0000000E-7,-6.5132000E-3,6.4970310E-2,-5.0014200E+1,2.4000000E-2,2.4000000E-2,1.9800000E-2
0.0000000E+0,-4.0000000E-7,-0.0000000E+0,-6.4532000E-3,6.4970310E-2,-5.0013700E+1,2.4000000E-2,2.4000000E-2,1.9800000E-2
0.0000000E+0,-1.0000000E-7,3.0000000E-7,-6.3993000E-3,6.4970310E-2,-5.0013800E+1,2.4000000E-2,2.4000000E-2,1.9800000E-2
0.0000000E+0,-1.0000000E-7,1.2000000E-6,-6.3601000E-3,6.4970310E-2,-5.0014100E+1,2.4000000E-2,2.4000000E-2,1.9800000E-2
0.0000000E+0,1.0000000E-7,1.0000000E-7,-6.3049000E-3,6.4970310E-2,-5.0014000E+1,2.4000000E-2,2.4000000E-2,1.9800000E-2
0.0000000E+0,-5.0000000E-7,-1.0000000E-7,-6.2595000E-3,6.4970310E-2,-5.0013900E+1,2.4000000E-2,2.4000000E-2,1.9800000E-2
0.0000000E+0,0.0000000E+0,3.0000000E-7,-6.2027000E-3,6.4970310E-2,-5.0013900E+1,2.4000000E-2,2.4000000E-2,1.9800000E-2
0.0000000E+0,7.0000000E-7,-3.0000000E-7,-6.1553000E-3,6.4970310E-2,-5.0013600E+1,2.4000000E-2,2.4000000E-2,1.9800000E-2
0.0000000E+0,8.0000000E-7,5.0000000E-7,-6.1059000E-3,6.4970310E-2,-5.0013900E+1,2.4000000E-2,2.4000000E-2,1.9800000E-2
0.0000000E+0,8.0000000E-7,-6.0000000E-7,-6.0507000E-3,6.4970310E-2,-5.0014200E+1,2.4000000E-2,2.4000000E-2,1.9800000E-2
0.0000000E+0,-4.0000000E-7,-5.0000000E-7,-6.0088000E-3,6.4970310E-2,-5.0014100E+1,2.4000000E-2,2.4000000E-2,1.9800000E-2
0.0000000E+0,5.0000000E-7,-3.0000000E-7,-5.9488000E-3,6.4970310E-2,-5.0013800E+1,2.4000000E-2,2.4000000E-2,1.9800000E-2
0.0000000E+0,4.0000000E-7,6.0000000E-7,-5.9060000E-3,6.4970310E-2,-5.0014000E+1,2.4000000E-2,2.4000000E-2,1.9800000E-2
0.0000000E+0,-2.0000000E-7,0.0000000E+0,-5.8535000E-3,6.4970310E-2,-5.0013900E+1,2.4000000E-2,2.4000000E-2,1.9800000E-2
0.0000000E+0,1.0000000E-7,1.0000000E-7,-5.8058000E-3,6.4970310E-2,-5.0013900E+1,2.4000000E-2,2.4000000E-2,1.9800000E-2
0.0000000E+0,0.0000000E+0,-2.0000000E-7,-5.7633000E-3,6.4970310E-2,-5.0014400E+1,2.4000000E-2,2.4000000E-2,1.9800000E-2
0.0000000E+0,-1.0000000E-7,5.0000000E-7,-5.7032000E-3,6.4970310E-2,-5.0014100E+1,2.4000000E-2,2.4000000E-2,1.9800000E-2
0.0000000E+0,1.0000000E-7,-2.0000000E-7,-5.6624000E-3,6.4970310E-2,-5.0014100E+1,2.4000000E-2,2.4000000E-2,1.9800000E-2
0.0000000E+0,3.0000000E-7,3.0000000E-7,-5.6032000E-3,6.4970310E-2,-5.0013900E+1,2.4000000E-2,2.4000000E-2,1.9800000E-2
0.0000000E+0,2.0000000E-7,-6.0000000E-7,-5.5585000E-3,6.4970310E-2,-5.0014100E+1,2.4000000E-2,2.4000000E-2,1.9800000E-2
0.0000000E+0,1.0000000E-7,-1.0000000E-7,-5.5022000E-3,6.4970310E-2,-5.0014100E+1,2.4000000E-2,2.4000000E-2,1.9800000E-2
0.0000000E+0,1.0000000E-7,0.0000000E+0,-5.4512000E-3,6.4970310E-2,-5.0014400E+1,2.4000000E-2,2.4000000E-2,1.9800000E-2
0.0000000E+0,-1.1000000E-6,-2.0000000E-7,-5.4078000E-3,6.4970310E-2,-5.0014400E+1,2.4000000E-2,2.4000000E-2,1.9800000E-2
0.0000000E+0,-1.0000000E-7,1.0000000E-7,-5.3544000E-3,6.4970310E-2,-5.0014000E+1,2.4000000E-2,2.4000000E-2,1.9800000E-2
0.0000000E+0,-9.0000000E-7,-3.0000000E-7,-5.3101000E-3,6.4970310E-2,-5.0014400E+1,2.4000000E-2,2.4000000E-2,1.9800000E-2
0.0000000E+0,-4.0000000E-7,3.0000000E-7,-5.2535000E-3,6.4970310E-2,-5.0014100E+1,2.4000000E-2,2.4000000E-2,1.9800000E-2
0.0000000E+0,2.0000000E-7,-2.0000000E-7,-5.2064000E-3,6.4970310E-2,-5.0014400E+1,2.4000000E-2,2.4000000E-2,1.9800000E-2
0.0000000E+0,5.0000000E-7,6.0000000E-7,-5.1492000E-3,6.4970310E-2,-5.0014500E+1,2.4000000E-2,2.4000000E-2,1.9800000E-2
0.0000000E+0,-7.0000000E-7,7.0000000E-7,-5.1069000E-3,6.4970310E-2,-5.0014500E+1,2.4000000E-2,2.4000000E-2,1.9800000E-2
0.0000000E+0,-4.0000000E-7,1.0000000E-7,-5.0554000E-3,6.4970310E-2,-5.0014100E+1,2.4000000E-2,2.4000000E-2,1.9800000E-2
0.0000000E+0,-5.0000000E-7,-3.0000000E-7,-5.0044000E-3,6.4970310E-2,-5.0014300E+1,2.4000000E-2,2.4000000E-2,1.9800000E-2
0.0000000E+0,-4.0000000E-7,-6.0000000E-7,-4.9548000E-3,6.4970310E-2,-5.0014200E+1,2.4000000E-2,2.4000000E-2,1.9800000E-2
0.0000000E+0,3.0000000E-7,-3.0000000E-7,-4.9067000E-3,6.4970310E-2,-5.0014100E+1,2.4000000E-2,2.4000000E-2,1.9800000E-2
0.0000000E+0,-1.1000000E-6,-6.0000000E-7,-4.8562000E-3,6.4970310E-2,-5.0014000E+1,2.4000000E-2,2.4000000E-2,1.9800000E-2
0.0000000E+0,-9.0000000E-7,1.0000000E-7,-4.8081000E-3,6.4970310E-2,-5.0014200E+1,2.4000000E-2,2.4000000E-2,1.9800000E-2
0.0000000E+0,-8.0000000E-7,-7.0000000E-7,-4.7552000E-3,6.4970310E-2,-5.0014500E+1,2.4000000E-2,2.4000000E-2,1.9800000E-2
0.0000000E+0,-5.0000000E-7,2.0000000E-7,-4.6971000E-3,6.4970310E-2,-5.0014400E+1,2.4000000E-2,2.4000000E-2,1.9800000E-2
0.0000000E+0,6.0000000E-7,-4.0000000E-7,-4.6543000E-3,6.4970310E-2,-5.0013800E+1,2.4000000E-2,2.4000000E-2,1.9800000E-2
0.0000000E+0,-3.0000000E-7,-5.0000000E-7,-4.6051000E-3,6.4970310E-2,-5.0014100E+1,2.4000000E-2,2.4000000E-2,1.9800000E-2
0.0000000E+0,1.1000000E-6,-1.0000000E-7,-4.5566000E-3,6.4970310E-2,-5.0014300E+1,2.4000000E-2,2.4000000E-2,1.9800000E-2
0.0000000E+0,8.0000000E-7,-5.0000000E-7,-4.5076000E-3,6.4970310E-2,-5.0014500E+1,2.4000000E-2,2.4000000E-2,1.9800000E-2
0.0000000E+0,3.0000000E-7,4.0000000E-7,-4.4515000E-3,6.4970310E-2,-5.0014500E+1,2.4000000E-2,2.4000000E-2,1.9800000E-2
0.0000000E+0,-3.0000000E-7,2.0000000E-7,-4.4048000E-3,6.4970310E-2,-5.0014400E+1,2.4000000E-2,2.4000000E-2,1.9800000E-2
0.0000000E+0,-1.0000000E-7,4.0000000E-7,-4.3600000E-3,6.4970310E-2,-5.0014200E+1,2.4000000E-2,2.4000000E-2,1.9800000E-2
0.0000000E+0,-5.0000000E-7,3.0000000E-7,-4.3122000E-3,6.4970310E-2,-5.0014500E+1,2.4000000E-2,2.4000000E-2,1.9800000E-2
0.0000000E+0,-0.0000000E+0,6.0000000E-7,-4.2516000E-3,6.4970310E-2,-5.0014600E+1,2.4000000E-2,2.4000000E-2,1.9800000E-2
0.0000000E+0,3.0000000E-7,3.0000000E-7,-4.2095000E-3,6.4970310E-2,-5.0014200E+1,2.4000000E-2,2.4000000E-2,1.9800000E-2
0.0000000E+0,-4.0000000E-7,3.0000000E-7,-4.1539000E-3,6.4970310E-2,-5.0014300E+1,2.4000000E-2,2.4000000E-2,1.9800000E-2
0.0000000E+0,4.0000000E-7,2.0000000E-7,-4.1071000E-3,6.4970310E-2,-5.0014200E+1,2.4000000E-2,2.4000000E-2,1.9800000E-2
0.0000000E+0,-2.0000000E-7,2.0000000E-7,-4.0549000E-3,6.4970310E-2,-5.0014300E+1,2.4000000E-2,2.4000000E-2,1.9800000E-2
0.0000000E+0,2.0000000E-7,-8.0000000E-7,-4.0026000E-3,6.4970310E-2,-5.0014600E+1,2.4000000E-2,2.4000000E-2,1.9800000E-2
0.0000000E+0,-9.0000000E-7,-1.1000000E-6,-3.9565000E-3,6.4970310E-2,-5.0014400E+1,2.4000000E-2,2.4000000E-2,1.9800000E-2
0.0000000E+0,2.0000000E-7,1.0000000E-7,-3.9055000E-3,6.4970310E-2,-5.0014300E+1,2.4000000E-2,2.4000000E-2,1.9800000E-2
0.0000000E+0,-2.0000000E-7,4.0000000E-7,-3.8534000E-3,6.4970310E-2,-5.0014300E+1,2.4000000E-2,2.4000000E-2,1.9800000E-2
0.0000000E+0,0.0000000E+0,5.0000000E-7,-3.8104000E-3,6.4970310E-2,-5.0014100E+1,2.4000000E-2,2.4000000E-2,1.9800000E-2
0.0000000E+0,-3.0000000E-7,-6.0000000E-7,-3.7586000E-3,6.4970310E-2,-5.0014000E+1,2.4000000E-2,2.4000000E-2,1.9800000E-2
0.0000000E+0,2.0000000E-7,-5.0000000E-7,-3.7069000E-3,6.4970310E-2,-5.0013800E+1,2.4000000E-2,2.4000000E-2,1.9800000E-2
0.0000000E+0,5.0000000E-7,-3.0000000E-7,-3.6533000E-3,6.4970310E-2,-5.0013900E+1,2.4000000E-2,2.4000000E-2,1.9800000E-2
0.0000000E+0,7.0000000E-7,-6.0000000E-7,-3.6027000E-3,6.4970310E-2,-5.0014000E+1,2.4000000E-2,2.4000000E-2,1.9800000E-2
0.0000000E+0,-1.0000000E-7,3.0000000E-7,-3.5595000E-3,6.4970310E-2,-5.0014200E+1,2.4000000E-2,2.4000000E-2,1.9800000E-2
0.0000000E+0,-4.0000000E-7,-1.0000000E-7,-3.5145000E-3,6.4970310E-2,-5.0014200E+1,2.4000000E-2,2.4000000E-2,1.9800000E-2
0.0000000E+0,8.0000000E-7,-0.0000000E+0,-3.4563000E-3,6.4970310E-2,-5.0014300E+1,2.4000000E-2,2.4000000E-2,1.9800000E-2
0.0000000E+0,-2.0000000E-7,5.0000000E-7,-3.4057000E-3,6.4970310E-2,-5.0014200E+1,2.4000000E-2,2.4000000E-2,1.9800000E-2
0.0000000E+0,0.0000000E+0,0.0000000E+0,-3.3539000E-3,6.4970310E-2,-5.0014100E+1,2.4000000E-2,2.4000000E-2,1.9800000E-2
0.0000000E+0,-3.0000000E-7,1.0000000E-7,-3.3060000E-3,6.4970310E-2,-5.0014200E+1,2.4000000E-2,2.4000000E-2,1.9800000E-2
0.0000000E+0,1.0000000E-7,3.0000000E-7,-3.2533000E-3,6.4970310E-2,-5.0014200E+1,2.4000000E-2,2.4000000E-2,1.9800000E-2
0.0000000E+0,4.0000000E-7,-2.0000000E-7,-3.2018000E-3,6.4970310E-2,-5.0014200E+1,2.4000000E-2,2.4000000E-2,1.9800000E-2
0.0000000E+0,4.0000000E-7,-4.0000000E-7,-3.1569000E-3,6.4970310E-2,-5.0013700E+1,2.4000000E-2,2.4000000E-2,1.9800000E-2
0.0000000E+0,0.0000000E+0,-3.0000000E-7,-3.1015000E-3,6.4970310E-2,-5.0014200E+1,2.4000000E-2,2.4000000E-2,1.9800000E-2
0.0000000E+0,1.0000000E-7,6.0000000E-7,-3.0523000E-3,6.4970310E-2,-5.0014200E+1,2.4000000E-2,2.4000000E-2,1.9800000E-2
0.0000000E+0,-5.0000000E-7,2.0000000E-7,-3.0084000E-3,6.4970310E-2,-5.0014200E+1,2.4000000E-2,2.4000000E-2,1.9800000E-2
0.0000000E+0,-1.0000000E-7,-2.0000000E-7,-2.9552000E-3,6.4970310E-2,-5.0014500E+1,2.4000000E-2,2.4000000E-2,1.9800000E-2
0.0000000E+0,3.0000000E-7,9.0000000E-7,-2.9104000E-3,6.4970310E-2,-5.0014200E+1,2.4000000E-2,2.4000000E-2,1.9800000E-2
0.0000000E+0,5.0000000E-7,5.0000000E-7,-2.8581000E-3,6.4970310E-2,-5.0014000E+1,2.4000000E-2,2.4000000E-2,1.9800000E-2
0.0000000E+0,-8.0000000E-7,-1.0000000E-7,-2.8019000E-3,6.4970310E-2,-5.0014400E+1,2.4000000E-2,2.4000000E-2,1.9800000E-2
0.0000000E+0,-1.0000000E-7,-3.0000000E-7,-2.7538000E-3,6.4970310E-2,-5.0014000E+1,2.4000000E-2,2.4000000E-2,1.9800000E-2
0.0000000E+0,-3.0000000E-7,5.0000000E-7,-2.7066000E-3,6.4970310E-2,-5.0014100E+1,2.4000000E-2,2.4000000E-2,1.9800000E-2
0.0000000E+0,8.0000000E-7,0.0000000E+0,-2.6634000E-3,6.4970310E-2,-5.0014300E+1,2.4000000E-2,2.4000000E-2,1.9800000E-2
0.0000000E+0,-7.0000000E-7,3.0000000E-7,-2.6008000E-3,6.4970310E-2,-5.0014300E+1,2.4000000E-2,2.4000000E-2,1.9800000E-2
0.0000000E+0,0.0000000E+0,1.0000000E-7,-2.5574000E-3,6.4970310E-2,-5.0014400E+1,2.4000000E-2,2.4000000E-2,1.9800000E-2
0.0000000E+0,-6.0000000E-7,2.0000000E-7,-2.5005000E-3,6.4970310E-2,-5.0014600E+1,2.4000000E-2,2.4000000E-2,1.9800000E-2
0.0000000E+0,2.0000000E-7,-2.0000000E-7,-2.4573000E-3,6.4970310E-2,-5.0014200E+1,2.4000000E-2,2.4000000E-2,1.9800000E-2
0.0000000E+0,-1.0000000E-7,1.0000000E-7,-2.4025000E-3,6.4970310E-2,-5.0014500E+1,2.4000000E-2,2.4000000E-2,1.9800000E-2
0.0000000E+0,3.0000000E-7,6.0000000E-7,-2.3498000E-3,6.4970310E-2,-5.0014200E+1,2.4000000E-2,2.4000000E-2,1.9800000E-2
0.0000000E+0,-2.0000000E-7,1.0000000E-7,-2.3043000E-3,6.4970310E-2,-5.0014500E+1,2.4000000E-2,2.4000000E-2,1.9800000E-2
0.0000000E+0,3.0000000E-7,-1.0000000E-6,-2.2604000E-3,6.4970310E-2,-5.0014300E+1,2.4000000E-2,2.4000000E-2,1.9800000E-2
0.0000000E+0,1.1000000E-6,-3.0000000E-7,-2.2084000E-3,6.4970310E-2,-5.0014200E+1,2.4000000E-2,2.4000000E-2,1.9800000E-2
0.0000000E+0,1.0000000E-7,9.0000000E-7,-2.1481000E-3,6.4970310E-2,-5.0014400E+1,2.4000000E-2,2.4000000E-2,1.9800000E-2
0.0000000E+0,-5.0000000E-7,4.0000000E-7,-2.1004000E-3,6.4970310E-2,-5.0014400E+1,2.4000000E-2,2.4000000E-2,1.9800000E-2
0.0000000E+0,-2.0000000E-7,5.0000000E-7,-2.0612000E-3,6.4970310E-2,-5.0014700E+1,2.4000000E-2,2.4000000E-2,1.9800000E-2
0.0000000E+0,5.0000000E-7,5.0000000E-7,-2.0129000E-3,6.4970310E-2,-5.0014700E+1,2.4000000E-2,2.4000000E-2,1.9800000E-2
0.0000000E+0,4.0000000E-7,-2.0000000E-7,-1.9564000E-3,6.4970310E-2,-5.0014600E+1,2.4000000E-2,2.4000000E-2,1.9800000E-2
0.0000000E+0,5.0000000E-7,-7.0000000E-7,-1.9090000E-3,6.4970310E-2,-5.0014100E+1,2.4000000E-2,2.4000000E-2,1.9800000E-2
0.0000000E+0,-3.0000000E-7,-5.0000000E-7,-1.8562000E-3,6.4970310E-2,-5.0014200E+1,2.4000000E-2,2.4000000E-2,1.9800000E-2
0.0000000E+0,-7.0000000E-7,-9.0000000E-7,-1.8030000E-3,6.4970310E-2,-5.0013800E+1,2.4000000E-2,2.4000000E-2,1.9800000E-2
0.0000000E+0,1.0000000E-6,1.0000000E-7,-1.7603000E-3,6.4970310E-2,-5.0014100E+1,2.4000000E-2,2.4000000E-2,1.9800000E-2
0.0000000E+0,-4.0000000E-7,-1.0000000E-7,-1.7124000E-3,6.4970310E-2,-5.0014400E+1,2.4000000E-2,2.4000000E-2,1.9800000E-2
0.0000000E+0,3.0000000E-7,-5.0000000E-7,-1.6535000E-3,6.4970310E-2,-5.0014100E+1,2.4000000E-2,2.4000000E-2,1.9800000E-2
0.0000000E+0,-9.0000000E-7,1.0000000E-6,-1.6045000E-3,6.4970310E-2,-5.0013800E+1,2.4000000E-2,2.4000000E-2,1.9800000E-2
0.0000000E+0,3.0000000E-7,3.0000000E-7,-1.5517000E-3,6.4970310E-2,-5.0013700E+1,2.4000000E-2,2.4000000E-2,1.9800000E-2
0.0000000E+0,3.0000000E-7,9.0000000E-7,-1.5058000E-3,6.4970310E-2,-5.0014000E+1,2.4000000E-2,2.4000000E-2,1.9800000E-2
0.0000000E+0,-1.0000000E-7,-2.0000000E-7,-1.4576000E-3,6.4970310E-2,-5.0013800E+1,2.4000000E-2,2.4000000E-2,1.9800000E-2
0.0000000E+0,-5.0000000E-7,-3.0000000E-7,-1.4070000E-3,6.4970310E-2,-5.0013800E+1,2.4000000E-2,2.4000000E-2,1.9800000E-2
0.0000000E+0,-3.0000000E-7,3.0000000E-7,-1.3550000E-3,6.4970310E-2,-5.0013700E+1,2.4000000E-2,2.4000000E-2,1.9800000E-2
0.0000000E+0,-1.0000000E-7,-7.0000000E-7,-1.3046000E-3,6.4970310E-2,-5.0014300E+1,2.4000000E-2,2.4000000E-2,1.9800000E-2
0.0000000E+0,-5.0000000E-7,6.0000000E-7,-1.2526000E-3,6.4970310E-2,-5.0014300E+1,2.4000000E-2,2.4000000E-2,1.9800000E-2
0.0000000E+0,1.0000000E-7,1.0000000E-7,-1.2169000E-3,6.4970310E-2,-5.0014200E+1,2.4000000E-2,2.4000000E-2,1.9800000E-2
0.0000000E+0,5.0000000E-7,3.0000000E-7,-1.1550000E-3,6.4970310E-2,-5.0014200E+1,2.4000000E-2,2.4000000E-2,1.9800000E-2
0.0000000E+0,7.0000000E-7,-8.0000000E-7,-1.1120000E-3,6.4970310E-2,-5.0013900E+1,2.4000000E-2,2.4000000E-2,1.9800000E-2
0.0000000E+0,-2.0000000E-7,3.0000000E-7,-1.0611000E-3,6.4970310E-2,-5.0014100E+1,2.4000000E-2,2.4000000E-2,1.9800000E-2
0.0000000E+0,-4.0000000E-7,-1.0000000E-7,-1.0026000E-3,6.4970310E-2,-5.0014200E+1,2.4000000E-2,2.4000000E-2,1.9800000E-2
0.0000000E+0,-1.0000000E-7,3.0000000E-7,-9.6290000E-4,6.4970310E-2,-5.0013900E+1,2.4000000E-2,2.4000000E-2,1.9800000E-2
0.0000000E+0,-7.0000000E-7,-0.0000000E+0,-9.1000000E-4,6.4970310E-2,-5.0014100E+1,2.4000000E-2,2.4000000E-2,1.9800000E-2
0.0000000E+0,7.0000000E-7,8.0000000E-7,-8.5880000E-4,6.4970310E-2,-5.0014400E+1,2.4000000E-2,2.4000000E-2,1.9800000E-2
0.0000000E+0,4.0000000E-7,-5.0000000E-7,-8.0710000E-4,6.4970310E-2,-5.0014100E+1,2.4000000E-2,2.4000000E-2,1.9800000E-2
0.0000000E+0,5.0000000E-7,7.0000000E-7,-7.5730000E-4,6.4970310E-2,-5.0013900E+1,2.4000000E-2,2.4000000E-2,1.9800000E-2
0.0000000E+0,6.0000000E-7,-4.0000000E-7,-7.0830000E-4,6.4970310E-2,-5.0014000E+1,2.4000000E-2,2.4000000E-2,1.9800000E-2
0.0000000E+0,1.0000000E-7,4.0000000E-7,-6.6170000E-4,6.4970310E-2,-5.0014100E+1,2.4000000E-2,2.4000000E-2,1.9800000E-2
0.0000000E+0,3.0000000E-7,-1.0000000E-7,-6.0460000E-4,6.4970310E-2,-5.0014100E+1,2.4000000E-2,2.4000000E-2,1.9800000E-2
0.0000000E+0,3.0000000E-7,2.0000000E-7,-5.5780000E-4,6.4970310E-2,-5.0014000E+1,2.4000000E-2,2.4000000E-2,1.9800000E-2
0.0000000E+0,4.0000000E-7,-3.0000000E-7,-5.0840000E-4,6.4970310E-2,-5.0014300E+1,2.4000000E-2,2.4000000E-2,1.9800000E-2
0.0000000E+0,6.0000000E-7,-1.0000000E-7,-4.5210000E-4,6.4970310E-2,-5.0014300E+1,2.4000000E-2,2.4000000E-2,1.9800000E-2
0.0000000E+0,-1.0000000E-7,1.0000000E-7,-4.0330000E-4,6.4970310E-2,-5.0014300E+1,2.4000000E-2,2.4000000E-2,1.9800000E-2
0.0000000E+0,8.0000000E-7,-4.0000000E-7,-3.5570000E-4,6.4970310E-2,-5.0014600E+1,2.4000000E-2,2.4000000E-2,1.9800000E-2
0.0000000E+0,-3.0000000E-7,-4.0000000E-7,-3.0560000E-4,6.4970310E-2,-5.0014200E+1,2.4000000E-2,2.4000000E-2,1.9800000E-2
0.0000000E+0,1.0000000E-7,-8.0000000E-7,-2.5530000E-4,6.4970310E-2,-5.0013800E+1,2.4000000E-2,2.4000000E-2,1.9800000E-2
0.0000000E+0,2.0000000E-7,7.0000000E-7,-2.0590000E-4,6.4970310E-2,-5.0014000E+1,2.4000000E-2,2.4000000E-2,1.9800000E-2
0.0000000E+0,-4.0000000E-7,6.0000000E-7,-1.5670000E-4,6.4970310E-2,-5.0014200E+1,2.4000000E-2,2.4000000E-2,1.9800000E-2
0.0000000E+0,1.0000000E-7,2.0000000E-7,-1.0080000E-4,6.4970310E-2,-5.0013800E+1,2.4000000E-2,2.4000000E-2,1.9800000E-2
0.0000000E+0,-7.0000000E-7,6.0000000E-7,-5.4700000E-5,6.4970310E-2,-5.0014400E+1,2.4000000E-2,2.4000000E-2,1.9800000E-2
0.0000000E+0,3.0000000E-7,-4.0000000E-7,-5.8000000E-6,6.4970310E-2,-5.0014200E+1,2.4000000E-2,2.4000000E-2,1.9800000E-2
0.0000000E+0,7.0000000E-7,7.0000000E-7,3.9000000E-5,6.4970310E-2,-5.0014200E+1,2.4000000E-2,2.4000000E-2,1.9800000E-2
0.0000000E+0,-4.0000000E-7,1.0000000E-7,9.7900000E-5,6.4970310E-2,-5.0014600E+1,2.4000000E-2,2.4000000E-2,1.9800000E-2
0.0000000E+0,-1.0000000E-6,-3.0000000E-7,1.3920000E-4,6.4970310E-2,-5.0014100E+1,2.4000000E-2,2.4000000E-2,1.9800000E-2
0.0000000E+0,3.0000000E-7,-1.0000000E-7,1.9280000E-4,6.4970310E-2,-5.0014200E+1,2.4000000E-2,2.4000000E-2,1.9800000E-2
0.0000000E+0,-7.0000000E-7,3.0000000E-7,2.4270000E-4,6.4970310E-2,-5.0013900E+1,2.4000000E-2,2.4000000E-2,1.9800000E-2
0.0000000E+0,-1.1000000E-6,1.0000000E-7,2.9470000E-4,6.4970310E-2,-5.0014000E+1,2.4000000E-2,2.4000000E-2,1.9800000E-2
0.0000000E+0,1.0000000E-7,-5.0000000E-7,3.4370000E-4,6.4970310E-2,-5.0013900E+1,2.4000000E-2,2.4000000E-2,1.9800000E-2
0.0000000E+0,7.0000000E-7,-1.1000000E-6,3.9630000E-4,6.4970310E-2,-5.0014000E+1,2.4000000E-2,2.4000000E-2,1.9800000E-2
0.0000000E+0,8.0000000E-7,1.0000000E-7,4.4660000E-4,6.4970310E-2,-5.0014200E+1,2.4000000E-2,2.4000000E-2,1.9800000E-2
0.0000000E+0,1.0000000E-7,-0.0000000E+0,4.9290000E-4,6.4970310E-2,-5.0013700E+1,2.4000000E-2,2.4000000E-2,1.9800000E-2
0.0000000E+0,1.0000000E-6,-6.0000000E-7,5.4560000E-4,6.4970310E-2,-5.0013800E+1,2.4000000E-2,2.4000000E-2,1.9800000E-2
0.0000000E+0,8.0000000E-7,6.0000000E-7,6.0060000E-4,6.4970310E-2,-5.0013700E+1,2.4000000E-2,2.4000000E-2,1.9800000E-2
0.0000000E+0,6.0000000E-7,1.0000000E-7,6.4040000E-4,6.4970310E-2,-5.0014000E+1,2.4000000E-2,2.4000000E-2,1.9800000E-2
0.0000000E+0,4.0000000E-7,4.0000000E-7,6.8970000E-4,6.4970310E-2,-5.0013400E+1,2.4000000E-2,2.4000000E-2,1.9800000E-2
0.0000000E+0,9.0000000E-7,3.0000000E-7,7.4400000E-4,6.4970310E-2,-5.0013600E+1,2.4000000E-2,2.4000000E-2,1.9800000E-2
0.0000000E+0,-2.0000000E-7,2.0000000E-7,7.9540000E-4,6.4970310E-2,-5.0013700E+1,2.4000000E-2,2.4000000E-2,1.9800000E-2
0.0000000E+0,-1.0000000E-7,3.0000000E-7,8.4190000E-4,6.4970310E-2,-5.0013600E+1,2.4000000E-2,2.4000000E-2,1.9800000E-2
0.0000000E+0,-2.0000000E-7,-4.0000000E-7,8.9180000E-4,6.4970310E-2,-5.0013900E+1,2.4000000E-2,2.4000000E-2,1.9800000E-2
0.0000000E+0,-5.0000000E-7,2.0000000E-7,9.4610000E-4,6.4970310E-2,-5.0013900E+1,2.4000000E-2,2.4000000E-2,1.9800000E-2
0.0000000E+0,-1.3000000E-6,2.0000000E-7,9.9720000E-4,6.4970310E-2,-5.0013800E+1,2.4000000E-2,2.4000000E-2,1.9800000E-2
0.0000000E+0,2.0000000E-7,-1.0000000E-7,1.0400000E-3,6.4970310E-2,-5.0013800E+1,2.4000000E-2,2.4000000E-2,1.9800000E-2
0.0000000E+0,-5.0000000E-7,-3.0000000E-7,1.0939000E-3,6.4970310E-2,-5.0014000E+1,2.4000000E-2,2.4000000E-2,1.9800000E-2
0.0000000E+0,4.0000000E-7,4.0000000E-7,1.1482000E-3,6.4970310E-2,-5.0013800E+1,2.4000000E-2,2.4000000E-2,1.9800000E-2
0.0000000E+0,-1.0000000E-6,-0.0000000E+0,1.1969000E-3,6.4970310E-2,-5.0013900E+1,2.4000000E-2,2.4000000E-2,1.9800000E-2
0.0000000E+0,0.0000000E+0,2.0000000E-7,1.2455000E-3,6.4970310E-2,-5.0014000E+1,2.4000000E-2,2.4000000E-2,1.9800000E-2
0.0000000E+0,-6.0000000E-7,1.0000000E-6,1.2964000E-3,6.4970310E-2,-5.0013600E+1,2.4000000E-2,2.4000000E-2,1.9800000E-2
0.0000000E+0,-2.0000000E-7,-9.0000000E-7,1.3421000E-3,6.4970310E-2,-5.0013700E+1,2.4000000E-2,2.4000000E-2,1.9800000E-2
0.0000000E+0,6.0000000E-7,6.0000000E-7,1.3931000E-3,6.4970310E-2,-5.0014000E+1,2.4000000E-2,2.4000000E-2,1.9800000E-2
0.0000000E+0,-6.0000000E-7,3.0000000E-7,1.4371000E-3,6.4970310E-2,-5.0013700E+1,2.4000000E-2,2.4000000E-2,1.9800000E-2
0.0000000E+0,4.0000000E-7,-1.0000000E-7,1.4928000E-3,6.4970310E-2,-5.0013700E+1,2.4000000E-2,2.4000000E-2,1.9800000E-2
0.0000000E+0,0.0000000E+0,1.0000000E-7,1.5426000E-3,6.4970310E-2,-5.0014100E+1,2.4000000E-2,2.4000000E-2,1.9800000E-2
0.0000000E+0,-0.0000000E+0,-1.0000000E-6,1.5941000E-3,6.4970310E-2,-5.0014200E+1,2.4000000E-2,2.4000000E-2,1.9800000E-2
0.0000000E+0,-3.0000000E-7,-5.0000000E-7,1.6484000E-3,6.4970310E-2,-5.0014100E+1,2.4000000E-2,2.4000000E-2,1.9800000E-2
0.0000000E+0,-2.0000000E-7,-2.0000000E-7,1.6942000E-3,6.4970310E-2,-5.0014000E+1,2.4000000E-2,2.4000000E-2,1.9800000E-2
0.0000000E+0,2.0000000E-7,-0.0000000E+0,1.7448000E-3,6.4970310E-2,-5.0013900E+1,2.4000000E-2,2.4000000E-2,1.9800000E-2
0.0000000E+0,-1.0000000E-7,-1.0000000E-6,1.7986000E-3,6.4970310E-2,-5.0013900E+1,2.4000000E-2,2.4000000E-2,1.9800000E-2
0.0000000E+0,-1.2000000E-6,5.0000000E-7,1.8469000E-3,6.4970310E-2,-5.0013800E+1,2.4000000E-2,2.4000000E-2,1.9800000E-2
0.0000000E+0,0.0000000E+0,5.0000000E-7,1.8977000E-3,6.4970310E-2,-5.0014000E+1,2.4000000E-2,2.4000000E-2,1.9800000E-2
0.0000000E+0,-3.0000000E-7,-3.0000000E-7,1.9455000E-3,6.4970310E-2,-5.0013800E+1,2.4000000E-2,2.4000000E-2,1.9800000E-2
0.0000000E+0,-9.0000000E-7,4.0000000E-7,1.9950000E-3,6.4970310E-2,-5.0013700E+1,2.4000000E-2,2.4000000E-2,1.9800000E-2
0.0000000E+0,-8.0000000E-7,-0.0000000E+0,2.0439000E-3,6.4970310E-2,-5.0014300E+1,2.4000000E-2,2.4000000E-2,1.9800000E-2
0.0000000E+0,8.0000000E-7,-2.0000000E-7,2.0989000E-3,6.4970310E-2,-5.0014200E+1,2.4000000E-2,2.4000000E-2,1.9800000E-2
0.0000000E+0,-0.0000000E+0,-3.0000000E-7,2.1432000E-3,6.4970310E-2,-5.0013900E+1,2.4000000E-2,2.4000000E-2,1.9800000E-2
0.0000000E+0,9.0000000E-7,3.0000000E-7,2.1915000E-3,6.4970310E-2,-5.0013800E+1,2.4000000E-2,2.4000000E-2,1.9800000E-2
0.0000000E+0,1.0000000E-7,1.0000000E-7,2.2463000E-3,6.4970310E-2,-5.0014100E+1,2.4000000E-2,2.4000000E-2,1.9800000E-2
0.0000000E+0,-1.0000000E-7,-1.0000000E-7,2.2994000E-3,6.4970310E-2,-5.0013900E+1,2.4000000E-2,2.4000000E-2,1.9800000E-2
0.0000000E+0,-7.0000000E-7,-5.0000000E-7,2.3489000E-3,6.4970310E-2,-5.0013900E+1,2.4000000E-2,2.4000000E-2,1.9800000E-2
0.0000000E+0,-2.0000000E-7,-7.0000000E-7,2.3947000E-3,6.4970310E-2,-5.0013700E+1,2.4000000E-2,2.4000000E-2,1.9800000E-2
0.0000000E+0,-2.0000000E-7,2.0000000E-7,2.4439000E-3,6.4970310E-2,-5.0013800E+1,2.4000000E-2,2.4000000E-2,1.9800000E-2
0.0000000E+0,6.0000000E-7,1.1000000E-6,2.4936000E-3,6.4970310E-2,-5.0014000E+1,2.4000000E-2,2.4000000E-2,1.9800000E-2
0.0000000E+0,-3.0000000E-7,-0.0000000E+0,2.5395000E-3,6.4970310E-2,-5.0013800E+1,2.4000000E-2,2.4000000E-2,1.9800000E-2
0.0000000E+0,0.0000000E+0,4.0000000E-7,2.5940000E-3,6.4970310E-2,-5.0013800E+1,2.4000000E-2,2.4000000E-2,1.9800000E-2
0.0000000E+0,7.0000000E-7,-0.0000000E+0,2.6492000E-3,6.4970310E-2,-5.0013400E+1,2.4000000E-2,2.4000000E-2,1.9800000E-2
0.0000000E+0,-1.0000000E-6,-7.0000000E-7,2.6922000E-3,6.4970310E-2,-5.0013700E+1,2.4000000E-2,2.4000000E-2,1.9800000E-2
0.0000000E+0,-2.0000000E-7,-9.0000000E-7,2.7455000E-3,6.4970310E-2,-5.0013800E+1,2.4000000E-2,2.4000000E-2,1.9800000E-2
0.0000000E+0,-4.0000000E-7,8.0000000E-7,2.7996000E-3,6.4970310E-2,-5.0014200E+1,2.4000000E-2,2.4000000E-2,1.9800000E-2
0.0000000E+0,-3.0000000E-7,-0.0000000E+0,2.8422000E-3,6.4970310E-2,-5.0013600E+1,2.4000000E-2,2.4000000E-2,1.9800000E-2
0.0000000E+0,3.0000000E-7,3.0000000E-7,2.8943000E-3,6.4970310E-2,-5.0014100E+1,2.4000000E-2,2.4000000E-2,1.9800000E-2
0.0000000E+0,-2.0000000E-7,1.0000000E-7,2.9393000E-3,6.4970310E-2,-5.0013800E+1,2.4000000E-2,2.4000000E-2,1.9800000E-2
0.0000000E+0,3.0000000E-7,-5.0000000E-7,2.9938000E-3,6.4970310E-2,-5.0013700E+1,2.4000000E-2,2.4000000E-2,1.9800000E-2
0.0000000E+0,-6.0000000E-7,-1.0000000E-7,3.0469000E-3,6.4970310E-2,-5.0014300E+1,2.4000000E-2,2.4000000E-2,1.9800000E-2
0.0000000E+0,3.0000000E-7,1.0000000E-7,3.0972000E-3,6.4970310E-2,-5.0014100E+1,2.4000000E-2,2.4000000E-2,1.9800000E-2
0.0000000E+0,9.0000000E-7,6.0000000E-7,3.1418000E-3,6.4970310E-2,-5.0014000E+1,2.4000000E-2,2.4000000E-2,1.9800000E-2
0.0000000E+0,4.0000000E-7,-8.0000000E-7,3.1892000E-3,6.4970310E-2,-5.0014200E+1,2.4000000E-2,2.4000000E-2,1.9800000E-2
0.0000000E+0,4.0000000E-7,-1.0000000E-7,3.2442000E-3,6.4970310E-2,-5.0014200E+1,2.4000000E-2,2.4000000E-2,1.9800000E-2
0.0000000E+0,4.0000000E-7,5.0000000E-7,3.2980000E-3,6.4970310E-2,-5.0013800E+1,2.4000000E-2,2.4000000E-2,1.9800000E-2
0.0000000E+0,4.0000000E-7,-5.0000000E-7,3.3439000E-3,6.4970310E-2,-5.0014000E+1,2.4000000E-2,2.4000000E-2,1.9800000E-2
0.0000000E+0,1.3000000E-6,0.0000000E+0,3.3947000E-3,6.4970310E-2,-5.0014000E+1,2.4000000E-2,2.4000000E-2,1.9800000E-2
0.0000000E+0,-4.0000000E-7,9.0000000E-7,3.4414000E-3,6.4970310E-2,-5.0013900E+1,2.4000000E-2,2.4000000E-2,1.9800000E-2
0.0000000E+0,-6.0000000E-7,-1.0000000E-7,3.4984000E-3,6.4970310E-2,-5.0013900E+1,2.4000000E-2,2.4000000E-2,1.9800000E-2
0.0000000E+0,6.0000000E-7,-2.0000000E-7,3.5431000E-3,6.4970310E-2,-5.0013700E+1,2.4000000E-2,2.4000000E-2,1.9800000E-2
0.0000000E+0,-4.0000000E-7,-4.0000000E-7,3.5934000E-3,6.4970310E-2,-5.0013900E+1,2.4000000E-2,2.4000000E-2,1.9800000E-2
0.0000000E+0,-3.0000000E-7,2.0000000E-7,3.6355000E-3,6.4970310E-2,-5.0013800E+1,2.4000000E-2,2.4000000E-2,1.9800000E-2
0.0000000E+0,1.0000000E-7,3.0000000E-7,3.6923000E-3,6.4970310E-2,-5.0013900E+1,2.4000000E-2,2.4000000E-2,1.9800000E-2
0.0000000E+0,-2.0000000E-7,1.0000000E-7,3.7422000E-3,6.4970310E-2,-5.0014100E+1,2.4000000E-2,2.4000000E-2,1.9800000E-2
0.0000000E+0,5.0000000E-7,-1.0000000E-6,3.7954000E-3,6.4970310E-2,-5.0014200E+1,2.4000000E-2,2.4000000E-2,1.9800000E-2
0.0000000E+0,1.0000000E-7,-0.0000000E+0,3.8459000E-3,6.4970310E-2,-5.0013800E+1,2.4000000E-2,2.4000000E-2,1.9800000E-2
0.0000000E+0,-1.0000000E-7,3.0000000E-7,3.8937000E-3,6.4970310E-2,-5.0014000E+1,2.4000000E-2,2.4000000E-2,1.9800000E-2
0.0000000E+0,-8.0000000E-7,-1.0000000E-7,3.9476000E-3,6.4970310E-2,-5.0014300E+1,2.4000000E-2,2.4000000E-2,1.9800000E-2
0.0000000E+0,3.0000000E-7,-2.0000000E-7,3.9939000E-3,6.4970310E-2,-5.0014400E+1,2.4000000E-2,2.4000000E-2,1.9800000E-2
0.0000000E+0,-5.0000000E-7,-0.0000000E+0,4.0446000E-3,6.4970310E-2,-5.0013900E+1,2.4000000E-2,2.4000000E-2,1.9800000E-2
0.0000000E+0,-8.0000000E-7,4.0000000E-7,4.0961000E-3,6.4970310E-2,-5.0013900E+1,2.4000000E-2,2.4000000E-2,1.9800000E-2
0.0000000E+0,5.0000000E-7,4.0000000E-7,4.1442000E-3,6.4970310E-2,-5.0013600E+1,2.4000000E-2,2.4000000E-2,1.9800000E-2
0.0000000E+0,-6.0000000E-7,-2.0000000E-7,4.1967000E-3,6.4970310E-2,-5.0013900E+1,2.4000000E-2,2.4000000E-2,1.9800000E-2
0.0000000E+0,-2.0000000E-7,-5.0000000E-7,4.2512000E-3,6.4970310E-2,-5.0013500E+1,2.4000000E-2,2.4000000E-2,1.9800000E-2
0.0000000E+0,-4.0000000E-7,1.0000000E-7,4.2958000E-3,6.4970310E-2,-5.0014300E+1,2.4000000E-2,2.4000000E-2,1.9800000E-2
0.0000000E+0,9.0000000E-7,1.0000000E-7,4.3447000E-3,6.4970310E-2,-5.0013900E+1,2.4000000E-2,2.4000000E-2,1.9800000E-2
0.0000000E+0,9.0000000E-7,4.0000000E-7,4.3977000E-3,6.4970310E-2,-5.0014000E+1,2.4000000E-2,2.4000000E-2,1.9800000E-2
0.0000000E+0,-3.0000000E-7,-3.0000000E-7,4.4464000E-3,6.4970310E-2,-5.0013800E+1,2.4000000E-2,2.4000000E-2,1.9800000E-2
0.0000000E+0,-2.0000000E-7,-1.0000000E-7,4.4921000E-3,6.4970310E-2,-5.0013800E+1,2.4000000E-2,2.4000000E-2,1.9800000E-2
0.0000000E+0,3.0000000E-7,-6.0000000E-7,4.5490000E-3,6.4970310E-2,-5.0014300E+1,2.4000000E-2,2.4000000E-2,1.9800000E-2
0.0000000E+0,-1.0000000E-7,-5.0000000E-7,4.5989000E-3,6.4970310E-2,-5.0014100E+1,2.4000000E-2,2.4000000E-2,1.9800000E-2
0.0000000E+0,-2.0000000E-7,-3.0000000E-7,4.6479000E-3,6.4970310E-2,-5.0013800E+1,2.4000000E-2,2.4000000E-2,1.9800000E-2
0.0000000E+0,3.0000000E-7,1.0000000E-7,4.6968000E-3,6.4970310E-2,-5.0013700E+1,2.4000000E-2,2.4000000E-2,1.9800000E-2
0.0000000E+0,3.0000000E-7,-8.0000000E-7,4.7441000E-3,6.4970310E-2,-5.0013900E+1,2.4000000E-2,2.4000000E-2,1.9800000E-2
0.0000000E+0,-2.0000000E-7,-5.0000000E-7,4.7922000E-3,6.4970310E-2,-5.0014000E+1,2.4000000E-2,2.4000000E-2,1.9800000E-2
0.0000000E+0,-2.0000000E-7,-2.0000000E-7,4.8413000E-3,6.4970310E-2,-5.0014000E+1,2.4000000E-2,2.4000000E-2,1.9800000E-2
0.0000000E+0,5.0000000E-7,-2.0000000E-7,4.8928000E-3,6.4970310E-2,-5.0013800E+1,2.4000000E-2,2.4000000E-2,1.9800000E-2
0.0000000E+0,1.0000000E-7,-4.0000000E-7,4.9448000E-3,6.4970310E-2,-5.0013700E+1,2.4000000E-2,2.4000000E-2,1.9800000E-2
0.0000000E+0,-5.0000000E-7,-4.0000000E-7,4.9918000E-3,6.4970310E-2,-5.0013800E+1,2.4000000E-2,2.4000000E-2,1.9800000E-2
0.0000000E+0,-4.0000000E-7,1.0000000E-7,5.0492000E-3,6.4970310E-2,-5.0013600E+1,2.4000000E-2,2.4000000E-2,1.9800000E-2
0.0000000E+0,0.0000000E+0,-5.0000000E-7,5.0878000E-3,6.4970310E-2,-5.0014100E+1,2.4000000E-2,2.4000000E-2,1.9800000E-2
0.0000000E+0,-7.0000000E-7,3.0000000E-7,5.1454000E-3,6.4970310E-2,-5.0013800E+1,2.4000000E-2,2.4000000E-2,1.9800000E-2
0.0000000E+0,-5.0000000E-7,1.0000000E-7,5.1955000E-3,6.4970310E-2,-5.0014100E+1,2.4000000E-2,2.4000000E-2,1.9800000E-2
0.0000000E+0,7.0000000E-7,1.0000000E-7,5.2493000E-3,6.4970310E-2,-5.0014200E+1,2.4000000E-2,2.4000000E-2,1.9800000E-2
0.0000000E+0,-3.0000000E-7,-2.0000000E-7,5.2855000E-3,6.4970310E-2,-5.0013800E+1,2.4000000E-2,2.4000000E-2,1.9800000E-2
0.0000000E+0,-1.0000000E-7,8.0000000E-7,5.3404000E-3,6.4970310E-2,-5.0014200E+1,2.4000000E-2,2.4000000E-2,1.9800000E-2
0.0000000E+0,-9.0000000E-7,5.0000000E-7,5.3971000E-3,6.4970310E-2,-5.0014000E+1,2.4000000E-2,2.4000000E-2,1.9800000E-2
0.0000000E+0,9.0000000E-7,-2.0000000E-7,5.4371000E-3,6.4970310E-2,-5.0014300E+1,2.4000000E-2,2.4000000E-2,1.9800000E-2
0.0000000E+0,3.0000000E-7,-1.0000000E-7,5.4935000E-3,6.4970310E-2,-5.0014300E+1,2.4000000E-2,2.4000000E-2,1.9800000E-2
0.0000000E+0,-1.0000000E-7,5.0000000E-7,5.5417000E-3,6.4970310E-2,-5.0013700E+1,2.4000000E-2,2.4000000E-2,1.9800000E-2
0.0000000E+0,4.0000000E-7,1.0000000E-7,5.5946000E-3,6.4970310E-2,-5.0013500E+1,2.4000000E-2,2.4000000E-2,1.9800000E-2
0.0000000E+0,8.0000000E-7,-0.0000000E+0,5.6471000E-3,6.4970310E-2,-5.0013800E+1,2.4000000E-2,2.4000000E-2,1.9800000E-2
0.0000000E+0,-7.0000000E-7,6.0000000E-7,5.6946000E-3,6.4970310E-2,-5.0013600E+1,2.4000000E-2,2.4000000E-2,1.9800000E-2
0.0000000E+0,-2.0000000E-7,-1.0000000E-7,5.7449000E-3,6.4970310E-2,-5.0013800E+1,2.4000000E-2,2.4000000E-2,1.9800000E-2
0.0000000E+0,7.0000000E-7,4.0000000E-7,5.7945000E-3,6.4970310E-2,-5.0013800E+1,2.4000000E-2,2.4000000E-2,1.9800000E-2
0.0000000E+0,1.0000000E-7,6.0000000E-7,5.8422000E-3,6.4970310E-2,-5.0013500E+1,2.4000000E-2,2.4000000E-2,1.9800000E-2
0.0000000E+0,1.0000000E-7,-0.0000000E+0,5.8991000E-3,6.4970310E-2,-5.0013900E+1,2.4000000E-2,2.4000000E-2,1.9800000E-2
0.0000000E+0,-4.0000000E-7,-4.0000000E-7,5.9428000E-3,6.4970310E-2,-5.0013700E+1,2.4000000E-2,2.4000000E-2,1.9800000E-2
0.0000000E+0,-4.0000000E-7,-4.0000000E-7,5.9940000E-3,6.4970310E-2,-5.0013900E+1,2.4000000E-2,2.4000000E-2,1.9800000E-2
0.0000000E+0,-1.0000000E-7,5.0000000E-7,6.0443000E-3,6.4970310E-2,-5.0013900E+1,2.4000000E-2,2.4000000E-2,1.9800000E-2
0.0000000E+0,4.0000000E-7,2.0000000E-7,6.0948000E-3,6.4970310E-2,-5.0014100E+1,2.4000000E-2,2.4000000E-2,1.9800000E-2
0.0000000E+0,2.0000000E-7,0.0000000E+0,6.1391000E-3,6.4970310E-2,-5.0014100E+1,2.4000000E-2,2.4000000E-2,1.9800000E-2
0.0000000E+0,-3.0000000E-7,-9.0000000E-7,6.1994000E-3,6.4970310E-2,-5.0014100E+1,2.4000000E-2,2.4000000E-2,1.9800000E-2
0.0000000E+0,-2.0000000E-7,3.0000000E-7,6.2426000E-3,6.4970310E-2,-5.0014100E+1,2.4000000E-2,2.4000000E-2,1.9800000E-2
0.0000000E+0,-5.0000000E-7,1.0000000E-7,6.2892000E-3,6.4970310E-2,-5.0014200E+1,2.4000000E-2,2.4000000E-2,1.9800000E-2
0.0000000E+0,2.0000000E-7,1.0000000E-7,6.3481000E-3,6.4970310E-2,-5.0014400E+1,2.4000000E-2,2.4000000E-2,1.9800000E-2
0.0000000E+0,-5.0000000E-7,-8.0000000E-7,6.3975000E-3,6.4970310E-2,-5.0014100E+1,2.4000000E-2,2.4000000E-2,1.9800000E-2
0.0000000E+0,-1.0000000E-7,-5.0000000E-7,6.4465000E-3,6.4970310E-2,-5.0014200E+1,2.4000000E-2,2.4000000E-2,1.9800000E-2
0.0000000E+0,-6.0000000E-7,7.0000000E-7,6.4975000E-3,6.4970310E-2,-5.0014100E+1,2.4000000E-2,2.4000000E-2,1.9800000E-2
0.0000000E+0,-5.0000000E-7,6.0000000E-7,6.5413000E-3,6.4970310E-2,-5.0014100E+1,2.4000000E-2,2.4000000E-2,1.9800000E-2
0.0000000E+0,5.0000000E-7,-5.0000000E-7,6.5914000E-3,6.4970310E-2,-5.0014200E+1,2.4000000E-2,2.4000000E-2,1.9800000E-2
0.0000000E+0,-1.4000000E-6,0.0000000E+0,6.6397000E-3,6.4970310E-2,-5.0014000E+1,2.4000000E-2,2.4000000E-2,1.9800000E-2
0.0000000E+0,-4.0000000E-7,-5.0000000E-7,6.6954000E-3,6.4970310E-2,-5.0013700E+1,2.4000000E-2,2.4000000E-2,1.9800000E-2
0.0000000E+0,1.0000000E-7,-5.0000000E-7,6.7414000E-3,6.4970310E-2,-5.0013900E+1,2.4000000E-2,2.4000000E-2,1.9800000E-2
0.0000000E+0,-7.0000000E-7,-5.0000000E-7,6.7918000E-3,6.4970310E-2,-5.0014100E+1,2.4000000E-2,2.4000000E-2,1.9800000E-2
0.0000000E+0,-4.0000000E-7,4.0000000E-7,6.8390000E-3,6.4970310E-2,-5.0013800E+1,2.4000000E-2,2.4000000E-2,1.9800000E-2
0.0000000E+0,-2.0000000E-7,-5.0000000E-7,6.8952000E-3,6.4970310E-2,-5.0013500E+1,2.4000000E-2,2.4000000E-2,1.9800000E-2
0.0000000E+0,7.0000000E-7,-3.0000000E-7,6.9485000E-3,6.4970310E-2,-5.0013900E+1,2.4000000E-2,2.4000000E-2,1.9800000E-2
0.0000000E+0,1.1000000E-6,1.0000000E-7,6.9890000E-3,6.4970310E-2,-5.0014100E+1,2.4000000E-2,2.4000000E-2,1.9800000E-2
0.0000000E+0,3.0000000E-7,3.0000000E-7,7.0469000E-3,6.4970310E-2,-5.0013900E+1,2.4000000E-2,2.4000000E-2,1.9800000E-2
0.0000000E+0,-3.0000000E-7,-6.0000000E-7,7.0940000E-3,6.4970310E-2,-5.0013800E+1,2.4000000E-2,2.4000000E-2,1.9800000E-2
0.0000000E+0,-7.0000000E-7,6.0000000E-7,7.1399000E-3,6.4970310E-2,-5.0014100E+1,2.4000000E-2,2.4000000E-2,1.9800000E-2
0.0000000E+0,1.0000000E-7,1.0000000E-7,7.1904000E-3,6.4970310E-2,-5.0014000E+1,2.4000000E-2,2.4000000E-2,1.9800000E-2
0.0000000E+0,-7.0000000E-7,8.0000000E-7,7.2489000E-3,6.4970310E-2,-5.0013900E+1,2.4000000E-2,2.4000000E-2,1.9800000E-2
0.0000000E+0,-9.0000000E-7,2.0000000E-7,7.2959000E-3,6.4970310E-2,-5.0013900E+1,2.4000000E-2,2.4000000E-2,1.9800000E-2
0.0000000E+0,-3.0000000E-7,-3.0000000E-7,7.3463000E-3,6.4970310E-2,-5.0014000E+1,2.4000000E-2,2.4000000E-2,1.9800000E-2
0.0000000E+0,3.0000000E-7,1.0000000E-7,7.3963000E-3,6.4970310E-2,-5.0014200E+1,2.4000000E-2,2.4000000E-2,1.9800000E-2
0.0000000E+0,3.0000000E-7,-3.0000000E-7,7.4475000E-3,6.4970310E-2,-5.0014100E+1,2.4000000E-2,2.4000000E-2,1.9800000E-2
0.0000000E+0,-4.0000000E-7,4.0000000E-7,7.4940000E-3,6.4970310E-2,-5.0013800E+1,2.4000000E-2,2.4000000E-2,1.9800000E-2
0.0000000E+0,-1.0000000E-7,-3.0000000E-7,7.5472000E-3,6.4970310E-2,-5.0014100E+1,2.4000000E-2,2.4000000E-2,1.9800000E-2
0.0000000E+0,-1.3000000E-6,-3.0000000E-7,7.5986000E-3,6.4970310E-2,-5.0014300E+1,2.4000000E-2,2.4000000E-2,1.9800000E-2
0.0000000E+0,4.0000000E-7,7.0000000E-7,7.6419000E-3,6.4970310E-2,-5.0014200E+1,2.4000000E-2,2.4000000E-2,1.9800000E-2
0.0000000E+0,3.0000000E-7,-2.0000000E-7,7.6939000E-3,6.4970310E-2,-5.0014100E+1,2.4000000E-2,2.4000000E-2,1.9800000E-2
0.0000000E+0,2.0000000E-7,-0.0000000E+0,7.7471000E-3,6.4970310E-2,-5.0013800E+1,2.4000000E-2,2.4000000E-2,1.9800000E-2
0.0000000E+0,0.0000000E+0,2.0000000E-7,7.7901000E-3,6.4970310E-2,-5.0013800E+1,2.4000000E-2,2.4000000E-2,1.9800000E-2
0.0000000E+0,-4.0000000E-7,6.0000000E-7,7.8420000E-3,6.4970310E-2,-5.0013900E+1,2.4000000E-2,2.4000000E-2,1.9800000E-2
0.0000000E+0,-2.0000000E-7,3.0000000E-7,7.8945000E-3,6.4970310E-2,-5.0014100E+1,2.4000000E-2,2.4000000E-2,1.9800000E-2
0.0000000E+0,-5.0000000E-7,-6.0000000E-7,7.9492000E-3,6.4970310E-2,-5.0014300E+1,2.4000000E-2,2.4000000E-2,1.9800000E-2
0.0000000E+0,4.0000000E-7,4.0000000E-7,7.9893000E-3,6.4970310E-2,-5.0014100E+1,2.4000000E-2,2.4000000E-2,1.9800000E-2
0.0000000E+0,8.0000000E-7,-1.0000000E-7,8.0412000E-3,6.4970310E-2,-5.0014100E+1,2.4000000E-2,2.4000000E-2,1.9800000E-2
0.0000000E+0,-7.0000000E-7,-7.0000000E-7,8.0929000E-3,6.4970310E-2,-5.0014100E+1,2.4000000E-2,2.4000000E-2,1.9800000E-2
0.0000000E+0,-5.0000000E-7,4.0000000E-7,8.1465000E-3,6.4970310E-2,-5.0013900E+1,2.4000000E-2,2.4000000E-2,1.9800000E-2
0.0000000E+0,1.0000000E-7,1.0000000E-6,8.1890000E-3,6.4970310E-2,-5.0014300E+1,2.4000000E-2,2.4000000E-2,1.9800000E-2
0.0000000E+0,1.9000000E-6,-7.0000000E-7,8.2427000E-3,6.4970310E-2,-5.0013900E+1,2.4000000E-2,2.4000000E-2,1.9800000E-2
0.0000000E+0,2.0000000E-7,1.0000000E-7,8.2890000E-3,6.4970310E-2,-5.0013900E+1,2.4000000E-2,2.4000000E-2,1.9800000E-2
0.0000000E+0,2.0000000E-7,4.0000000E-7,8.3479000E-3,6.4970310E-2,-5.0014000E+1,2.4000000E-2,2.4000000E-2,1.9800000E-2
0.0000000E+0,7.0000000E-7,1.0000000E-6,8.3909000E-3,6.4970310E-2,-5.0013900E+1,2.4000000E-2,2.4000000E-2,1.9800000E-2
0.0000000E+0,3.0000000E-7,-3.0000000E-7,8.4454000E-3,6.4970310E-2,-5.0014100E+1,2.4000000E-2,2.4000000E-2,1.9800000E-2
0.0000000E+0,8.0000000E-7,7.0000000E-7,8.4962000E-3,6.4970310E-2,-5.0014000E+1,2.4000000E-2,2.4000000E-2,1.9800000E-2
0.0000000E+0,2.0000000E-7,-1.0000000E-7,8.5401000E-3,6.4970310E-2,-5.0014300E+1,2.4000000E-2,2.4000000E-2,1.9800000E-2
0.0000000E+0,-8.0000000E-7,-7.0000000E-7,8.5942000E-3,6.4970310E-2,-5.0014200E+1,2.4000000E-2,2.4000000E-2,1.9800000E-2
0.0000000E+0,1.0000000E-7,-1.0000000E-7,8.6462000E-3,6.4970310E-2,-5.0014200E+1,2.4000000E-2,2.4000000E-2,1.9800000E-2
0.0000000E+0,-1.0000000E-7,2.0000000E-7,8.6956000E-3,6.4970310E-2,-5.0014200E+1,2.4000000E-2,2.4000000E-2,1.9800000E-2
0.0000000E+0,4.0000000E-7,-0.0000000E+0,8.7439000E-3,6.4970310E-2,-5.0014100E+1,2.4000000E-2,2.4000000E-2,1.9800000E-2
0.0000000E+0,-6.0000000E-7,-2.0000000E-7,8.7952000E-3,6.4970310E-2,-5.0014100E+1,2.4000000E-2,2.4000000E-2,1.9800000E-2
0.0000000E+0,-1.0000000E-7,1.0000000E-7,8.8388000E-3,6.4970310E-2,-5.0014000E+1,2.4000000E-2,2.4000000E-2,1.9800000E-2
0.0000000E+0,-1.0000000E-7,0.0000000E+0,8.8895000E-3,6.4970310E-2,-5.0013700E+1,2.4000000E-2,2.4000000E-2,1.9800000E-2
0.0000000E+0,-0.0000000E+0,-3.0000000E-7,8.9410000E-3,6.4970310E-2,-5.0014600E+1,2.4000000E-2,2.4000000E-2,1.9800000E-2
0.0000000E+0,9.0000000E-7,1.0000000E-7,8.9992000E-3,6.4970310E-2,-5.0014700E+1,2.4000000E-2,2.4000000E-2,1.9800000E-2
0.0000000E+0,-5.0000000E-7,7.0000000E-7,9.0425000E-3,6.4970310E-2,-5.0014700E+1,2.4000000E-2,2.4000000E-2,1.9800000E-2
0.0000000E+0,1.0000000E-7,-3.0000000E-7,9.0894000E-3,6.4970310E-2,-5.0014800E+1,2.4000000E-2,2.4000000E-2,1.9800000E-2
0.0000000E+0,-1.0000000E-7,-1.0000000E-7,9.1482000E-3,6.4970310E-2,-5.0014400E+1,2.4000000E-2,2.4000000E-2,1.9800000E-2
0.0000000E+0,1.0000000E-7,5.0000000E-7,9.1905000E-3,6.4970310E-2,-5.0014200E+1,2.4000000E-2,2.4000000E-2,1.9800000E-2
0.0000000E+0,-6.0000000E-7,-7.0000000E-7,9.2450000E-3,6.4970310E-2,-5.0014700E+1,2.4000000E-2,2.4000000E-2,1.9800000E-2
0.0000000E+0,-2.0000000E-7,5.0000000E-7,9.2925000E-3,6.4970310E-2,-5.0014500E+1,2.4000000E-2,2.4000000E-2,1.9800000E-2
0.0000000E+0,5.0000000E-7,2.0000000E-7,9.3456000E-3,6.4970310E-2,-5.0014500E+1,2.4000000E-2,2.4000000E-2,1.9800000E-2
0.0000000E+0,-3.0000000E-7,-1.0000000E-7,9.3928000E-3,6.4970310E-2,-5.0014500E+1,2.4000000E-2,2.4000000E-2,1.9800000E-2
0.0000000E+0,-3.0000000E-7,8.0000000E-7,9.4445000E-3,6.4970310E-2,-5.0014100E+1,2.4000000E-2,2.4000000E-2,1.9800000E-2
0.0000000E+0,3.0000000E-7,6.0000000E-7,9.4955000E-3,6.4970310E-2,-5.0014200E+1,2.4000000E-2,2.4000000E-2,1.9800000E-2
0.0000000E+0,-4.0000000E-7,-5.0000000E-7,9.5420000E-3,6.4970310E-2,-5.0014200E+1,2.4000000E-2,2.4000000E-2,1.9800000E-2
0.0000000E+0,-9.0000000E-7,1.0000000E-6,9.5921000E-3,6.4970310E-2,-5.0014000E+1,2.4000000E-2,2.4000000E-2,1.9800000E-2
0.0000000E+0,1.0000000E-7,-0.0000000E+0,9.6453000E-3,6.4970310E-2,-5.0014100E+1,2.4000000E-2,2.4000000E-2,1.9800000E-2
0.0000000E+0,2.0000000E-7,-4.0000000E-7,9.6929000E-3,6.4970310E-2,-5.0013900E+1,2.4000000E-2,2.4000000E-2,1.9800000E-2
0.0000000E+0,5.0000000E-7,-1.0000000E-7,9.7394000E-3,6.4970310E-2,-5.0013900E+1,2.4000000E-2,2.4000000E-2,1.9800000E-2
0.0000000E+0,1.0000000E-7,-5.0000000E-7,9.7960000E-3,6.4970310E-2,-5.0014200E+1,2.4000000E-2,2.4000000E-2,1.9800000E-2
0.0000000E+0,-2.0000000E-7,-2.0000000E-7,9.8463000E-3,6.4970310E-2,-5.0014300E+1,2.4000000E-2,2.4000000E-2,1.9800000E-2
0.0000000E+0,3.0000000E-7,0.0000000E+0,9.8937000E-3,6.4970310E-2,-5.0013900E+1,2.4000000E-2,2.4000000E-2,1.9800000E-2
0.0000000E+0,-1.0000000E-7,7.0000000E-7,9.9473000E-3,6.4970310E-2,-5.0013900E+1,2.4000000E-2,2.4000000E-2,1.9800000E-2
0.0000000E+0,-1.0000000E-7,-2.0000000E-7,9.9927000E-3,6.4970310E-2,-5.0014100E+1,2.4000000E-2,2.4000000E-2,1.9800000E-2
