Idc,Bx,By,Bz,Vdc_adc,V_bg,dBx,dBy,dBz,
nA,T,T,T,mV,V,T/min,T/min,T/min,
0.0000000E+0,-1.0000000E-7,-1.0000000E-7,-4.0063000E-3,6.4970310E-2,4.9999600E+1,2.4000000E-2,2.4000000E-2,1.9800000E-2
0.0000000E+0,2.0000000E-7,3.0000000E-7,-3.9514000E-3,6.4970310E-2,5.0000100E+1,2.4000000E-2,2.4000000E-2,1.9800000E-2
0.0000000E+0,-1.2000000E-6,2.0000000E-7,-3.9077000E-3,6.4970310E-2,4.9999900E+1,2.4000000E-2,2.4000000E-2,1.9800000E-2
0.0000000E+0,-2.0000000E-7,-1.0000000E-7,-3.8554000E-3,6.4970310E-2,4.9999900E+1,2.4000000E-2,2.4000000E-2,1.9800000E-2
0.0000000E+0,-3.0000000E-7,-3.0000000E-7,-3.8026000E-3,6.4970310E-2,4.9999800E+1,2.4000000E-2,2.4000000E-2,1.9800000E-2
0.0000000E+0,4.0000000E-7,-1.0000000E-7,-3.7543000E-3,6.4970310E-2,4.9999600E+1,2.4000000E-2,2.4000000E-2,1.9800000E-2
0.0000000E+0,5.0000000E-7,-5.0000000E-7,-3.7056000E-3,6.4970310E-2,4.9999700E+1,2.4000000E-2,2.4000000E-2,1.9800000E-2
0.0000000E+0,5.0000000E-7,-6.0000000E-7,-3.6557000E-3,6.4970310E-2,4.9999500E+1,2.4000000E-2,2.4000000E-2,1.9800000E-2
0.0000000E+0,0.0000000E+0,-5.0000000E-7,-3.6058000E-3,6.4970310E-2,4.9999600E+1,2.4000000E-2,2.4000000E-2,1.9800000E-2
0.0000000E+0,5.0000000E-7,8.0000000E-7,-3.5611000E-3,6.4970310E-2,4.9999900E+1,2.4000000E-2,2.4000000E-2,1.9800000E-2
0.0000000E+0,-3.0000000E-7,-1.0000000E-7,-3.5057000E-3,6.4970310E-2,4.9999600E+1,2.4000000E-2,2.4000000E-2,1.9800000E-2
0.0000000E+0,1.0000000E-7,7.0000000E-7,-3.4561000E-3,6.4970310E-2,5.0000000E+1,2.4000000E-2,2.4000000E-2,1.9800000E-2
0.0000000E+0,3.0000000E-7,1.0000000E-7,-3.4048000E-3,6.4970310E-2,4.9999600E+1,2.4000000E-2,2.4000000E-2,1.9800000E-2
0.0000000E+0,9.0000000E-7,2.0000000E-7,-3.3550000E-3,6.4970310E-2,4.9999800E+1,2.4000000E-2,2.4000000E-2,1.9800000E-2
0.0000000E+0,-3.0000000E-7,-5.0000000E-7,-3.3069000E-3,6.4970310E-2,5.0000000E+1,2.4000000E-2,2.4000000E-2,1.9800000E-2
0.0000000E+0,-7.0000000E-7,-5.0000000E-7,-3.2506000E-3,6.4970310E-2,4.9999700E+1,2.4000000E-2,2.4000000E-2,1.9800000E-2
0.0000000E+0,-1.0000000E-7,1.4000000E-6,-3.2065000E-3,6.4970310E-2,4.9999900E+1,2.4000000E-2,2.4000000E-2,1.9800000E-2
0.0000000E+0,1.0000000E-7,3.0000000E-7,-3.1533000E-3,6.4970310E-2,5.0000000E+1,2.4000000E-2,2.4000000E-2,1.9800000E-2
0.0000000E+0,-6.0000000E-7,-9.0000000E-7,-3.1021000E-3,6.4970310E-2,4.9999800E+1,2.4000000E-2,2.4000000E-2,1.9800000E-2
0.0000000E+0,-0.0000000E+0,-4.0000000E-7,-3.0558000E-3,6.4970310E-2,4.9999700E+1,2.4000000E-2,2.4000000E-2,1.9800000E-2
0.0000000E+0,3.0000000E-7,-1.0000000E-7,-3.0108000E-3,6.4970310E-2,5.0000000E+1,2.4000000E-2,2.4000000E-2,1.9800000E-2
0.0000000E+0,-5.0000000E-7,4.0000000E-7,-2.9561000E-3,6.4970310E-2,5.0000000E+1,2.4000000E-2,2.4000000E-2,1.9800000E-2
0.0000000E+0,-5.0000000E-7,3.0000000E-7,-2.9060000E-3,6.4970310E-2,5.0000000E+1,2.4000000E-2,2.4000000E-2,1.9800000E-2
0.0000000E+0,-0.0000000E+0,6.0000000E-7,-2.8552000E-3,6.4970310E-2,4.9999800E+1,2.4000000E-2,2.4000000E-2,1.9800000E-2
0.0000000E+0,-1.4000000E-6,9.0000000E-7,-2.8067000E-3,6.4970310E-2,4.9999900E+1,2.4000000E-2,2.4000000E-2,1.9800000E-2
0.0000000E+0,5.0000000E-7,-6.0000000E-7,-2.7551000E-3,6.4970310E-2,4.9999700E+1,2.4000000E-2,2.4000000E-2,1.9800000E-2
0.0000000E+0,-9.0000000E-7,1.0000000E-7,-2.7041000E-3,6.4970310E-2,4.9999400E+1,2.4000000E-2,2.4000000E-2,1.9800000E-2
0.0000000E+0,-5.0000000E-7,-3.0000000E-7,-2.6527000E-3,6.4970310E-2,4.9999600E+1,2.4000000E-2,2.4000000E-2,1.9800000E-2
0.0000000E+0,0.0000000E+0,1.0000000E-7,-2.6064000E-3,6.4970310E-2,4.9999500E+1,2.4000000E-2,2.4000000E-2,1.9800000E-2
0.0000000E+0,8.0000000E-7,1.0000000E-7,-2.5592000E-3,6.4970310E-2,4.9999200E+1,2.4000000E-2,2.4000000E-2,1.9800000E-2
0.0000000E+0,5.0000000E-7,2.0000000E-7,-2.5060000E-3,6.4970310E-2,4.9999500E+1,2.4000000E-2,2.4000000E-2,1.9800000E-2
0.0000000E+0,3.0000000E-7,5.0000000E-7,-2.4502000E-3,6.4970310E-2,4.9999400E+1,2.4000000E-2,2.4000000E-2,1.9800000E-2
0.0000000E+0,1.0000000E-6,-6.0000000E-7,-2.4054000E-3,6.4970310E-2,4.9999500E+1,2.4000000E-2,2.4000000E-2,1.9800000E-2
0.0000000E+0,-6.0000000E-7,-2.0000000E-7,-2.3604000E-3,6.4970310E-2,4.9999700E+1,2.4000000E-2,2.4000000E-2,1.9800000E-2
0.0000000E+0,-3.0000000E-7,1.0000000E-7,-2.3052000E-3,6.4970310E-2,4.9999800E+1,2.4000000E-2,2.4000000E-2,1.9800000E-2
0.0000000E+0,-3.0000000E-7,-2.0000000E-7,-2.2529000E-3,6.4970310E-2,4.9999800E+1,2.4000000E-2,2.4000000E-2,1.9800000E-2
0.0000000E+0,0.0000000E+0,-2.0000000E-7,-2.2092000E-3,6.4970310E-2,4.9999600E+1,2.4000000E-2,2.4000000E-2,1.9800000E-2
0.0000000E+0,1.0000000E-7,-7.0000000E-7,-2.1528000E-3,6.4970310E-2,4.9999500E+1,2.4000000E-2,2.4000000E-2,1.9800000E-2
0.0000000E+0,8.0000000E-7,-0.0000000E+0,-2.1062000E-3,6.4970310E-2,4.9999900E+1,2.4000000E-2,2.4000000E-2,1.9800000E-2
0.0000000E+0,6.0000000E-7,6.0000000E-7,-2.0535000E-3,6.4970310E-2,5.0000000E+1,2.4000000E-2,2.4000000E-2,1.9800000E-2
0.0000000E+0,4.0000000E-7,-6.0000000E-7,-2.0072000E-3,6.4970310E-2,4.9999800E+1,2.4000000E-2,2.4000000E-2,1.9800000E-2
0.0000000E+0,6.0000000E-7,-1.0000000E-7,-1.9560000E-3,6.4970310E-2,4.9999900E+1,2.4000000E-2,2.4000000E-2,1.9800000E-2
0.0000000E+0,1.0000000E-7,-1.0000000E-7,-1.9061000E-3,6.4970310E-2,5.0000000E+1,2.4000000E-2,2.4000000E-2,1.9800000E-2
0.0000000E+0,-8.0000000E-7,-0.0000000E+0,-1.8551000E-3,6.4970310E-2,5.0000200E+1,2.4000000E-2,2.4000000E-2,1.9800000E-2
0.0000000E+0,8.0000000E-7,5.0000000E-7,-1.8046000E-3,6.4970310E-2,5.0000300E+1,2.4000000E-2,2.4000000E-2,1.9800000E-2
0.0000000E+0,3.0000000E-7,1.0000000E-7,-1.7618000E-3,6.4970310E-2,4.9999800E+1,2.4000000E-2,2.4000000E-2,1.9800000E-2
0.0000000E+0,7.0000000E-7,-1.0000000E-7,-1.7131000E-3,6.4970310E-2,4.9999500E+1,2.4000000E-2,2.4000000E-2,1.9800000E-2
0.0000000E+0,-3.0000000E-7,-5.0000000E-7,-1.6657000E-3,6.4970310E-2,4.9999700E+1,2.4000000E-2,2.4000000E-2,1.9800000E-2
0.0000000E+0,8.0000000E-7,1.0000000E-7,-1.6202000E-3,6.4970310E-2,5.0000000E+1,2.4000000E-2,2.4000000E-2,1.9800000E-2
0.0000000E+0,2.0000000E-7,0.0000000E+0,-1.5597000E-3,6.4970310E-2,4.9999700E+1,2.4000000E-2,2.4000000E-2,1.9800000E-2
0.0000000E+0,9.0000000E-7,7.0000000E-7,-1.5037000E-3,6.4970310E-2,4.9999600E+1,2.4000000E-2,2.4000000E-2,1.9800000E-2
0.0000000E+0,-4.0000000E-7,-2.0000000E-7,-1.4584000E-3,6.4970310E-2,5.0000000E+1,2.4000000E-2,2.4000000E-2,1.9800000E-2
0.0000000E+0,1.4000000E-6,1.0000000E-7,-1.4066000E-3,6.4970310E-2,5.0000000E+1,2.4000000E-2,2.4000000E-2,1.9800000E-2
0.0000000E+0,4.0000000E-7,7.0000000E-7,-1.3643000E-3,6.4970310E-2,4.9999900E+1,2.4000000E-2,2.4000000E-2,1.9800000E-2
0.0000000E+0,-1.0000000E-7,5.0000000E-7,-1.3079000E-3,6.4970310E-2,4.9999700E+1,2.4000000E-2,2.4000000E-2,1.9800000E-2
0.0000000E+0,-2.0000000E-7,-1.6000000E-6,-1.2514000E-3,6.4970310E-2,4.9999600E+1,2.4000000E-2,2.4000000E-2,1.9800000E-2
0.0000000E+0,7.0000000E-7,-3.0000000E-7,-1.2155000E-3,6.4970310E-2,4.9999800E+1,2.4000000E-2,2.4000000E-2,1.9800000E-2
0.0000000E+0,7.0000000E-7,2.0000000E-7,-1.1573000E-3,6.4970310E-2,4.9999700E+1,2.4000000E-2,2.4000000E-2,1.9800000E-2
0.0000000E+0,0.0000000E+0,6.0000000E-7,-1.1028000E-3,6.4970310E-2,4.9999900E+1,2.4000000E-2,2.4000000E-2,1.9800000E-2
0.0000000E+0,1.0000000E-7,4.0000000E-7,-1.0522000E-3,6.4970310E-2,5.0000000E+1,2.4000000E-2,2.4000000E-2,1.9800000E-2
0.0000000E+0,3.0000000E-7,7.0000000E-7,-1.0044000E-3,6.4970310E-2,5.0000000E+1,2.4000000E-2,2.4000000E-2,1.9800000E-2
0.0000000E+0,-1.0000000E-7,1.0000000E-7,-9.4960000E-4,6.4970310E-2,4.9999800E+1,2.4000000E-2,2.4000000E-2,1.9800000E-2
0.0000000E+0,-4.0000000E-7,3.0000000E-7,-9.0480000E-4,6.4970310E-2,4.9999700E+1,2.4000000E-2,2.4000000E-2,1.9800000E-2
0.0000000E+0,1.0000000E-7,5.0000000E-7,-8.5480000E-4,6.4970310E-2,4.9999700E+1,2.4000000E-2,2.4000000E-2,1.9800000E-2
0.0000000E+0,-3.0000000E-7,1.0000000E-6,-8.0180000E-4,6.4970310E-2,4.9999400E+1,2.4000000E-2,2.4000000E-2,1.9800000E-2
0.0000000E+0,1.0000000E-7,1.0000000E-7,-7.5680000E-4,6.4970310E-2,4.9999400E+1,2.4000000E-2,2.4000000E-2,1.9800000E-2
0.0000000E+0,3.0000000E-7,-4.0000000E-7,-7.1010000E-4,6.4970310E-2,5.0000100E+1,2.4000000E-2,2.4000000E-2,1.9800000E-2
0.0000000E+0,-3.0000000E-7,1.0000000E-7,-6.6040000E-4,6.4970310E-2,4.9999900E+1,2.4000000E-2,2.4000000E-2,1.9800000E-2
0.0000000E+0,-1.0000000E-7,-1.0000000E-7,-6.0880000E-4,6.4970310E-2,4.9999400E+1,2.4000000E-2,2.4000000E-2,1.9800000E-2
0.0000000E+0,-5.0000000E-7,-3.0000000E-7,-5.6000000E-4,6.4970310E-2,4.9999700E+1,2.4000000E-2,2.4000000E-2,1.9800000E-2
0.0000000E+0,5.0000000E-7,-4.0000000E-7,-5.0260000E-4,6.4970310E-2,5.0000100E+1,2.4000000E-2,2.4000000E-2,1.9800000E-2
0.0000000E+0,2.0000000E-7,-5.0000000E-7,-4.5700000E-4,6.4970310E-2,4.9999800E+1,2.4000000E-2,2.4000000E-2,1.9800000E-2
0.0000000E+0,-6.0000000E-7,1.0000000E-7,-4.0140000E-4,6.4970310E-2,4.9999900E+1,2.4000000E-2,2.4000000E-2,1.9800000E-2
0.0000000E+0,-1.0000000E-6,-4.0000000E-7,-3.6120000E-4,6.4970310E-2,5.0000100E+1,2.4000000E-2,2.4000000E-2,1.9800000E-2
0.0000000E+0,-6.0000000E-7,-7.0000000E-7,-3.0230000E-4,6.4970310E-2,4.9999600E+1,2.4000000E-2,2.4000000E-2,1.9800000E-2
0.0000000E+0,3.0000000E-7,-3.0000000E-7,-2.5890000E-4,6.4970310E-2,5.0000000E+1,2.4000000E-2,2.4000000E-2,1.9800000E-2
0.0000000E+0,-4.0000000E-7,1.0000000E-7,-2.0150000E-4,6.4970310E-2,4.9999700E+1,2.4000000E-2,2.4000000E-2,1.9800000E-2
0.0000000E+0,8.0000000E-7,-1.0000000E-7,-1.5430000E-4,6.4970310E-2,4.9999600E+1,2.4000000E-2,2.4000000E-2,1.9800000E-2
0.0000000E+0,-3.0000000E-7,3.0000000E-7,-1.0330000E-4,6.4970310E-2,4.9999500E+1,2.4000000E-2,2.4000000E-2,1.9800000E-2
0.0000000E+0,-1.0000000E-7,-5.0000000E-7,-5.3800000E-5,6.4970310E-2,4.9999900E+1,2.4000000E-2,2.4000000E-2,1.9800000E-2
0.0000000E+0,7.0000000E-7,-4.0000000E-7,-8.9000000E-6,6.4970310E-2,4.9999900E+1,2.4000000E-2,2.4000000E-2,1.9800000E-2
0.0000000E+0,-3.0000000E-7,-4.0000000E-7,4.7700000E-5,6.4970310E-2,4.9999700E+1,2.4000000E-2,2.4000000E-2,1.9800000E-2
0.0000000E+0,-1.0000000E-7,-1.0000000E-7,9.0600000E-5,6.4970310E-2,4.9999700E+1,2.4000000E-2,2.4000000E-2,1.9800000E-2
0.0000000E+0,0.0000000E+0,3.0000000E-7,1.4300000E-4,6.4970310E-2,4.9999900E+1,2.4000000E-2,2.4000000E-2,1.9800000E-2
0.0000000E+0,3.0000000E-7,-6.0000000E-7,1.9260000E-4,6.4970310E-2,5.0000100E+1,2.4000000E-2,2.4000000E-2,1.9800000E-2
0.0000000E+0,-3.0000000E-7,-5.0000000E-7,2.4950000E-4,6.4970310E-2,4.9999700E+1,2.4000000E-2,2.4000000E-2,1.9800000E-2
0.0000000E+0,1.0000000E-7,-1.0000000E-7,2.9520000E-4,6.4970310E-2,5.0000300E+1,2.4000000E-2,2.4000000E-2,1.9800000E-2
0.0000000E+0,1.0000000E-7,-1.0000000E-6,3.4750000E-4,6.4970310E-2,5.0000000E+1,2.4000000E-2,2.4000000E-2,1.9800000E-2
0.0000000E+0,-1.0000000E-7,6.0000000E-7,3.9310000E-4,6.4970310E-2,5.0000000E+1,2.4000000E-2,2.4000000E-2,1.9800000E-2
0.0000000E+0,-0.0000000E+0,4.0000000E-7,4.4790000E-4,6.4970310E-2,4.9999700E+1,2.4000000E-2,2.4000000E-2,1.9800000E-2
0.0000000E+0,-5.0000000E-7,4.0000000E-7,4.9490000E-4,6.4970310E-2,5.0000200E+1,2.4000000E-2,2.4000000E-2,1.9800000E-2
0.0000000E+0,5.0000000E-7,-0.0000000E+0,5.4740000E-4,6.4970310E-2,4.9999800E+1,2.4000000E-2,2.4000000E-2,1.9800000E-2
0.0000000E+0,-7.0000000E-7,-4.0000000E-7,5.8930000E-4,6.4970310E-2,5.0000200E+1,2.4000000E-2,2.4000000E-2,1.9800000E-2
0.0000000E+0,5.0000000E-7,8.0000000E-7,6.4510000E-4,6.4970310E-2,4.9999900E+1,2.4000000E-2,2.4000000E-2,1.9800000E-2
0.0000000E+0,6.0000000E-7,3.0000000E-7,6.9720000E-4,6.4970310E-2,5.0000100E+1,2.4000000E-2,2.4000000E-2,1.9800000E-2
0.0000000E+0,9.0000000E-7,8.0000000E-7,7.4260000E-4,6.4970310E-2,4.9999900E+1,2.4000000E-2,2.4000000E-2,1.9800000E-2
0.0000000E+0,1.0000000E-6,-8.0000000E-7,7.9580000E-4,6.4970310E-2,5.0000000E+1,2.4000000E-2,2.4000000E-2,1.9800000E-2
0.0000000E+0,-0.0000000E+0,5.0000000E-7,8.4940000E-4,6.4970310E-2,5.0000000E+1,2.4000000E-2,2.4000000E-2,1.9800000E-2
0.0000000E+0,-5.0000000E-7,-5.0000000E-7,8.9620000E-4,6.4970310E-2,5.0000300E+1,2.4000000E-2,2.4000000E-2,1.9800000E-2
0.0000000E+0,-1.0000000E-6,-1.0000000E-7,9.4390000E-4,6.4970310E-2,4.9999900E+1,2.4000000E-2,2.4000000E-2,1.9800000E-2
0.0000000E+0,5.0000000E-7,-9.0000000E-7,9.9330000E-4,6.4970310E-2,4.9999900E+1,2.4000000E-2,2.4000000E-2,1.9800000E-2
0.0000000E+0,1.0000000E-7,6.0000000E-7,1.0365000E-3,6.4970310E-2,4.9999900E+1,2.4000000E-2,2.4000000E-2,1.9800000E-2
0.0000000E+0,4.0000000E-7,1.0000000E-7,1.0899000E-3,6.4970310E-2,5.0000600E+1,2.4000000E-2,2.4000000E-2,1.9800000E-2
0.0000000E+0,-0.0000000E+0,-0.0000000E+0,1.1402000E-3,6.4970310E-2,5.0000300E+1,2.4000000E-2,2.4000000E-2,1.9800000E-2
0.0000000E+0,-3.0000000E-7,0.0000000E+0,1.1983000E-3,6.4970310E-2,5.0000200E+1,2.4000000E-2,2.4000000E-2,1.9800000E-2
0.0000000E+0,4.0000000E-7,0.0000000E+0,1.2437000E-3,6.4970310E-2,5.0000200E+1,2.4000000E-2,2.4000000E-2,1.9800000E-2
0.0000000E+0,7.0000000E-7,0.0000000E+0,1.2951000E-3,6.4970310E-2,5.0000100E+1,2.4000000E-2,2.4000000E-2,1.9800000E-2
0.0000000E+0,7.0000000E-7,-5.0000000E-7,1.3381000E-3,6.4970310E-2,5.0000100E+1,2.4000000E-2,2.4000000E-2,1.9800000E-2
0.0000000E+0,-4.0000000E-7,-0.0000000E+0,1.3886000E-3,6.4970310E-2,5.0000200E+1,2.4000000E-2,2.4000000E-2,1.9800000E-2
0.0000000E+0,2.0000000E-7,5.0000000E-7,1.4438000E-3,6.4970310E-2,5.0000200E+1,2.4000000E-2,2.4000000E-2,1.9800000E-2
0.0000000E+0,-6.0000000E-7,-1.0000000E-7,1.4935000E-3,6.4970310E-2,5.0000000E+1,2.4000000E-2,2.4000000E-2,1.9800000E-2
0.0000000E+0,5.0000000E-7,3.0000000E-7,1.5447000E-3,6.4970310E-2,5.0000300E+1,2.4000000E-2,2.4000000E-2,1.9800000E-2
0.0000000E+0,-0.0000000E+0,-2.0000000E-7,1.5950000E-3,6.4970310E-2,5.0000000E+1,2.4000000E-2,2.4000000E-2,1.9800000E-2
0.0000000E+0,2.0000000E-7,-1.0000000E-7,1.6422000E-3,6.4970310E-2,5.0000500E+1,2.4000000E-2,2.4000000E-2,1.9800000E-2
0.0000000E+0,-2.0000000E-7,1.0000000E-7,1.6945000E-3,6.4970310E-2,5.0000400E+1,2.4000000E-2,2.4000000E-2,1.9800000E-2
0.0000000E+0,7.0000000E-7,-3.0000000E-7,1.7410000E-3,6.4970310E-2,4.9999900E+1,2.4000000E-2,2.4000000E-2,1.9800000E-2
0.0000000E+0,6.0000000E-7,1.0000000E-6,1.7942000E-3,6.4970310E-2,4.9999600E+1,2.4000000E-2,2.4000000E-2,1.9800000E-2
0.0000000E+0,1.0000000E-7,-5.0000000E-7,1.8447000E-3,6.4970310E-2,4.9999700E+1,2.4000000E-2,2.4000000E-2,1.9800000E-2
0.0000000E+0,-5.0000000E-7,6.0000000E-7,1.8866000E-3,6.4970310E-2,5.0000000E+1,2.4000000E-2,2.4000000E-2,1.9800000E-2
0.0000000E+0,1.0000000E-7,1.0000000E-7,1.9426000E-3,6.4970310E-2,5.0000200E+1,2.4000000E-2,2.4000000E-2,1.9800000E-2
0.0000000E+0,3.0000000E-7,-5.0000000E-7,1.9921000E-3,6.4970310E-2,5.0000500E+1,2.4000000E-2,2.4000000E-2,1.9800000E-2
0.0000000E+0,1.0000000E-7,5.0000000E-7,2.0488000E-3,6.4970310E-2,5.0000300E+1,2.4000000E-2,2.4000000E-2,1.9800000E-2
0.0000000E+0,2.0000000E-7,1.0000000E-7,2.0956000E-3,6.4970310E-2,4.9999700E+1,2.4000000E-2,2.4000000E-2,1.9800000E-2
0.0000000E+0,3.0000000E-7,4.0000000E-7,2.1472000E-3,6.4970310E-2,5.0000300E+1,2.4000000E-2,2.4000000E-2,1.9800000E-2
0.0000000E+0,6.0000000E-7,6.0000000E-7,2.1904000E-3,6.4970310E-2,5.0000000E+1,2.4000000E-2,2.4000000E-2,1.9800000E-2
0.0000000E+0,-3.0000000E-7,2.0000000E-7,2.2425000E-3,6.4970310E-2,4.9999900E+1,2.4000000E-2,2.4000000E-2,1.9800000E-2
0.0000000E+0,6.0000000E-7,-5.0000000E-7,2.2948000E-3,6.4970310E-2,4.9999900E+1,2.4000000E-2,2.4000000E-2,1.9800000E-2
0.0000000E+0,6.0000000E-7,-1.0000000E-7,2.3466000E-3,6.4970310E-2,4.9999600E+1,2.4000000E-2,2.4000000E-2,1.9800000E-2
0.0000000E+0,2.0000000E-7,2.0000000E-7,2.3974000E-3,6.4970310E-2,5.0000000E+1,2.4000000E-2,2.4000000E-2,1.9800000E-2
0.0000000E+0,-2.0000000E-7,3.0000000E-7,2.4426000E-3,6.4970310E-2,5.0000200E+1,2.4000000E-2,2.4000000E-2,1.9800000E-2
0.0000000E+0,-5.0000000E-7,4.0000000E-7,2.4896000E-3,6.4970310E-2,5.0000100E+1,2.4000000E-2,2.4000000E-2,1.9800000E-2
0.0000000E+0,-7.0000000E-7,-0.0000000E+0,2.5412000E-3,6.4970310E-2,5.0000300E+1,2.4000000E-2,2.4000000E-2,1.9800000E-2
0.0000000E+0,4.0000000E-7,-6.0000000E-7,2.5911000E-3,6.4970310E-2,5.0000400E+1,2.4000000E-2,2.4000000E-2,1.9800000E-2
0.0000000E+0,5.0000000E-7,-5.0000000E-7,2.6458000E-3,6.4970310E-2,5.0000500E+1,2.4000000E-2,2.4000000E-2,1.9800000E-2
0.0000000E+0,-3.0000000E-7,8.0000000E-7,2.6928000E-3,6.4970310E-2,4.9999900E+1,2.4000000E-2,2.4000000E-2,1.9800000E-2
0.0000000E+0,-1.0000000E-7,-2.0000000E-7,2.7455000E-3,6.4970310E-2,4.9999800E+1,2.4000000E-2,2.4000000E-2,1.9800000E-2
0.0000000E+0,-9.0000000E-7,1.0000000E-7,2.7956000E-3,6.4970310E-2,5.0000200E+1,2.4000000E-2,2.4000000E-2,1.9800000E-2
0.0000000E+0,-1.3000000E-6,2.0000000E-7,2.8499000E-3,6.4970310E-2,4.9999800E+1,2.4000000E-2,2.4000000E-2,1.9800000E-2
0.0000000E+0,-1.1000000E-6,-1.0000000E-7,2.8960000E-3,6.4970310E-2,5.0000000E+1,2.4000000E-2,2.4000000E-2,1.9800000E-2
0.0000000E+0,-2.0000000E-7,-0.0000000E+0,2.9410000E-3,6.4970310E-2,5.0000100E+1,2.4000000E-2,2.4000000E-2,1.9800000E-2
0.0000000E+0,-0.0000000E+0,-1.0000000E-7,2.9938000E-3,6.4970310E-2,5.0000500E+1,2.4000000E-2,2.4000000E-2,1.9800000E-2
0.0000000E+0,1.0000000E-7,3.0000000E-7,3.0430000E-3,6.4970310E-2,5.0000100E+1,2.4000000E-2,2.4000000E-2,1.9800000E-2
0.0000000E+0,4.0000000E-7,1.1000000E-6,3.0935000E-3,6.4970310E-2,4.9999700E+1,2.4000000E-2,2.4000000E-2,1.9800000E-2
0.0000000E+0,-4.0000000E-7,2.0000000E-7,3.1411000E-3,6.4970310E-2,5.0000100E+1,2.4000000E-2,2.4000000E-2,1.9800000E-2
0.0000000E+0,-4.0000000E-7,3.0000000E-7,3.1966000E-3,6.4970310E-2,5.0000000E+1,2.4000000E-2,2.4000000E-2,1.9800000E-2
0.0000000E+0,6.0000000E-7,2.0000000E-7,3.2420000E-3,6.4970310E-2,5.0000000E+1,2.4000000E-2,2.4000000E-2,1.9800000E-2
0.0000000E+0,-4.0000000E-7,9.0000000E-7,3.2896000E-3,6.4970310E-2,4.9999900E+1,2.4000000E-2,2.4000000E-2,1.9800000E-2
0.0000000E+0,4.0000000E-7,-4.0000000E-7,3.3408000E-3,6.4970310E-2,5.0000100E+1,2.4000000E-2,2.4000000E-2,1.9800000E-2
0.0000000E+0,1.0000000E-7,4.0000000E-7,3.3949000E-3,6.4970310E-2,5.0000100E+1,2.4000000E-2,2.4000000E-2,1.9800000E-2
0.0000000E+0,-8.0000000E-7,1.0000000E-7,3.4445000E-3,6.4970310E-2,4.9999900E+1,2.4000000E-2,2.4000000E-2,1.9800000E-2
0.0000000E+0,-8.0000000E-7,6.0000000E-7,3.4908000E-3,6.4970310E-2,4.9999800E+1,2.4000000E-2,2.4000000E-2,1.9800000E-2
0.0000000E+0,-8.0000000E-7,6.0000000E-7,3.5416000E-3,6.4970310E-2,5.0000200E+1,2.4000000E-2,2.4000000E-2,1.9800000E-2
0.0000000E+0,9.0000000E-7,-1.0000000E-7,3.5861000E-3,6.4970310E-2,4.9999900E+1,2.4000000E-2,2.4000000E-2,1.9800000E-2
0.0000000E+0,7.0000000E-7,4.0000000E-7,3.6391000E-3,6.4970310E-2,4.9999800E+1,2.4000000E-2,2.4000000E-2,1.9800000E-2
0.0000000E+0,5.0000000E-7,-9.0000000E-7,3.6878000E-3,6.4970310E-2,4.9999900E+1,2.4000000E-2,2.4000000E-2,1.9800000E-2
0.0000000E+0,-3.0000000E-7,5.0000000E-7,3.7448000E-3,6.4970310E-2,5.0000200E+1,2.4000000E-2,2.4000000E-2,1.9800000E-2
0.0000000E+0,2.0000000E-7,4.0000000E-7,3.7964000E-3,6.4970310E-2,4.9999900E+1,2.4000000E-2,2.4000000E-2,1.9800000E-2
0.0000000E+0,4.0000000E-7,8.0000000E-7,3.8459000E-3,6.4970310E-2,4.9999800E+1,2.4000000E-2,2.4000000E-2,1.9800000E-2
0.0000000E+0,-1.2000000E-6,-1.0000000E-7,3.8991000E-3,6.4970310E-2,4.9999900E+1,2.4000000E-2,2.4000000E-2,1.9800000E-2
0.0000000E+0,3.0000000E-7,-0.0000000E+0,3.9462000E-3,6.4970310E-2,5.0000000E+1,2.4000000E-2,2.4000000E-2,1.9800000E-2
0.0000000E+0,-5.0000000E-7,-8.0000000E-7,3.9939000E-3,6.4970310E-2,5.0000200E+1,2.4000000E-2,2.4000000E-2,1.9800000E-2
