Idc,Bx,By,Bz,Vdc_adc,V_bg,dBx,dBy,dBz,
nA,T,T,T,mV,V,T/min,T/min,T/min,
0.0000000E+0,0.0000000E+0,-2.0000000E-7,1.4993000E-2,6.4970310E-2,-5.0014100E+1,2.4000000E-2,2.4000000E-2,1.9800000E-2
0.0000000E+0,-1.0000000E-7,-5.0000000E-7,1.4954000E-2,6.4970310E-2,-5.0014400E+1,2.4000000E-2,2.4000000E-2,1.9800000E-2
0.0000000E+0,1.0000000E-7,-1.0000000E-7,1.4908300E-2,6.4970310E-2,-5.0013800E+1,2.4000000E-2,2.4000000E-2,1.9800000E-2
0.0000000E+0,-5.0000000E-7,-5.0000000E-7,1.4852100E-2,6.4970310E-2,-5.0014200E+1,2.4000000E-2,2.4000000E-2,1.9800000E-2
0.0000000E+0,-5.0000000E-7,2.0000000E-7,1.4804600E-2,6.4970310E-2,-5.0013900E+1,2.4000000E-2,2.4000000E-2,1.9800000E-2
0.0000000E+0,7.0000000E-7,3.0000000E-7,1.4759200E-2,6.4970310E-2,-5.0013700E+1,2.4000000E-2,2.4000000E-2,1.9800000E-2
0.0000000E+0,1.5000000E-6,-1.0000000E-7,1.4704500E-2,6.4970310E-2,-5.0013800E+1,2.4000000E-2,2.4000000E-2,1.9800000E-2
0.0000000E+0,-6.0000000E-7,-6.0000000E-7,1.4655500E-2,6.4970310E-2,-5.0013900E+1,2.4000000E-2,2.4000000E-2,1.9800000E-2
0.0000000E+0,1.0000000E-7,2.0000000E-7,1.4604900E-2,6.4970310E-2,-5.0013700E+1,2.4000000E-2,2.4000000E-2,1.9800000E-2
0.0000000E+0,-6.0000000E-7,1.0000000E-7,1.4559900E-2,6.4970310E-2,-5.0013700E+1,2.4000000E-2,2.4000000E-2,1.9800000E-2
0.0000000E+0,-2.0000000E-7,3.0000000E-7,1.4504300E-2,6.4970310E-2,-5.0013800E+1,2.4000000E-2,2.4000000E-2,1.9800000E-2
0.0000000E+0,-6.0000000E-7,2.0000000E-7,1.4457100E-2,6.4970310E-2,-5.0014500E+1,2.4000000E-2,2.4000000E-2,1.9800000E-2
0.0000000E+0,3.0000000E-7,1.0000000E-7,1.4405700E-2,6.4970310E-2,-5.0013900E+1,2.4000000E-2,2.4000000E-2,1.9800000E-2
0.0000000E+0,-6.0000000E-7,7.0000000E-7,1.4357900E-2,6.4970310E-2,-5.0014000E+1,2.4000000E-2,2.4000000E-2,1.9800000E-2
0.0000000E+0,-1.0000000E-6,7.0000000E-7,1.4304000E-2,6.4970310E-2,-5.0014500E+1,2.4000000E-2,2.4000000E-2,1.9800000E-2
0.0000000E+0,-0.0000000E+0,2.0000000E-7,1.4249900E-2,6.4970310E-2,-5.0014200E+1,2.4000000E-2,2.4000000E-2,1.9800000E-2
0.0000000E+0,-1.0000000E-7,-8.0000000E-7,1.4212900E-2,6.4970310E-2,-5.0014000E+1,2.4000000E-2,2.4000000E-2,1.9800000E-2
0.0000000E+0,-1.2000000E-6,4.0000000E-7,1.4153500E-2,6.4970310E-2,-5.0014200E+1,2.4000000E-2,2.4000000E-2,1.9800000E-2
0.0000000E+0,-7.0000000E-7,-6.0000000E-7,1.4107600E-2,6.4970310E-2,-5.0013800E+1,2.4000000E-2,2.4000000E-2,1.9800000E-2
0.0000000E+0,-1.0000000E-7,-6.0000000E-7,1.4054000E-2,6.4970310E-2,-5.0014100E+1,2.4000000E-2,2.4000000E-2,1.9800000E-2
0.0000000E+0,1.0000000E-7,3.0000000E-7,1.4006800E-2,6.4970310E-2,-5.0013900E+1,2.4000000E-2,2.4000000E-2,1.9800000E-2
0.0000000E+0,7.0000000E-7,-1.0000000E-7,1.3952900E-2,6.4970310E-2,-5.0014200E+1,2.4000000E-2,2.4000000E-2,1.9800000E-2
0.0000000E+0,7.0000000E-7,2.0000000E-7,1.3904600E-2,6.4970310E-2,-5.0014300E+1,2.4000000E-2,2.4000000E-2,1.9800000E-2
0.0000000E+0,1.5000000E-6,-0.0000000E+0,1.3859700E-2,6.4970310E-2,-5.0014200E+1,2.4000000E-2,2.4000000E-2,1.9800000E-2
0.0000000E+0,5.0000000E-7,4.0000000E-7,1.3808000E-2,6.4970310E-2,-5.0014400E+1,2.4000000E-2,2.4000000E-2,1.9800000E-2
0.0000000E+0,-2.0000000E-7,-1.0000000E-7,1.3756400E-2,6.4970310E-2,-5.0014400E+1,2.4000000E-2,2.4000000E-2,1.9800000E-2
0.0000000E+0,0.0000000E+0,4.0000000E-7,1.3706500E-2,6.4970310E-2,-5.0014100E+1,2.4000000E-2,2.4000000E-2,1.9800000E-2
0.0000000E+0,0.0000000E+0,-5.0000000E-7,1.3656400E-2,6.4970310E-2,-5.0013700E+1,2.4000000E-2,2.4000000E-2,1.9800000E-2
0.0000000E+0,5.0000000E-7,3.0000000E-7,1.3600100E-2,6.4970310E-2,-5.0014300E+1,2.4000000E-2,2.4000000E-2,1.9800000E-2
0.0000000E+0,-4.0000000E-7,-2.0000000E-7,1.3557800E-2,6.4970310E-2,-5.0014500E+1,2.4000000E-2,2.4000000E-2,1.9800000E-2
0.0000000E+0,-1.3000000E-6,-2.0000000E-7,1.3507700E-2,6.4970310E-2,-5.0013800E+1,2.4000000E-2,2.4000000E-2,1.9800000E-2
0.0000000E+0,-6.0000000E-7,6.0000000E-7,1.3455700E-2,6.4970310E-2,-5.0013600E+1,2.4000000E-2,2.4000000E-2,1.9800000E-2
0.0000000E+0,1.0000000E-7,-1.3000000E-6,1.3401400E-2,6.4970310E-2,-5.0013900E+1,2.4000000E-2,2.4000000E-2,1.9800000E-2
0.0000000E+0,1.0000000E-7,3.0000000E-7,1.3356100E-2,6.4970310E-2,-5.0013900E+1,2.4000000E-2,2.4000000E-2,1.9800000E-2
0.0000000E+0,-9.0000000E-7,3.0000000E-7,1.3307200E-2,6.4970310E-2,-5.0013900E+1,2.4000000E-2,2.4000000E-2,1.9800000E-2
0.0000000E+0,-1.0000000E-7,3.0000000E-7,1.3254200E-2,6.4970310E-2,-5.0013800E+1,2.4000000E-2,2.4000000E-2,1.9800000E-2
0.0000000E+0,1.0000000E-7,6.0000000E-7,1.3209200E-2,6.4970310E-2,-5.0014000E+1,2.4000000E-2,2.4000000E-2,1.9800000E-2
0.0000000E+0,-8.0000000E-7,2.0000000E-7,1.3160200E-2,6.4970310E-2,-5.0013900E+1,2.4000000E-2,2.4000000E-2,1.9800000E-2
0.0000000E+0,3.0000000E-7,-4.0000000E-7,1.3104800E-2,6.4970310E-2,-5.0014100E+1,2.4000000E-2,2.4000000E-2,1.9800000E-2
0.0000000E+0,-1.0000000E-7,2.0000000E-7,1.3054600E-2,6.4970310E-2,-5.0013900E+1,2.4000000E-2,2.4000000E-2,1.9800000E-2
0.0000000E+0,1.0000000E-7,-6.0000000E-7,1.3010900E-2,6.4970310E-2,-5.0014300E+1,2.4000000E-2,2.4000000E-2,1.9800000E-2
0.0000000E+0,9.0000000E-7,-7.0000000E-7,1.2957900E-2,6.4970310E-2,-5.0013900E+1,2.4000000E-2,2.4000000E-2,1.9800000E-2
0.0000000E+0,5.0000000E-7,-7.0000000E-7,1.2910000E-2,6.4970310E-2,-5.0013800E+1,2.4000000E-2,2.4000000E-2,1.9800000E-2
0.0000000E+0,-1.0000000E-7,-5.0000000E-7,1.2854600E-2,6.4970310E-2,-5.0013400E+1,2.4000000E-2,2.4000000E-2,1.9800000E-2
0.0000000E+0,3.0000000E-7,5.0000000E-7,1.2804100E-2,6.4970310E-2,-5.0013800E+1,2.4000000E-2,2.4000000E-2,1.9800000E-2
0.0000000E+0,1.1000000E-6,-3.0000000E-7,1.2751600E-2,6.4970310E-2,-5.0014000E+1,2.4000000E-2,2.4000000E-2,1.9800000E-2
0.0000000E+0,-3.0000000E-7,-6.0000000E-7,1.2699300E-2,6.4970310E-2,-5.0014200E+1,2.4000000E-2,2.4000000E-2,1.9800000E-2
0.0000000E+0,6.0000000E-7,5.0000000E-7,1.2659400E-2,6.4970310E-2,-5.0013800E+1,2.4000000E-2,2.4000000E-2,1.9800000E-2
0.0000000E+0,1.0000000E-7,-2.0000000E-7,1.2606700E-2,6.4970310E-2,-5.0013900E+1,2.4000000E-2,2.4000000E-2,1.9800000E-2
0.0000000E+0,8.0000000E-7,1.0000000E-7,1.2558600E-2,6.4970310E-2,-5.0013600E+1,2.4000000E-2,2.4000000E-2,1.9800000E-2
0.0000000E+0,1.0000000E-7,1.0000000E-7,1.2506300E-2,6.4970310E-2,-5.0013900E+1,2.4000000E-2,2.4000000E-2,1.9800000E-2
0.0000000E+0,4.0000000E-7,0.0000000E+0,1.2454400E-2,6.4970310E-2,-5.0014000E+1,2.4000000E-2,2.4000000E-2,1.9800000E-2
0.0000000E+0,-3.0000000E-7,1.0000000E-7,1.2408700E-2,6.4970310E-2,-5.0014400E+1,2.4000000E-2,2.4000000E-2,1.9800000E-2
0.0000000E+0,3.0000000E-7,-0.0000000E+0,1.2357300E-2,6.4970310E-2,-5.0014600E+1,2.4000000E-2,2.4000000E-2,1.9800000E-2
0.0000000E+0,-1.0000000E-7,5.0000000E-7,1.2308600E-2,6.4970310E-2,-5.0014400E+1,2.4000000E-2,2.4000000E-2,1.9800000E-2
0.0000000E+0,9.0000000E-7,3.0000000E-7,1.2255800E-2,6.4970310E-2,-5.0014500E+1,2.4000000E-2,2.4000000E-2,1.9800000E-2
0.0000000E+0,9.0000000E-7,-8.0000000E-7,1.2202000E-2,6.4970310E-2,-5.0014100E+1,2.4000000E-2,2.4000000E-2,1.9800000E-2
0.0000000E+0,8.0000000E-7,0.0000000E+0,1.2150800E-2,6.4970310E-2,-5.0014000E+1,2.4000000E-2,2.4000000E-2,1.9800000E-2
0.0000000E+0,-1.0000000E-7,1.0000000E-6,1.2102500E-2,6.4970310E-2,-5.0014300E+1,2.4000000E-2,2.4000000E-2,1.9800000E-2
0.0000000E+0,3.0000000E-7,6.0000000E-7,1.2057300E-2,6.4970310E-2,-5.0014500E+1,2.4000000E-2,2.4000000E-2,1.9800000E-2
0.0000000E+0,6.0000000E-7,1.0000000E-7,1.2005900E-2,6.4970310E-2,-5.0014500E+1,2.4000000E-2,2.4000000E-2,1.9800000E-2
0.0000000E+0,-2.0000000E-7,2.0000000E-7,1.1953300E-2,6.4970310E-2,-5.0014200E+1,2.4000000E-2,2.4000000E-2,1.9800000E-2
0.0000000E+0,5.0000000E-7,1.0000000E-7,1.1905900E-2,6.4970310E-2,-5.0014300E+1,2.4000000E-2,2.4000000E-2,1.9800000E-2
0.0000000E+0,-1.0000000E-7,-2.0000000E-7,1.1856700E-2,6.4970310E-2,-5.0014300E+1,2.4000000E-2,2.4000000E-2,1.9800000E-2
0.0000000E+0,5.0000000E-7,-0.0000000E+0,1.1808800E-2,6.4970310E-2,-5.0014500E+1,2.4000000E-2,2.4000000E-2,1.9800000E-2
0.0000000E+0,3.0000000E-7,-3.0000000E-7,1.1756600E-2,6.4970310E-2,-5.0014000E+1,2.4000000E-2,2.4000000E-2,1.9800000E-2
0.0000000E+0,3.0000000E-7,-8.0000000E-7,1.1705800E-2,6.4970310E-2,-5.0014300E+1,2.4000000E-2,2.4000000E-2,1.9800000E-2
0.0000000E+0,-5.0000000E-7,-6.0000000E-7,1.1655700E-2,6.4970310E-2,-5.0013900E+1,2.4000000E-2,2.4000000E-2,1.9800000E-2
0.0000000E+0,4.0000000E-7,-0.0000000E+0,1.1600500E-2,6.4970310E-2,-5.0014100E+1,2.4000000E-2,2.4000000E-2,1.9800000E-2
0.0000000E+0,0.0000000E+0,6.0000000E-7,1.1554900E-2,6.4970310E-2,-5.0013800E+1,2.4000000E-2,2.4000000E-2,1.9800000E-2
0.0000000E+0,4.0000000E-7,3.0000000E-7,1.1502100E-2,6.4970310E-2,-5.0014000E+1,2.4000000E-2,2.4000000E-2,1.9800000E-2
0.0000000E+0,1.0000000E-7,-6.0000000E-7,1.1453200E-2,6.4970310E-2,-5.0014000E+1,2.4000000E-2,2.4000000E-2,1.9800000E-2
0.0000000E+0,2.0000000E-7,6.0000000E-7,1.1409500E-2,6.4970310E-2,-5.0014000E+1,2.4000000E-2,2.4000000E-2,1.9800000E-2
0.0000000E+0,1.0000000E-6,2.0000000E-7,1.1360300E-2,6.4970310E-2,-5.0014000E+1,2.4000000E-2,2.4000000E-2,1.9800000E-2
0.0000000E+0,0.0000000E+0,-5.0000000E-7,1.1304300E-2,6.4970310E-2,-5.0014100E+1,2.4000000E-2,2.4000000E-2,1.9800000E-2
0.0000000E+0,4.0000000E-7,-3.0000000E-7,1.1261900E-2,6.4970310E-2,-5.0013600E+1,2.4000000E-2,2.4000000E-2,1.9800000E-2
0.0000000E+0,-5.0000000E-7,6.0000000E-7,1.1205200E-2,6.4970310E-2,-5.0014000E+1,2.4000000E-2,2.4000000E-2,1.9800000E-2
0.0000000E+0,-6.0000000E-7,1.4000000E-6,1.1154600E-2,6.4970310E-2,-5.0014100E+1,2.4000000E-2,2.4000000E-2,1.9800000E-2
0.0000000E+0,1.0000000E-7,7.0000000E-7,1.1101200E-2,6.4970310E-2,-5.0014000E+1,2.4000000E-2,2.4000000E-2,1.9800000E-2
0.0000000E+0,3.0000000E-7,-1.0000000E-7,1.1052900E-2,6.4970310E-2,-5.0013900E+1,2.4000000E-2,2.4000000E-2,1.9800000E-2
0.0000000E+0,-2.0000000E-7,-3.0000000E-7,1.1007900E-2,6.4970310E-2,-5.0014100E+1,2.4000000E-2,2.4000000E-2,1.9800000E-2
0.0000000E+0,-3.0000000E-7,3.0000000E-7,1.0953200E-2,6.4970310E-2,-5.0014100E+1,2.4000000E-2,2.4000000E-2,1.9800000E-2
0.0000000E+0,3.0000000E-7,0.0000000E+0,1.0907100E-2,6.4970310E-2,-5.0013900E+1,2.4000000E-2,2.4000000E-2,1.9800000E-2
0.0000000E+0,3.0000000E-7,3.0000000E-7,1.0857200E-2,6.4970310E-2,-5.0014100E+1,2.4000000E-2,2.4000000E-2,1.9800000E-2
0.0000000E+0,4.0000000E-7,3.0000000E-7,1.0813100E-2,6.4970310E-2,-5.0014200E+1,2.4000000E-2,2.4000000E-2,1.9800000E-2
0.0000000E+0,-1.4000000E-6,1.0000000E-7,1.0759700E-2,6.4970310E-2,-5.0014400E+1,2.4000000E-2,2.4000000E-2,1.9800000E-2
0.0000000E+0,-5.0000000E-7,-3.0000000E-7,1.0709200E-2,6.4970310E-2,-5.0014500E+1,2.4000000E-2,2.4000000E-2,1.9800000E-2
0.0000000E+0,-6.0000000E-7,-1.0000000E-7,1.0654300E-2,6.4970310E-2,-5.0014000E+1,2.4000000E-2,2.4000000E-2,1.9800000E-2
0.0000000E+0,-5.0000000E-7,-1.0000000E-7,1.0604800E-2,6.4970310E-2,-5.0014400E+1,2.4000000E-2,2.4000000E-2,1.9800000E-2
0.0000000E+0,1.1000000E-6,-3.0000000E-7,1.0554700E-2,6.4970310E-2,-5.0013800E+1,2.4000000E-2,2.4000000E-2,1.9800000E-2
0.0000000E+0,5.0000000E-7,-5.0000000E-7,1.0511300E-2,6.4970310E-2,-5.0013900E+1,2.4000000E-2,2.4000000E-2,1.9800000E-2
0.0000000E+0,3.0000000E-7,-7.0000000E-7,1.0453900E-2,6.4970310E-2,-5.0014200E+1,2.4000000E-2,2.4000000E-2,1.9800000E-2
0.0000000E+0,-0.0000000E+0,0.0000000E+0,1.0408300E-2,6.4970310E-2,-5.0014600E+1,2.4000000E-2,2.4000000E-2,1.9800000E-2
0.0000000E+0,3.0000000E-7,-3.0000000E-7,1.0355500E-2,6.4970310E-2,-5.0014100E+1,2.4000000E-2,2.4000000E-2,1.9800000E-2
0.0000000E+0,-5.0000000E-7,8.0000000E-7,1.0308100E-2,6.4970310E-2,-5.0014100E+1,2.4000000E-2,2.4000000E-2,1.9800000E-2
0.0000000E+0,-6.0000000E-7,-2.0000000E-7,1.0254700E-2,6.4970310E-2,-5.0014100E+1,2.4000000E-2,2.4000000E-2,1.9800000E-2
0.0000000E+0,-9.0000000E-7,7.0000000E-7,1.0205500E-2,6.4970310E-2,-5.0014400E+1,2.4000000E-2,2.4000000E-2,1.9800000E-2
0.0000000E+0,-2.0000000E-7,5.0000000E-7,1.0152800E-2,6.4970310E-2,-5.0014100E+1,2.4000000E-2,2.4000000E-2,1.9800000E-2
0.0000000E+0,5.0000000E-7,8.0000000E-7,1.0102700E-2,6.4970310E-2,-5.0014200E+1,2.4000000E-2,2.4000000E-2,1.9800000E-2
0.0000000E+0,-7.0000000E-7,-1.0000000E-7,1.0053400E-2,6.4970310E-2,-5.0014400E+1,2.4000000E-2,2.4000000E-2,1.9800000E-2
0.0000000E+0,-5.0000000E-7,-9.0000000E-7,1.0002100E-2,6.4970310E-2,-5.0014300E+1,2.4000000E-2,2.4000000E-2,1.9800000E-2
0.0000000E+0,1.0000000E-7,-0.0000000E+0,9.9586000E-3,6.4970310E-2,-5.0013900E+1,2.4000000E-2,2.4000000E-2,1.9800000E-2
0.0000000E+0,-1.0000000E-7,-5.0000000E-7,9.9063000E-3,6.4970310E-2,-5.0013800E+1,2.4000000E-2,2.4000000E-2,1.9800000E-2
0.0000000E+0,3.0000000E-7,3.0000000E-7,9.8578000E-3,6.4970310E-2,-5.0013800E+1,2.4000000E-2,2.4000000E-2,1.9800000E-2
0.0000000E+0,6.0000000E-7,3.0000000E-7,9.8050000E-3,6.4970310E-2,-5.0014300E+1,2.4000000E-2,2.4000000E-2,1.9800000E-2
0.0000000E+0,5.0000000E-7,0.0000000E+0,9.7536000E-3,6.4970310E-2,-5.0014200E+1,2.4000000E-2,2.4000000E-2,1.9800000E-2
0.0000000E+0,2.0000000E-7,3.0000000E-7,9.7040000E-3,6.4970310E-2,-5.0013900E+1,2.4000000E-2,2.4000000E-2,1.9800000E-2
0.0000000E+0,-9.0000000E-7,2.0000000E-7,9.6546000E-3,6.4970310E-2,-5.0014000E+1,2.4000000E-2,2.4000000E-2,1.9800000E-2
0.0000000E+0,-6.0000000E-7,5.0000000E-7,9.6007000E-3,6.4970310E-2,-5.0013800E+1,2.4000000E-2,2.4000000E-2,1.9800000E-2
0.0000000E+0,3.0000000E-7,-4.0000000E-7,9.5613000E-3,6.4970310E-2,-5.0014300E+1,2.4000000E-2,2.4000000E-2,1.9800000E-2
0.0000000E+0,1.1000000E-6,-2.0000000E-7,9.5061000E-3,6.4970310E-2,-5.0013900E+1,2.4000000E-2,2.4000000E-2,1.9800000E-2
0.0000000E+0,1.0000000E-7,8.0000000E-7,9.4597000E-3,6.4970310E-2,-5.0014100E+1,2.4000000E-2,2.4000000E-2,1.9800000E-2
0.0000000E+0,1.0000000E-7,-0.0000000E+0,9.4024000E-3,6.4970310E-2,-5.0014000E+1,2.4000000E-2,2.4000000E-2,1.9800000E-2
0.0000000E+0,5.0000000E-7,-3.0000000E-7,9.3529000E-3,6.4970310E-2,-5.0013800E+1,2.4000000E-2,2.4000000E-2,1.9800000E-2
0.0000000E+0,-1.0000000E-7,5.0000000E-7,9.3049000E-3,6.4970310E-2,-5.0013600E+1,2.4000000E-2,2.4000000E-2,1.9800000E-2
0.0000000E+0,3.0000000E-7,5.0000000E-7,9.2565000E-3,6.4970310E-2,-5.0013700E+1,2.4000000E-2,2.4000000E-2,1.9800000E-2
0.0000000E+0,-9.0000000E-7,8.0000000E-7,9.2054000E-3,6.4970310E-2,-5.0013900E+1,2.4000000E-2,2.4000000E-2,1.9800000E-2
0.0000000E+0,3.0000000E-7,-0.0000000E+0,9.1562000E-3,6.4970310E-2,-5.0013900E+1,2.4000000E-2,2.4000000E-2,1.9800000E-2
0.0000000E+0,4.0000000E-7,1.0000000E-7,9.1081000E-3,6.4970310E-2,-5.0013400E+1,2.4000000E-2,2.4000000E-2,1.9800000E-2
0.0000000E+0,1.0000000E-6,-5.0000000E-7,9.0516000E-3,6.4970310E-2,-5.0013800E+1,2.4000000E-2,2.4000000E-2,1.9800000E-2
0.0000000E+0,3.0000000E-7,-4.0000000E-7,9.0054000E-3,6.4970310E-2,-5.0013600E+1,2.4000000E-2,2.4000000E-2,1.9800000E-2
0.0000000E+0,-5.0000000E-7,8.0000000E-7,8.9556000E-3,6.4970310E-2,-5.0013600E+1,2.4000000E-2,2.4000000E-2,1.9800000E-2
0.0000000E+0,3.0000000E-7,4.0000000E-7,8.9046000E-3,6.4970310E-2,-5.0013600E+1,2.4000000E-2,2.4000000E-2,1.9800000E-2
0.0000000E+0,-5.0000000E-7,4.0000000E-7,8.8568000E-3,6.4970310E-2,-5.0014100E+1,2.4000000E-2,2.4000000E-2,1.9800000E-2
0.0000000E+0,3.0000000E-7,-2.0000000E-7,8.8022000E-3,6.4970310E-2,-5.0013700E+1,2.4000000E-2,2.4000000E-2,1.9800000E-2
0.0000000E+0,4.0000000E-7,-1.0000000E-6,8.7581000E-3,6.4970310E-2,-5.0013800E+1,2.4000000E-2,2.4000000E-2,1.9800000E-2
0.0000000E+0,-2.0000000E-7,3.0000000E-7,8.7036000E-3,6.4970310E-2,-5.0014000E+1,2.4000000E-2,2.4000000E-2,1.9800000E-2
0.0000000E+0,-1.2000000E-6,5.0000000E-7,8.6533000E-3,6.4970310E-2,-5.0014100E+1,2.4000000E-2,2.4000000E-2,1.9800000E-2
0.0000000E+0,3.0000000E-7,-9.0000000E-7,8.6035000E-3,6.4970310E-2,-5.0013800E+1,2.4000000E-2,2.4000000E-2,1.9800000E-2
0.0000000E+0,-9.0000000E-7,-1.0000000E-7,8.5567000E-3,6.4970310E-2,-5.0013700E+1,2.4000000E-2,2.4000000E-2,1.9800000E-2
0.0000000E+0,5.0000000E-7,3.0000000E-7,8.5077000E-3,6.4970310E-2,-5.0013700E+1,2.4000000E-2,2.4000000E-2,1.9800000E-2
0.0000000E+0,5.0000000E-7,1.0000000E-6,8.4556000E-3,6.4970310E-2,-5.0014000E+1,2.4000000E-2,2.4000000E-2,1.9800000E-2
0.0000000E+0,-2.0000000E-7,3.0000000E-7,8.4047000E-3,6.4970310E-2,-5.0013700E+1,2.4000000E-2,2.4000000E-2,1.9800000E-2
0.0000000E+0,0.0000000E+0,2.0000000E-7,8.3521000E-3,6.4970310E-2,-5.0014200E+1,2.4000000E-2,2.4000000E-2,1.9800000E-2
0.0000000E+0,4.0000000E-7,-0.0000000E+0,8.3036000E-3,6.4970310E-2,-5.0014300E+1,2.4000000E-2,2.4000000E-2,1.9800000E-2
0.0000000E+0,1.1000000E-6,5.0000000E-7,8.2559000E-3,6.4970310E-2,-5.0014000E+1,2.4000000E-2,2.4000000E-2,1.9800000E-2
0.0000000E+0,2.0000000E-7,-4.0000000E-7,8.2074000E-3,6.4970310E-2,-5.0014400E+1,2.4000000E-2,2.4000000E-2,1.9800000E-2
0.0000000E+0,-8.0000000E-7,1.0000000E-7,8.1533000E-3,6.4970310E-2,-5.0013900E+1,2.4000000E-2,2.4000000E-2,1.9800000E-2
0.0000000E+0,-3.0000000E-7,4.0000000E-7,8.1095000E-3,6.4970310E-2,-5.0013900E+1,2.4000000E-2,2.4000000E-2,1.9800000E-2
0.0000000E+0,1.0000000E-7,1.0000000E-7,8.0572000E-3,6.4970310E-2,-5.0014300E+1,2.4000000E-2,2.4000000E-2,1.9800000E-2
0.0000000E+0,-5.0000000E-7,1.0000000E-7,8.0064000E-3,6.4970310E-2,-5.0013800E+1,2.4000000E-2,2.4000000E-2,1.9800000E-2
0.0000000E+0,-1.6000000E-6,-5.0000000E-7,7.9543000E-3,6.4970310E-2,-5.0013800E+1,2.4000000E-2,2.4000000E-2,1.9800000E-2
0.0000000E+0,-3.0000000E-7,3.0000000E-7,7.9063000E-3,6.4970310E-2,-5.0014100E+1,2.4000000E-2,2.4000000E-2,1.9800000E-2
0.0000000E+0,3.0000000E-7,-1.0000000E-7,7.8631000E-3,6.4970310E-2,-5.0013700E+1,2.4000000E-2,2.4000000E-2,1.9800000E-2
0.0000000E+0,8.0000000E-7,-2.0000000E-7,7.8065000E-3,6.4970310E-2,-5.0013800E+1,2.4000000E-2,2.4000000E-2,1.9800000E-2
0.0000000E+0,-7.0000000E-7,3.0000000E-7,7.7558000E-3,6.4970310E-2,-5.0013700E+1,2.4000000E-2,2.4000000E-2,1.9800000E-2
0.0000000E+0,-3.0000000E-7,3.0000000E-7,7.7097000E-3,6.4970310E-2,-5.0013500E+1,2.4000000E-2,2.4000000E-2,1.9800000E-2
0.0000000E+0,4.0000000E-7,-4.0000000E-7,7.6570000E-3,6.4970310E-2,-5.0013900E+1,2.4000000E-2,2.4000000E-2,1.9800000E-2
0.0000000E+0,-9.0000000E-7,-1.0000000E-7,7.6024000E-3,6.4970310E-2,-5.0013900E+1,2.4000000E-2,2.4000000E-2,1.9800000E-2
0.0000000E+0,7.0000000E-7,5.0000000E-7,7.5579000E-3,6.4970310E-2,-5.0013800E+1,2.4000000E-2,2.4000000E-2,1.9800000E-2
0.0000000E+0,5.0000000E-7,-4.0000000E-7,7.5005000E-3,6.4970310E-2,-5.0013800E+1,2.4000000E-2,2.4000000E-2,1.9800000E-2
0.0000000E+0,-1.2000000E-6,-1.1000000E-6,7.4610000E-3,6.4970310E-2,-5.0013800E+1,2.4000000E-2,2.4000000E-2,1.9800000E-2
0.0000000E+0,6.0000000E-7,8.0000000E-7,7.4056000E-3,6.4970310E-2,-5.0014100E+1,2.4000000E-2,2.4000000E-2,1.9800000E-2
0.0000000E+0,3.0000000E-7,-6.0000000E-7,7.3551000E-3,6.4970310E-2,-5.0013900E+1,2.4000000E-2,2.4000000E-2,1.9800000E-2
0.0000000E+0,-8.0000000E-7,-8.0000000E-7,7.3106000E-3,6.4970310E-2,-5.0014100E+1,2.4000000E-2,2.4000000E-2,1.9800000E-2
0.0000000E+0,-3.0000000E-7,-4.0000000E-7,7.2551000E-3,6.4970310E-2,-5.0014100E+1,2.4000000E-2,2.4000000E-2,1.9800000E-2
0.0000000E+0,5.0000000E-7,-3.0000000E-7,7.2009000E-3,6.4970310E-2,-5.0013900E+1,2.4000000E-2,2.4000000E-2,1.9800000E-2
0.0000000E+0,-7.0000000E-7,-3.0000000E-7,7.1556000E-3,6.4970310E-2,-5.0013900E+1,2.4000000E-2,2.4000000E-2,1.9800000E-2
0.0000000E+0,-1.1000000E-6,-7.0000000E-7,7.1036000E-3,6.4970310E-2,-5.0013900E+1,2.4000000E-2,2.4000000E-2,1.9800000E-2
0.0000000E+0,-9.0000000E-7,-6.0000000E-7,7.0557000E-3,6.4970310E-2,-5.0013800E+1,2.4000000E-2,2.4000000E-2,1.9800000E-2
0.0000000E+0,-1.0000000E-7,-3.0000000E-7,7.0036000E-3,6.4970310E-2,-5.0013900E+1,2.4000000E-2,2.4000000E-2,1.9800000E-2
0.0000000E+0,3.0000000E-7,5.0000000E-7,6.9575000E-3,6.4970310E-2,-5.0013900E+1,2.4000000E-2,2.4000000E-2,1.9800000E-2
0.0000000E+0,1.0000000E-7,2.0000000E-7,6.9043000E-3,6.4970310E-2,-5.0013900E+1,2.4000000E-2,2.4000000E-2,1.9800000E-2
0.0000000E+0,8.0000000E-7,6.0000000E-7,6.8505000E-3,6.4970310E-2,-5.0014000E+1,2.4000000E-2,2.4000000E-2,1.9800000E-2
0.0000000E+0,-6.0000000E-7,-5.0000000E-7,6.8042000E-3,6.4970310E-2,-5.0014000E+1,2.4000000E-2,2.4000000E-2,1.9800000E-2
0.0000000E+0,-9.0000000E-7,-1.0000000E-7,6.7572000E-3,6.4970310E-2,-5.0013700E+1,2.4000000E-2,2.4000000E-2,1.9800000E-2
0.0000000E+0,-3.0000000E-7,-0.0000000E+0,6.7073000E-3,6.4970310E-2,-5.0013700E+1,2.4000000E-2,2.4000000E-2,1.9800000E-2
0.0000000E+0,-1.0000000E-6,-6.0000000E-7,6.6535000E-3,6.4970310E-2,-5.0014100E+1,2.4000000E-2,2.4000000E-2,1.9800000E-2
0.0000000E+0,5.0000000E-7,-7.0000000E-7,6.6072000E-3,6.4970310E-2,-5.0014000E+1,2.4000000E-2,2.4000000E-2,1.9800000E-2
0.0000000E+0,-4.0000000E-7,-1.0000000E-6,6.5520000E-3,6.4970310E-2,-5.0014200E+1,2.4000000E-2,2.4000000E-2,1.9800000E-2
0.0000000E+0,-3.0000000E-7,-3.0000000E-7,6.5026000E-3,6.4970310E-2,-5.0014100E+1,2.4000000E-2,2.4000000E-2,1.9800000E-2
0.0000000E+0,-2.0000000E-7,-1.0000000E-7,6.4556000E-3,6.4970310E-2,-5.0014200E+1,2.4000000E-2,2.4000000E-2,1.9800000E-2
0.0000000E+0,-7.0000000E-7,1.0000000E-7,6.4071000E-3,6.4970310E-2,-5.0014100E+1,2.4000000E-2,2.4000000E-2,1.9800000E-2
0.0000000E+0,1.1000000E-6,-1.0000000E-7,6.3574000E-3,6.4970310E-2,-5.0013900E+1,2.4000000E-2,2.4000000E-2,1.9800000E-2
0.0000000E+0,2.0000000E-7,8.0000000E-7,6.3047000E-3,6.4970310E-2,-5.0013500E+1,2.4000000E-2,2.4000000E-2,1.9800000E-2
0.0000000E+0,-5.0000000E-7,2.0000000E-7,6.2564000E-3,6.4970310E-2,-5.0014000E+1,2.4000000E-2,2.4000000E-2,1.9800000E-2
0.0000000E+0,5.0000000E-7,3.0000000E-7,6.2060000E-3,6.4970310E-2,-5.0013900E+1,2.4000000E-2,2.4000000E-2,1.9800000E-2
0.0000000E+0,-2.0000000E-7,-5.0000000E-7,6.1599000E-3,6.4970310E-2,-5.0014000E+1,2.4000000E-2,2.4000000E-2,1.9800000E-2
0.0000000E+0,-4.0000000E-7,-4.0000000E-7,6.1045000E-3,6.4970310E-2,-5.0013600E+1,2.4000000E-2,2.4000000E-2,1.9800000E-2
0.0000000E+0,4.0000000E-7,1.0000000E-6,6.0596000E-3,6.4970310E-2,-5.0014000E+1,2.4000000E-2,2.4000000E-2,1.9800000E-2
0.0000000E+0,-2.0000000E-7,4.0000000E-7,5.9997000E-3,6.4970310E-2,-5.0014200E+1,2.4000000E-2,2.4000000E-2,1.9800000E-2
0.0000000E+0,3.0000000E-7,-0.0000000E+0,5.9514000E-3,6.4970310E-2,-5.0013800E+1,2.4000000E-2,2.4000000E-2,1.9800000E-2
0.0000000E+0,4.0000000E-7,-3.0000000E-7,5.9106000E-3,6.4970310E-2,-5.0014200E+1,2.4000000E-2,2.4000000E-2,1.9800000E-2
0.0000000E+0,-6.0000000E-7,-0.0000000E+0,5.8521000E-3,6.4970310E-2,-5.0014200E+1,2.4000000E-2,2.4000000E-2,1.9800000E-2
0.0000000E+0,-1.0000000E-7,-1.0000000E-7,5.8065000E-3,6.4970310E-2,-5.0014000E+1,2.4000000E-2,2.4000000E-2,1.9800000E-2
0.0000000E+0,6.0000000E-7,3.0000000E-7,5.7579000E-3,6.4970310E-2,-5.0013900E+1,2.4000000E-2,2.4000000E-2,1.9800000E-2
0.0000000E+0,-7.0000000E-7,-4.0000000E-7,5.7054000E-3,6.4970310E-2,-5.0013800E+1,2.4000000E-2,2.4000000E-2,1.9800000E-2
0.0000000E+0,3.0000000E-7,-3.0000000E-7,5.6560000E-3,6.4970310E-2,-5.0014100E+1,2.4000000E-2,2.4000000E-2,1.9800000E-2
0.0000000E+0,0.0000000E+0,-4.0000000E-7,5.6072000E-3,6.4970310E-2,-5.0013900E+1,2.4000000E-2,2.4000000E-2,1.9800000E-2
0.0000000E+0,0.0000000E+0,3.0000000E-7,5.5561000E-3,6.4970310E-2,-5.0013800E+1,2.4000000E-2,2.4000000E-2,1.9800000E-2
0.0000000E+0,4.0000000E-7,7.0000000E-7,5.5022000E-3,6.4970310E-2,-5.0014000E+1,2.4000000E-2,2.4000000E-2,1.9800000E-2
0.0000000E+0,1.0000000E-7,-2.0000000E-7,5.4548000E-3,6.4970310E-2,-5.0013900E+1,2.4000000E-2,2.4000000E-2,1.9800000E-2
0.0000000E+0,0.0000000E+0,0.0000000E+0,5.4053000E-3,6.4970310E-2,-5.0013800E+1,2.4000000E-2,2.4000000E-2,1.9800000E-2
0.0000000E+0,-0.0000000E+0,-7.0000000E-7,5.3573000E-3,6.4970310E-2,-5.0013800E+1,2.4000000E-2,2.4000000E-2,1.9800000E-2
0.0000000E+0,1.0000000E-7,-1.0000000E-7,5.3061000E-3,6.4970310E-2,-5.0013800E+1,2.4000000E-2,2.4000000E-2,1.9800000E-2
0.0000000E+0,9.0000000E-7,1.1000000E-6,5.2538000E-3,6.4970310E-2,-5.0013500E+1,2.4000000E-2,2.4000000E-2,1.9800000E-2
0.0000000E+0,1.3000000E-6,-7.0000000E-7,5.2037000E-3,6.4970310E-2,-5.0014000E+1,2.4000000E-2,2.4000000E-2,1.9800000E-2
0.0000000E+0,0.0000000E+0,-5.0000000E-7,5.1558000E-3,6.4970310E-2,-5.0014000E+1,2.4000000E-2,2.4000000E-2,1.9800000E-2
0.0000000E+0,-5.0000000E-7,-4.0000000E-7,5.1040000E-3,6.4970310E-2,-5.0014000E+1,2.4000000E-2,2.4000000E-2,1.9800000E-2
0.0000000E+0,-1.0000000E-7,-7.0000000E-7,5.0523000E-3,6.4970310E-2,-5.0013600E+1,2.4000000E-2,2.4000000E-2,1.9800000E-2
0.0000000E+0,-2.0000000E-7,1.0000000E-7,5.0049000E-3,6.4970310E-2,-5.0014200E+1,2.4000000E-2,2.4000000E-2,1.9800000E-2
0.0000000E+0,3.0000000E-7,-0.0000000E+0,4.9566000E-3,6.4970310E-2,-5.0014100E+1,2.4000000E-2,2.4000000E-2,1.9800000E-2
0.0000000E+0,-2.0000000E-7,4.0000000E-7,4.9029000E-3,6.4970310E-2,-5.0013900E+1,2.4000000E-2,2.4000000E-2,1.9800000E-2
0.0000000E+0,-2.0000000E-7,3.0000000E-7,4.8598000E-3,6.4970310E-2,-5.0013700E+1,2.4000000E-2,2.4000000E-2,1.9800000E-2
0.0000000E+0,-6.0000000E-7,1.0000000E-7,4.8096000E-3,6.4970310E-2,-5.0013900E+1,2.4000000E-2,2.4000000E-2,1.9800000E-2
0.0000000E+0,-1.0000000E-7,-0.0000000E+0,4.7602000E-3,6.4970310E-2,-5.0014100E+1,2.4000000E-2,2.4000000E-2,1.9800000E-2
0.0000000E+0,-1.0000000E-7,5.0000000E-7,4.7040000E-3,6.4970310E-2,-5.0014000E+1,2.4000000E-2,2.4000000E-2,1.9800000E-2
0.0000000E+0,-7.0000000E-7,-5.0000000E-7,4.6550000E-3,6.4970310E-2,-5.0013900E+1,2.4000000E-2,2.4000000E-2,1.9800000E-2
0.0000000E+0,-7.0000000E-7,1.0000000E-7,4.6062000E-3,6.4970310E-2,-5.0013900E+1,2.4000000E-2,2.4000000E-2,1.9800000E-2
0.0000000E+0,1.0000000E-7,-2.0000000E-7,4.5524000E-3,6.4970310E-2,-5.0013700E+1,2.4000000E-2,2.4000000E-2,1.9800000E-2
0.0000000E+0,-9.0000000E-7,-3.0000000E-7,4.5050000E-3,6.4970310E-2,-5.0014400E+1,2.4000000E-2,2.4000000E-2,1.9800000E-2
0.0000000E+0,-5.0000000E-7,-5.0000000E-7,4.4633000E-3,6.4970310E-2,-5.0014000E+1,2.4000000E-2,2.4000000E-2,1.9800000E-2
0.0000000E+0,-2.0000000E-7,4.0000000E-7,4.4076000E-3,6.4970310E-2,-5.0014200E+1,2.4000000E-2,2.4000000E-2,1.9800000E-2
0.0000000E+0,1.0000000E-6,-1.0000000E-7,4.3585000E-3,6.4970310E-2,-5.0014400E+1,2.4000000E-2,2.4000000E-2,1.9800000E-2
0.0000000E+0,-2.0000000E-7,6.0000000E-7,4.3070000E-3,6.4970310E-2,-5.0014100E+1,2.4000000E-2,2.4000000E-2,1.9800000E-2
0.0000000E+0,5.0000000E-7,-5.0000000E-7,4.2545000E-3,6.4970310E-2,-5.0014000E+1,2.4000000E-2,2.4000000E-2,1.9800000E-2
0.0000000E+0,5.0000000E-7,-1.0000000E-7,4.2060000E-3,6.4970310E-2,-5.0014200E+1,2.4000000E-2,2.4000000E-2,1.9800000E-2
0.0000000E+0,-2.0000000E-7,3.0000000E-7,4.1554000E-3,6.4970310E-2,-5.0014100E+1,2.4000000E-2,2.4000000E-2,1.9800000E-2
0.0000000E+0,-6.0000000E-7,-3.0000000E-7,4.1071000E-3,6.4970310E-2,-5.0013800E+1,2.4000000E-2,2.4000000E-2,1.9800000E-2
0.0000000E+0,-6.0000000E-7,8.0000000E-7,4.0573000E-3,6.4970310E-2,-5.0013900E+1,2.4000000E-2,2.4000000E-2,1.9800000E-2
0.0000000E+0,1.0000000E-7,-2.0000000E-7,4.0107000E-3,6.4970310E-2,-5.0013900E+1,2.4000000E-2,2.4000000E-2,1.9800000E-2
0.0000000E+0,1.0000000E-7,1.1000000E-6,3.9536000E-3,6.4970310E-2,-5.0013900E+1,2.4000000E-2,2.4000000E-2,1.9800000E-2
0.0000000E+0,-0.0000000E+0,2.0000000E-7,3.9059000E-3,6.4970310E-2,-5.0013900E+1,2.4000000E-2,2.4000000E-2,1.9800000E-2
0.0000000E+0,0.0000000E+0,3.0000000E-7,3.8589000E-3,6.4970310E-2,-5.0013900E+1,2.4000000E-2,2.4000000E-2,1.9800000E-2
0.0000000E+0,3.0000000E-7,-1.0000000E-7,3.8064000E-3,6.4970310E-2,-5.0013900E+1,2.4000000E-2,2.4000000E-2,1.9800000E-2
0.0000000E+0,-5.0000000E-7,1.0000000E-7,3.7514000E-3,6.4970310E-2,-5.0014000E+1,2.4000000E-2,2.4000000E-2,1.9800000E-2
0.0000000E+0,-8.0000000E-7,3.0000000E-7,3.7054000E-3,6.4970310E-2,-5.0014600E+1,2.4000000E-2,2.4000000E-2,1.9800000E-2
0.0000000E+0,6.0000000E-7,-2.0000000E-7,3.6566000E-3,6.4970310E-2,-5.0014300E+1,2.4000000E-2,2.4000000E-2,1.9800000E-2
0.0000000E+0,-1.0000000E-7,3.0000000E-7,3.6001000E-3,6.4970310E-2,-5.0014000E+1,2.4000000E-2,2.4000000E-2,1.9800000E-2
0.0000000E+0,1.4000000E-6,-4.0000000E-7,3.5540000E-3,6.4970310E-2,-5.0014200E+1,2.4000000E-2,2.4000000E-2,1.9800000E-2
0.0000000E+0,7.0000000E-7,3.0000000E-7,3.5042000E-3,6.4970310E-2,-5.0014400E+1,2.4000000E-2,2.4000000E-2,1.9800000E-2
0.0000000E+0,-1.0000000E-7,4.0000000E-7,3.4578000E-3,6.4970310E-2,-5.0014500E+1,2.4000000E-2,2.4000000E-2,1.9800000E-2
0.0000000E+0,-5.0000000E-7,7.0000000E-7,3.4027000E-3,6.4970310E-2,-5.0014200E+1,2.4000000E-2,2.4000000E-2,1.9800000E-2
0.0000000E+0,5.0000000E-7,-5.0000000E-7,3.3568000E-3,6.4970310E-2,-5.0014400E+1,2.4000000E-2,2.4000000E-2,1.9800000E-2
0.0000000E+0,-9.0000000E-7,1.0000000E-7,3.3058000E-3,6.4970310E-2,-5.0014400E+1,2.4000000E-2,2.4000000E-2,1.9800000E-2
0.0000000E+0,-3.0000000E-7,-4.0000000E-7,3.2550000E-3,6.4970310E-2,-5.0014400E+1,2.4000000E-2,2.4000000E-2,1.9800000E-2
0.0000000E+0,9.0000000E-7,6.0000000E-7,3.2107000E-3,6.4970310E-2,-5.0014500E+1,2.4000000E-2,2.4000000E-2,1.9800000E-2
0.0000000E+0,-6.0000000E-7,-1.0000000E-7,3.1591000E-3,6.4970310E-2,-5.0014200E+1,2.4000000E-2,2.4000000E-2,1.9800000E-2
0.0000000E+0,-1.0000000E-7,-1.0000000E-7,3.1072000E-3,6.4970310E-2,-5.0014300E+1,2.4000000E-2,2.4000000E-2,1.9800000E-2
0.0000000E+0,6.0000000E-7,-0.0000000E+0,3.0520000E-3,6.4970310E-2,-5.0014400E+1,2.4000000E-2,2.4000000E-2,1.9800000E-2
0.0000000E+0,1.0000000E-7,-1.0000000E-7,3.0075000E-3,6.4970310E-2,-5.0013900E+1,2.4000000E-2,2.4000000E-2,1.9800000E-2
0.0000000E+0,5.0000000E-7,5.0000000E-7,2.9567000E-3,6.4970310E-2,-5.0014100E+1,2.4000000E-2,2.4000000E-2,1.9800000E-2
0.0000000E+0,-1.0000000E-7,-8.0000000E-7,2.9034000E-3,6.4970310E-2,-5.0013900E+1,2.4000000E-2,2.4000000E-2,1.9800000E-2
0.0000000E+0,3.0000000E-7,1.0000000E-7,2.8592000E-3,6.4970310E-2,-5.0014800E+1,2.4000000E-2,2.4000000E-2,1.9800000E-2
0.0000000E+0,7.0000000E-7,-6.0000000E-7,2.8029000E-3,6.4970310E-2,-5.0014100E+1,2.4000000E-2,2.4000000E-2,1.9800000E-2
0.0000000E+0,7.0000000E-7,2.0000000E-7,2.7567000E-3,6.4970310E-2,-5.0014500E+1,2.4000000E-2,2.4000000E-2,1.9800000E-2
0.0000000E+0,5.0000000E-7,6.0000000E-7,2.7061000E-3,6.4970310E-2,-5.0014400E+1,2.4000000E-2,2.4000000E-2,1.9800000E-2
0.0000000E+0,6.0000000E-7,4.0000000E-7,2.6512000E-3,6.4970310E-2,-5.0014300E+1,2.4000000E-2,2.4000000E-2,1.9800000E-2
0.0000000E+0,3.0000000E-7,-4.0000000E-7,2.5999000E-3,6.4970310E-2,-5.0014500E+1,2.4000000E-2,2.4000000E-2,1.9800000E-2
0.0000000E+0,-4.0000000E-7,-1.0000000E-7,2.5528000E-3,6.4970310E-2,-5.0014200E+1,2.4000000E-2,2.4000000E-2,1.9800000E-2
0.0000000E+0,3.0000000E-7,0.0000000E+0,2.5018000E-3,6.4970310E-2,-5.0014400E+1,2.4000000E-2,2.4000000E-2,1.9800000E-2
0.0000000E+0,-2.0000000E-7,-8.0000000E-7,2.4577000E-3,6.4970310E-2,-5.0014300E+1,2.4000000E-2,2.4000000E-2,1.9800000E-2
0.0000000E+0,-8.0000000E-7,1.0000000E-7,2.4111000E-3,6.4970310E-2,-5.0014500E+1,2.4000000E-2,2.4000000E-2,1.9800000E-2
0.0000000E+0,-3.0000000E-7,1.0000000E-7,2.3546000E-3,6.4970310E-2,-5.0014500E+1,2.4000000E-2,2.4000000E-2,1.9800000E-2
0.0000000E+0,-4.0000000E-7,-3.0000000E-7,2.3048000E-3,6.4970310E-2,-5.0014400E+1,2.4000000E-2,2.4000000E-2,1.9800000E-2
0.0000000E+0,-9.0000000E-7,9.0000000E-7,2.2591000E-3,6.4970310E-2,-5.0014300E+1,2.4000000E-2,2.4000000E-2,1.9800000E-2
0.0000000E+0,-7.0000000E-7,1.0000000E-6,2.2048000E-3,6.4970310E-2,-5.0014400E+1,2.4000000E-2,2.4000000E-2,1.9800000E-2
0.0000000E+0,2.0000000E-7,-2.0000000E-7,2.1569000E-3,6.4970310E-2,-5.0014300E+1,2.4000000E-2,2.4000000E-2,1.9800000E-2
0.0000000E+0,-8.0000000E-7,-1.1000000E-6,2.1044000E-3,6.4970310E-2,-5.0014300E+1,2.4000000E-2,2.4000000E-2,1.9800000E-2
0.0000000E+0,-6.0000000E-7,2.0000000E-7,2.0579000E-3,6.4970310E-2,-5.0014500E+1,2.4000000E-2,2.4000000E-2,1.9800000E-2
0.0000000E+0,-1.0000000E-7,-3.0000000E-7,1.9990000E-3,6.4970310E-2,-5.0014000E+1,2.4000000E-2,2.4000000E-2,1.9800000E-2
0.0000000E+0,5.0000000E-7,-2.0000000E-7,1.9560000E-3,6.4970310E-2,-5.0013900E+1,2.4000000E-2,2.4000000E-2,1.9800000E-2
0.0000000E+0,1.3000000E-6,-7.0000000E-7,1.9085000E-3,6.4970310E-2,-5.0014300E+1,2.4000000E-2,2.4000000E-2,1.9800000E-2
0.0000000E+0,1.0000000E-7,5.0000000E-7,1.8520000E-3,6.4970310E-2,-5.0014300E+1,2.4000000E-2,2.4000000E-2,1.9800000E-2
0.0000000E+0,5.0000000E-7,-3.0000000E-7,1.8073000E-3,6.4970310E-2,-5.0014000E+1,2.4000000E-2,2.4000000E-2,1.9800000E-2
0.0000000E+0,0.0000000E+0,-2.0000000E-7,1.7594000E-3,6.4970310E-2,-5.0013900E+1,2.4000000E-2,2.4000000E-2,1.9800000E-2
0.0000000E+0,3.0000000E-7,3.0000000E-7,1.7078000E-3,6.4970310E-2,-5.0013900E+1,2.4000000E-2,2.4000000E-2,1.9800000E-2
0.0000000E+0,-8.0000000E-7,1.0000000E-7,1.6579000E-3,6.4970310E-2,-5.0014000E+1,2.4000000E-2,2.4000000E-2,1.9800000E-2
0.0000000E+0,0.0000000E+0,-3.0000000E-7,1.6105000E-3,6.4970310E-2,-5.0014100E+1,2.4000000E-2,2.4000000E-2,1.9800000E-2
0.0000000E+0,-6.0000000E-7,-5.0000000E-7,1.5582000E-3,6.4970310E-2,-5.0014200E+1,2.4000000E-2,2.4000000E-2,1.9800000E-2
0.0000000E+0,-3.0000000E-7,4.0000000E-7,1.5043000E-3,6.4970310E-2,-5.0013900E+1,2.4000000E-2,2.4000000E-2,1.9800000E-2
0.0000000E+0,-6.0000000E-7,-1.0000000E-6,1.4545000E-3,6.4970310E-2,-5.0013800E+1,2.4000000E-2,2.4000000E-2,1.9800000E-2
0.0000000E+0,5.0000000E-7,-7.0000000E-7,1.4094000E-3,6.4970310E-2,-5.0013900E+1,2.4000000E-2,2.4000000E-2,1.9800000E-2
0.0000000E+0,8.0000000E-7,5.0000000E-7,1.3527000E-3,6.4970310E-2,-5.0013700E+1,2.4000000E-2,2.4000000E-2,1.9800000E-2
0.0000000E+0,-8.0000000E-7,4.0000000E-7,1.3051000E-3,6.4970310E-2,-5.0014200E+1,2.4000000E-2,2.4000000E-2,1.9800000E-2
0.0000000E+0,-3.0000000E-7,5.0000000E-7,1.2541000E-3,6.4970310E-2,-5.0014100E+1,2.4000000E-2,2.4000000E-2,1.9800000E-2
0.0000000E+0,-5.0000000E-7,3.0000000E-7,1.1987000E-3,6.4970310E-2,-5.0014200E+1,2.4000000E-2,2.4000000E-2,1.9800000E-2
0.0000000E+0,-1.0000000E-7,-4.0000000E-7,1.1579000E-3,6.4970310E-2,-5.0014100E+1,2.4000000E-2,2.4000000E-2,1.9800000E-2
0.0000000E+0,-9.0000000E-7,4.0000000E-7,1.1021000E-3,6.4970310E-2,-5.0014100E+1,2.4000000E-2,2.4000000E-2,1.9800000E-2
0.0000000E+0,-3.0000000E-7,-2.0000000E-7,1.0515000E-3,6.4970310E-2,-5.0014400E+1,2.4000000E-2,2.4000000E-2,1.9800000E-2
0.0000000E+0,-1.3000000E-6,-3.0000000E-7,1.0077000E-3,6.4970310E-2,-5.0014300E+1,2.4000000E-2,2.4000000E-2,1.9800000E-2
0.0000000E+0,-1.1000000E-6,-2.0000000E-7,9.5360000E-4,6.4970310E-2,-5.0014500E+1,2.4000000E-2,2.4000000E-2,1.9800000E-2
0.0000000E+0,-5.0000000E-7,5.0000000E-7,8.9970000E-4,6.4970310E-2,-5.0014300E+1,2.4000000E-2,2.4000000E-2,1.9800000E-2
0.0000000E+0,1.0000000E-7,-1.0000000E-7,8.5430000E-4,6.4970310E-2,-5.0014000E+1,2.4000000E-2,2.4000000E-2,1.9800000E-2
0.0000000E+0,-1.0000000E-7,-7.0000000E-7,8.0140000E-4,6.4970310E-2,-5.0014400E+1,2.4000000E-2,2.4000000E-2,1.9800000E-2
0.0000000E+0,1.0000000E-7,-3.0000000E-7,7.5550000E-4,6.4970310E-2,-5.0014700E+1,2.4000000E-2,2.4000000E-2,1.9800000E-2
0.0000000E+0,0.0000000E+0,0.0000000E+0,7.0890000E-4,6.4970310E-2,-5.0014400E+1,2.4000000E-2,2.4000000E-2,1.9800000E-2
0.0000000E+0,-7.0000000E-7,4.0000000E-7,6.5350000E-4,6.4970310E-2,-5.0014300E+1,2.4000000E-2,2.4000000E-2,1.9800000E-2
0.0000000E+0,7.0000000E-7,-3.0000000E-7,6.1370000E-4,6.4970310E-2,-5.0013900E+1,2.4000000E-2,2.4000000E-2,1.9800000E-2
0.0000000E+0,-2.0000000E-7,1.0000000E-7,5.5780000E-4,6.4970310E-2,-5.0014300E+1,2.4000000E-2,2.4000000E-2,1.9800000E-2
0.0000000E+0,-1.0000000E-7,0.0000000E+0,5.0510000E-4,6.4970310E-2,-5.0014200E+1,2.4000000E-2,2.4000000E-2,1.9800000E-2
0.0000000E+0,7.0000000E-7,-2.0000000E-7,4.6230000E-4,6.4970310E-2,-5.0014200E+1,2.4000000E-2,2.4000000E-2,1.9800000E-2
0.0000000E+0,-3.0000000E-7,4.0000000E-7,4.0240000E-4,6.4970310E-2,-5.0014000E+1,2.4000000E-2,2.4000000E-2,1.9800000E-2
0.0000000E+0,-6.0000000E-7,9.0000000E-7,3.5410000E-4,6.4970310E-2,-5.0014200E+1,2.4000000E-2,2.4000000E-2,1.9800000E-2
0.0000000E+0,2.0000000E-7,-9.0000000E-7,3.0450000E-4,6.4970310E-2,-5.0014300E+1,2.4000000E-2,2.4000000E-2,1.9800000E-2
0.0000000E+0,-7.0000000E-7,2.0000000E-7,2.4980000E-4,6.4970310E-2,-5.0013900E+1,2.4000000E-2,2.4000000E-2,1.9800000E-2
0.0000000E+0,-5.0000000E-7,6.0000000E-7,2.1520000E-4,6.4970310E-2,-5.0014300E+1,2.4000000E-2,2.4000000E-2,1.9800000E-2
0.0000000E+0,0.0000000E+0,-3.0000000E-7,1.5530000E-4,6.4970310E-2,-5.0014000E+1,2.4000000E-2,2.4000000E-2,1.9800000E-2
0.0000000E+0,-3.0000000E-7,-7.0000000E-7,9.9900000E-5,6.4970310E-2,-5.0014500E+1,2.4000000E-2,2.4000000E-2,1.9800000E-2
0.0000000E+0,-5.0000000E-7,-5.0000000E-7,5.3800000E-5,6.4970310E-2,-5.0013900E+1,2.4000000E-2,2.4000000E-2,1.9800000E-2
0.0000000E+0,5.0000000E-7,-3.0000000E-7,4.4000000E-6,6.4970310E-2,-5.0014100E+1,2.4000000E-2,2.4000000E-2,1.9800000E-2
0.0000000E+0,-0.0000000E+0,1.0000000E-6,-4.3000000E-5,6.4970310E-2,-5.0014200E+1,2.4000000E-2,2.4000000E-2,1.9800000E-2
0.0000000E+0,3.0000000E-7,-0.0000000E+0,-9.5300000E-5,6.4970310E-2,-5.0014000E+1,2.4000000E-2,2.4000000E-2,1.9800000E-2
0.0000000E+0,-2.0000000E-7,-1.0000000E-7,-1.4510000E-4,6.4970310E-2,-5.0014300E+1,2.4000000E-2,2.4000000E-2,1.9800000E-2
0.0000000E+0,-7.0000000E-7,-7.0000000E-7,-2.0140000E-4,6.4970310E-2,-5.0014000E+1,2.4000000E-2,2.4000000E-2,1.9800000E-2
0.0000000E+0,-9.0000000E-7,-3.0000000E-7,-2.4510000E-4,6.4970310E-2,-5.0014300E+1,2.4000000E-2,2.4000000E-2,1.9800000E-2
0.0000000E+0,3.0000000E-7,-7.0000000E-7,-2.9170000E-4,6.4970310E-2,-5.0014500E+1,2.4000000E-2,2.4000000E-2,1.9800000E-2
0.0000000E+0,3.0000000E-7,0.0000000E+0,-3.4370000E-4,6.4970310E-2,-5.0014500E+1,2.4000000E-2,2.4000000E-2,1.9800000E-2
0.0000000E+0,-7.0000000E-7,5.0000000E-7,-3.9730000E-4,6.4970310E-2,-5.0014300E+1,2.4000000E-2,2.4000000E-2,1.9800000E-2
0.0000000E+0,-4.0000000E-7,-0.0000000E+0,-4.4500000E-4,6.4970310E-2,-5.0014500E+1,2.4000000E-2,2.4000000E-2,1.9800000E-2
0.0000000E+0,0.0000000E+0,5.0000000E-7,-4.9580000E-4,6.4970310E-2,-5.0014400E+1,2.4000000E-2,2.4000000E-2,1.9800000E-2
0.0000000E+0,-5.0000000E-7,3.0000000E-7,-5.4140000E-4,6.4970310E-2,-5.0014200E+1,2.4000000E-2,2.4000000E-2,1.9800000E-2
0.0000000E+0,-3.0000000E-7,6.0000000E-7,-5.9660000E-4,6.4970310E-2,-5.0014600E+1,2.4000000E-2,2.4000000E-2,1.9800000E-2
0.0000000E+0,3.0000000E-7,-8.0000000E-7,-6.3820000E-4,6.4970310E-2,-5.0014100E+1,2.4000000E-2,2.4000000E-2,1.9800000E-2
0.0000000E+0,0.0000000E+0,1.0000000E-7,-6.9940000E-4,6.4970310E-2,-5.0014100E+1,2.4000000E-2,2.4000000E-2,1.9800000E-2
0.0000000E+0,-9.0000000E-7,-1.0000000E-7,-7.4110000E-4,6.4970310E-2,-5.0014300E+1,2.4000000E-2,2.4000000E-2,1.9800000E-2
0.0000000E+0,-3.0000000E-7,-1.0000000E-7,-7.9430000E-4,6.4970310E-2,-5.0014500E+1,2.4000000E-2,2.4000000E-2,1.9800000E-2
0.0000000E+0,0.0000000E+0,4.0000000E-7,-8.4350000E-4,6.4970310E-2,-5.0014300E+1,2.4000000E-2,2.4000000E-2,1.9800000E-2
0.0000000E+0,-1.0000000E-7,2.0000000E-7,-8.9930000E-4,6.4970310E-2,-5.0014300E+1,2.4000000E-2,2.4000000E-2,1.9800000E-2
0.0000000E+0,2.0000000E-7,3.0000000E-7,-9.4590000E-4,6.4970310E-2,-5.0014300E+1,2.4000000E-2,2.4000000E-2,1.9800000E-2
0.0000000E+0,-8.0000000E-7,4.0000000E-7,-9.9480000E-4,6.4970310E-2,-5.0014500E+1,2.4000000E-2,2.4000000E-2,1.9800000E-2
0.0000000E+0,3.0000000E-7,3.0000000E-7,-1.0423000E-3,6.4970310E-2,-5.0014300E+1,2.4000000E-2,2.4000000E-2,1.9800000E-2
0.0000000E+0,-2.0000000E-7,-5.0000000E-7,-1.0970000E-3,6.4970310E-2,-5.0014300E+1,2.4000000E-2,2.4000000E-2,1.9800000E-2
0.0000000E+0,-4.0000000E-7,-1.0000000E-7,-1.1537000E-3,6.4970310E-2,-5.0014700E+1,2.4000000E-2,2.4000000E-2,1.9800000E-2
0.0000000E+0,-2.0000000E-7,1.0000000E-7,-1.1881000E-3,6.4970310E-2,-5.0014500E+1,2.4000000E-2,2.4000000E-2,1.9800000E-2
0.0000000E+0,5.0000000E-7,4.0000000E-7,-1.2397000E-3,6.4970310E-2,-5.0014200E+1,2.4000000E-2,2.4000000E-2,1.9800000E-2
0.0000000E+0,7.0000000E-7,1.0000000E-7,-1.2975000E-3,6.4970310E-2,-5.0014300E+1,2.4000000E-2,2.4000000E-2,1.9800000E-2
0.0000000E+0,-1.9000000E-6,-9.0000000E-7,-1.3485000E-3,6.4970310E-2,-5.0014400E+1,2.4000000E-2,2.4000000E-2,1.9800000E-2
0.0000000E+0,-1.0000000E-6,-1.0000000E-6,-1.3991000E-3,6.4970310E-2,-5.0014000E+1,2.4000000E-2,2.4000000E-2,1.9800000E-2
0.0000000E+0,-1.0000000E-7,-7.0000000E-7,-1.4438000E-3,6.4970310E-2,-5.0014600E+1,2.4000000E-2,2.4000000E-2,1.9800000E-2
0.0000000E+0,-3.0000000E-7,3.0000000E-7,-1.4861000E-3,6.4970310E-2,-5.0014600E+1,2.4000000E-2,2.4000000E-2,1.9800000E-2
0.0000000E+0,-5.0000000E-7,1.0000000E-7,-1.5427000E-3,6.4970310E-2,-5.0014300E+1,2.4000000E-2,2.4000000E-2,1.9800000E-2
0.0000000E+0,-3.0000000E-7,1.0000000E-7,-1.5863000E-3,6.4970310E-2,-5.0014100E+1,2.4000000E-2,2.4000000E-2,1.9800000E-2
0.0000000E+0,9.0000000E-7,-4.0000000E-7,-1.6388000E-3,6.4970310E-2,-5.0014100E+1,2.4000000E-2,2.4000000E-2,1.9800000E-2
0.0000000E+0,-1.0000000E-7,2.0000000E-7,-1.6945000E-3,6.4970310E-2,-5.0014600E+1,2.4000000E-2,2.4000000E-2,1.9800000E-2
0.0000000E+0,-8.0000000E-7,-7.0000000E-7,-1.7479000E-3,6.4970310E-2,-5.0014200E+1,2.4000000E-2,2.4000000E-2,1.9800000E-2
0.0000000E+0,9.0000000E-7,4.0000000E-7,-1.8011000E-3,6.4970310E-2,-5.0013900E+1,2.4000000E-2,2.4000000E-2,1.9800000E-2
0.0000000E+0,-7.0000000E-7,-4.0000000E-7,-1.8336000E-3,6.4970310E-2,-5.0014600E+1,2.4000000E-2,2.4000000E-2,1.9800000E-2
0.0000000E+0,-2.0000000E-7,-3.0000000E-7,-1.8888000E-3,6.4970310E-2,-5.0014500E+1,2.4000000E-2,2.4000000E-2,1.9800000E-2
0.0000000E+0,5.0000000E-7,-2.0000000E-7,-1.9491000E-3,6.4970310E-2,-5.0014400E+1,2.4000000E-2,2.4000000E-2,1.9800000E-2
0.0000000E+0,3.0000000E-7,-7.0000000E-7,-1.9970000E-3,6.4970310E-2,-5.0014200E+1,2.4000000E-2,2.4000000E-2,1.9800000E-2
0.0000000E+0,-1.0000000E-7,-2.0000000E-7,-2.0450000E-3,6.4970310E-2,-5.0013900E+1,2.4000000E-2,2.4000000E-2,1.9800000E-2
0.0000000E+0,-2.0000000E-7,-7.0000000E-7,-2.0900000E-3,6.4970310E-2,-5.0014700E+1,2.4000000E-2,2.4000000E-2,1.9800000E-2
0.0000000E+0,0.0000000E+0,4.0000000E-7,-2.1432000E-3,6.4970310E-2,-5.0014100E+1,2.4000000E-2,2.4000000E-2,1.9800000E-2
0.0000000E+0,1.0000000E-6,4.0000000E-7,-2.1982000E-3,6.4970310E-2,-5.0014000E+1,2.4000000E-2,2.4000000E-2,1.9800000E-2
0.0000000E+0,-3.0000000E-7,-3.0000000E-7,-2.2429000E-3,6.4970310E-2,-5.0014100E+1,2.4000000E-2,2.4000000E-2,1.9800000E-2
0.0000000E+0,5.0000000E-7,6.0000000E-7,-2.2937000E-3,6.4970310E-2,-5.0013900E+1,2.4000000E-2,2.4000000E-2,1.9800000E-2
0.0000000E+0,1.0000000E-7,5.0000000E-7,-2.3407000E-3,6.4970310E-2,-5.0014000E+1,2.4000000E-2,2.4000000E-2,1.9800000E-2
0.0000000E+0,-1.0000000E-7,-0.0000000E+0,-2.3970000E-3,6.4970310E-2,-5.0014500E+1,2.4000000E-2,2.4000000E-2,1.9800000E-2
0.0000000E+0,-0.0000000E+0,-0.0000000E+0,-2.4453000E-3,6.4970310E-2,-5.0014300E+1,2.4000000E-2,2.4000000E-2,1.9800000E-2
0.0000000E+0,-4.0000000E-7,-1.0000000E-7,-2.4911000E-3,6.4970310E-2,-5.0014400E+1,2.4000000E-2,2.4000000E-2,1.9800000E-2
0.0000000E+0,1.0000000E-7,-1.0000000E-7,-2.5461000E-3,6.4970310E-2,-5.0014500E+1,2.4000000E-2,2.4000000E-2,1.9800000E-2
0.0000000E+0,-1.4000000E-6,2.0000000E-7,-2.5951000E-3,6.4970310E-2,-5.0014100E+1,2.4000000E-2,2.4000000E-2,1.9800000E-2
0.0000000E+0,-8.0000000E-7,-5.0000000E-7,-2.6425000E-3,6.4970310E-2,-5.0013900E+1,2.4000000E-2,2.4000000E-2,1.9800000E-2
0.0000000E+0,6.0000000E-7,-6.0000000E-7,-2.6955000E-3,6.4970310E-2,-5.0014000E+1,2.4000000E-2,2.4000000E-2,1.9800000E-2
0.0000000E+0,-5.0000000E-7,-6.0000000E-7,-2.7475000E-3,6.4970310E-2,-5.0014300E+1,2.4000000E-2,2.4000000E-2,1.9800000E-2
0.0000000E+0,1.0000000E-7,1.1000000E-6,-2.8018000E-3,6.4970310E-2,-5.0014400E+1,2.4000000E-2,2.4000000E-2,1.9800000E-2
0.0000000E+0,5.0000000E-7,9.0000000E-7,-2.8457000E-3,6.4970310E-2,-5.0014200E+1,2.4000000E-2,2.4000000E-2,1.9800000E-2
0.0000000E+0,-3.0000000E-7,-3.0000000E-7,-2.8963000E-3,6.4970310E-2,-5.0014500E+1,2.4000000E-2,2.4000000E-2,1.9800000E-2
0.0000000E+0,-5.0000000E-7,-1.0000000E-7,-2.9430000E-3,6.4970310E-2,-5.0014300E+1,2.4000000E-2,2.4000000E-2,1.9800000E-2
0.0000000E+0,-1.0000000E-7,-3.0000000E-7,-2.9891000E-3,6.4970310E-2,-5.0014400E+1,2.4000000E-2,2.4000000E-2,1.9800000E-2
0.0000000E+0,5.0000000E-7,2.0000000E-7,-3.0479000E-3,6.4970310E-2,-5.0014100E+1,2.4000000E-2,2.4000000E-2,1.9800000E-2
0.0000000E+0,-1.0000000E-7,1.0000000E-7,-3.0957000E-3,6.4970310E-2,-5.0013800E+1,2.4000000E-2,2.4000000E-2,1.9800000E-2
0.0000000E+0,-6.0000000E-7,-3.0000000E-7,-3.1478000E-3,6.4970310E-2,-5.0013900E+1,2.4000000E-2,2.4000000E-2,1.9800000E-2
0.0000000E+0,-1.0000000E-7,-8.0000000E-7,-3.1945000E-3,6.4970310E-2,-5.0014100E+1,2.4000000E-2,2.4000000E-2,1.9800000E-2
0.0000000E+0,6.0000000E-7,5.0000000E-7,-3.2429000E-3,6.4970310E-2,-5.0014200E+1,2.4000000E-2,2.4000000E-2,1.9800000E-2
0.0000000E+0,1.0000000E-7,7.0000000E-7,-3.2978000E-3,6.4970310E-2,-5.0014200E+1,2.4000000E-2,2.4000000E-2,1.9800000E-2
0.0000000E+0,4.0000000E-7,-1.0000000E-7,-3.3408000E-3,6.4970310E-2,-5.0014300E+1,2.4000000E-2,2.4000000E-2,1.9800000E-2
0.0000000E+0,-1.0000000E-7,-6.0000000E-7,-3.3982000E-3,6.4970310E-2,-5.0014000E+1,2.4000000E-2,2.4000000E-2,1.9800000E-2
0.0000000E+0,7.0000000E-7,-2.0000000E-7,-3.4467000E-3,6.4970310E-2,-5.0013700E+1,2.4000000E-2,2.4000000E-2,1.9800000E-2
0.0000000E+0,-8.0000000E-7,-6.0000000E-7,-3.4975000E-3,6.4970310E-2,-5.0013700E+1,2.4000000E-2,2.4000000E-2,1.9800000E-2
0.0000000E+0,-0.0000000E+0,1.2000000E-6,-3.5438000E-3,6.4970310E-2,-5.0014300E+1,2.4000000E-2,2.4000000E-2,1.9800000E-2
0.0000000E+0,4.0000000E-7,3.0000000E-7,-3.5904000E-3,6.4970310E-2,-5.0013900E+1,2.4000000E-2,2.4000000E-2,1.9800000E-2
0.0000000E+0,-3.0000000E-7,-9.0000000E-7,-3.6449000E-3,6.4970310E-2,-5.0014300E+1,2.4000000E-2,2.4000000E-2,1.9800000E-2
0.0000000E+0,-9.0000000E-7,5.0000000E-7,-3.6945000E-3,6.4970310E-2,-5.0014200E+1,2.4000000E-2,2.4000000E-2,1.9800000E-2
0.0000000E+0,-1.3000000E-6,4.0000000E-7,-3.7462000E-3,6.4970310E-2,-5.0014400E+1,2.4000000E-2,2.4000000E-2,1.9800000E-2
0.0000000E+0,2.0000000E-7,2.0000000E-7,-3.8015000E-3,6.4970310E-2,-5.0014400E+1,2.4000000E-2,2.4000000E-2,1.9800000E-2
0.0000000E+0,-3.0000000E-7,-3.0000000E-7,-3.8428000E-3,6.4970310E-2,-5.0014300E+1,2.4000000E-2,2.4000000E-2,1.9800000E-2
0.0000000E+0,4.0000000E-7,-0.0000000E+0,-3.8986000E-3,6.4970310E-2,-5.0014100E+1,2.4000000E-2,2.4000000E-2,1.9800000E-2
0.0000000E+0,2.0000000E-7,-2.0000000E-7,-3.9480000E-3,6.4970310E-2,-5.0014400E+1,2.4000000E-2,2.4000000E-2,1.9800000E-2
0.0000000E+0,-1.0000000E-7,-2.0000000E-7,-4.0001000E-3,6.4970310E-2,-5.0014300E+1,2.4000000E-2,2.4000000E-2,1.9800000E-2
0.0000000E+0,-4.0000000E-7,-1.0000000E-7,-4.0385000E-3,6.4970310E-2,-5.0014300E+1,2.4000000E-2,2.4000000E-2,1.9800000E-2
0.0000000E+0,-4.0000000E-7,6.0000000E-7,-4.0983000E-3,6.4970310E-2,-5.0014300E+1,2.4000000E-2,2.4000000E-2,1.9800000E-2
0.0000000E+0,-6.0000000E-7,1.0000000E-7,-4.1442000E-3,6.4970310E-2,-5.0014400E+1,2.4000000E-2,2.4000000E-2,1.9800000E-2
0.0000000E+0,2.0000000E-7,3.0000000E-7,-4.1925000E-3,6.4970310E-2,-5.0014100E+1,2.4000000E-2,2.4000000E-2,1.9800000E-2
0.0000000E+0,-5.0000000E-7,3.0000000E-7,-4.2459000E-3,6.4970310E-2,-5.0014000E+1,2.4000000E-2,2.4000000E-2,1.9800000E-2
0.0000000E+0,1.0000000E-7,3.0000000E-7,-4.2900000E-3,6.4970310E-2,-5.0014100E+1,2.4000000E-2,2.4000000E-2,1.9800000E-2
0.0000000E+0,3.0000000E-7,1.0000000E-7,-4.3452000E-3,6.4970310E-2,-5.0014000E+1,2.4000000E-2,2.4000000E-2,1.9800000E-2
0.0000000E+0,5.0000000E-7,5.0000000E-7,-4.3928000E-3,6.4970310E-2,-5.0014000E+1,2.4000000E-2,2.4000000E-2,1.9800000E-2
0.0000000E+0,6.0000000E-7,-5.0000000E-7,-4.4431000E-3,6.4970310E-2,-5.0014300E+1,2.4000000E-2,2.4000000E-2,1.9800000E-2
0.0000000E+0,2.0000000E-7,-2.0000000E-7,-4.4985000E-3,6.4970310E-2,-5.0013900E+1,2.4000000E-2,2.4000000E-2,1.9800000E-2
0.0000000E+0,1.0000000E-7,6.0000000E-7,-4.5415000E-3,6.4970310E-2,-5.0014100E+1,2.4000000E-2,2.4000000E-2,1.9800000E-2
0.0000000E+0,-7.0000000E-7,-3.0000000E-7,-4.5962000E-3,6.4970310E-2,-5.0013900E+1,2.4000000E-2,2.4000000E-2,1.9800000E-2
0.0000000E+0,-0.0000000E+0,4.0000000E-7,-4.6424000E-3,6.4970310E-2,-5.0014000E+1,2.4000000E-2,2.4000000E-2,1.9800000E-2
0.0000000E+0,-1.0000000E-7,-4.0000000E-7,-4.6995000E-3,6.4970310E-2,-5.0013900E+1,2.4000000E-2,2.4000000E-2,1.9800000E-2
0.0000000E+0,1.0000000E-6,-1.1000000E-6,-4.7460000E-3,6.4970310E-2,-5.0013900E+1,2.4000000E-2,2.4000000E-2,1.9800000E-2
0.0000000E+0,1.0000000E-7,6.0000000E-7,-4.7955000E-3,6.4970310E-2,-5.0014100E+1,2.4000000E-2,2.4000000E-2,1.9800000E-2
0.0000000E+0,-1.3000000E-6,-8.0000000E-7,-4.8460000E-3,6.4970310E-2,-5.0014000E+1,2.4000000E-2,2.4000000E-2,1.9800000E-2
0.0000000E+0,-4.0000000E-7,-4.0000000E-7,-4.8956000E-3,6.4970310E-2,-5.0013600E+1,2.4000000E-2,2.4000000E-2,1.9800000E-2
0.0000000E+0,4.0000000E-7,-6.0000000E-7,-4.9473000E-3,6.4970310E-2,-5.0014000E+1,2.4000000E-2,2.4000000E-2,1.9800000E-2
0.0000000E+0,1.0000000E-7,-5.0000000E-7,-4.9941000E-3,6.4970310E-2,-5.0013800E+1,2.4000000E-2,2.4000000E-2,1.9800000E-2
0.0000000E+0,-0.0000000E+0,2.0000000E-7,-5.0428000E-3,6.4970310E-2,-5.0014000E+1,2.4000000E-2,2.4000000E-2,1.9800000E-2
0.0000000E+0,0.0000000E+0,-5.0000000E-7,-5.0971000E-3,6.4970310E-2,-5.0013600E+1,2.4000000E-2,2.4000000E-2,1.9800000E-2
0.0000000E+0,0.0000000E+0,-1.0000000E-7,-5.1430000E-3,6.4970310E-2,-5.0013900E+1,2.4000000E-2,2.4000000E-2,1.9800000E-2
0.0000000E+0,-5.0000000E-7,-7.0000000E-7,-5.1919000E-3,6.4970310E-2,-5.0013900E+1,2.4000000E-2,2.4000000E-2,1.9800000E-2
0.0000000E+0,-5.0000000E-7,-7.0000000E-7,-5.2440000E-3,6.4970310E-2,-5.0014000E+1,2.4000000E-2,2.4000000E-2,1.9800000E-2
0.0000000E+0,2.0000000E-7,-2.0000000E-7,-5.2961000E-3,6.4970310E-2,-5.0013500E+1,2.4000000E-2,2.4000000E-2,1.9800000E-2
0.0000000E+0,1.0000000E-7,-4.0000000E-7,-5.3457000E-3,6.4970310E-2,-5.0014100E+1,2.4000000E-2,2.4000000E-2,1.9800000E-2
0.0000000E+0,4.0000000E-7,-0.0000000E+0,-5.3960000E-3,6.4970310E-2,-5.0014000E+1,2.4000000E-2,2.4000000E-2,1.9800000E-2
0.0000000E+0,-8.0000000E-7,4.0000000E-7,-5.4375000E-3,6.4970310E-2,-5.0013600E+1,2.4000000E-2,2.4000000E-2,1.9800000E-2
0.0000000E+0,9.0000000E-7,0.0000000E+0,-5.4960000E-3,6.4970310E-2,-5.0014100E+1,2.4000000E-2,2.4000000E-2,1.9800000E-2
0.0000000E+0,-1.0000000E-7,3.0000000E-7,-5.5496000E-3,6.4970310E-2,-5.0014100E+1,2.4000000E-2,2.4000000E-2,1.9800000E-2
0.0000000E+0,5.0000000E-7,3.0000000E-7,-5.5937000E-3,6.4970310E-2,-5.0014000E+1,2.4000000E-2,2.4000000E-2,1.9800000E-2
0.0000000E+0,-3.0000000E-7,-0.0000000E+0,-5.6493000E-3,6.4970310E-2,-5.0014200E+1,2.4000000E-2,2.4000000E-2,1.9800000E-2
0.0000000E+0,-7.0000000E-7,-1.0000000E-7,-5.6888000E-3,6.4970310E-2,-5.0013900E+1,2.4000000E-2,2.4000000E-2,1.9800000E-2
0.0000000E+0,2.0000000E-7,5.0000000E-7,-5.7522000E-3,6.4970310E-2,-5.0013700E+1,2.4000000E-2,2.4000000E-2,1.9800000E-2
0.0000000E+0,-1.0000000E-7,3.0000000E-7,-5.7983000E-3,6.4970310E-2,-5.0013800E+1,2.4000000E-2,2.4000000E-2,1.9800000E-2
0.0000000E+0,-4.0000000E-7,4.0000000E-7,-5.8455000E-3,6.4970310E-2,-5.0014100E+1,2.4000000E-2,2.4000000E-2,1.9800000E-2
0.0000000E+0,-6.0000000E-7,-3.0000000E-7,-5.8956000E-3,6.4970310E-2,-5.0014300E+1,2.4000000E-2,2.4000000E-2,1.9800000E-2
0.0000000E+0,-4.0000000E-7,2.0000000E-7,-5.9364000E-3,6.4970310E-2,-5.0014100E+1,2.4000000E-2,2.4000000E-2,1.9800000E-2
0.0000000E+0,-4.0000000E-7,-0.0000000E+0,-5.9911000E-3,6.4970310E-2,-5.0013800E+1,2.4000000E-2,2.4000000E-2,1.9800000E-2
0.0000000E+0,8.0000000E-7,3.0000000E-7,-6.0367000E-3,6.4970310E-2,-5.0013900E+1,2.4000000E-2,2.4000000E-2,1.9800000E-2
0.0000000E+0,1.3000000E-6,6.0000000E-7,-6.0908000E-3,6.4970310E-2,-5.0013800E+1,2.4000000E-2,2.4000000E-2,1.9800000E-2
0.0000000E+0,-3.0000000E-7,1.1000000E-6,-6.1396000E-3,6.4970310E-2,-5.0013900E+1,2.4000000E-2,2.4000000E-2,1.9800000E-2
0.0000000E+0,-3.0000000E-7,8.0000000E-7,-6.1959000E-3,6.4970310E-2,-5.0014300E+1,2.4000000E-2,2.4000000E-2,1.9800000E-2
0.0000000E+0,1.0000000E-7,7.0000000E-7,-6.2502000E-3,6.4970310E-2,-5.0013800E+1,2.4000000E-2,2.4000000E-2,1.9800000E-2
0.0000000E+0,-1.0000000E-7,-6.0000000E-7,-6.2781000E-3,6.4970310E-2,-5.0013900E+1,2.4000000E-2,2.4000000E-2,1.9800000E-2
0.0000000E+0,5.0000000E-7,3.0000000E-7,-6.3401000E-3,6.4970310E-2,-5.0013800E+1,2.4000000E-2,2.4000000E-2,1.9800000E-2
0.0000000E+0,8.0000000E-7,-1.0000000E-7,-6.3913000E-3,6.4970310E-2,-5.0013800E+1,2.4000000E-2,2.4000000E-2,1.9800000E-2
0.0000000E+0,2.0000000E-7,2.0000000E-7,-6.4438000E-3,6.4970310E-2,-5.0013600E+1,2.4000000E-2,2.4000000E-2,1.9800000E-2
0.0000000E+0,4.0000000E-7,7.0000000E-7,-6.4950000E-3,6.4970310E-2,-5.0013500E+1,2.4000000E-2,2.4000000E-2,1.9800000E-2
0.0000000E+0,-6.0000000E-7,5.0000000E-7,-6.5464000E-3,6.4970310E-2,-5.0014100E+1,2.4000000E-2,2.4000000E-2,1.9800000E-2
0.0000000E+0,-3.0000000E-7,-1.0000000E-7,-6.5906000E-3,6.4970310E-2,-5.0013600E+1,2.4000000E-2,2.4000000E-2,1.9800000E-2
0.0000000E+0,-0.0000000E+0,7.0000000E-7,-6.6397000E-3,6.4970310E-2,-5.0013600E+1,2.4000000E-2,2.4000000E-2,1.9800000E-2
0.0000000E+0,-3.0000000E-7,-7.0000000E-7,-6.7067000E-3,6.4970310E-2,-5.0013500E+1,2.4000000E-2,2.4000000E-2,1.9800000E-2
0.0000000E+0,-1.0000000E-6,3.0000000E-7,-6.7302000E-3,6.4970310E-2,-5.0014100E+1,2.4000000E-2,2.4000000E-2,1.9800000E-2
0.0000000E+0,5.0000000E-7,-1.0000000E-7,-6.7955000E-3,6.4970310E-2,-5.0013900E+1,2.4000000E-2,2.4000000E-2,1.9800000E-2
0.0000000E+0,-1.1000000E-6,-6.0000000E-7,-6.8385000E-3,6.4970310E-2,-5.0013800E+1,2.4000000E-2,2.4000000E-2,1.9800000E-2
0.0000000E+0,2.0000000E-7,-5.0000000E-7,-6.8857000E-3,6.4970310E-2,-5.0014200E+1,2.4000000E-2,2.4000000E-2,1.9800000E-2
0.0000000E+0,7.0000000E-7,2.0000000E-7,-6.9482000E-3,6.4970310E-2,-5.0013500E+1,2.4000000E-2,2.4000000E-2,1.9800000E-2
0.0000000E+0,8.0000000E-7,3.0000000E-7,-6.9899000E-3,6.4970310E-2,-5.0013800E+1,2.4000000E-2,2.4000000E-2,1.9800000E-2
0.0000000E+0,1.0000000E-7,-5.0000000E-7,-7.0313000E-3,6.4970310E-2,-5.0013900E+1,2.4000000E-2,2.4000000E-2,1.9800000E-2
0.0000000E+0,2.0000000E-7,-0.0000000E+0,-7.1013000E-3,6.4970310E-2,-5.0014300E+1,2.4000000E-2,2.4000000E-2,1.9800000E-2
0.0000000E+0,7.0000000E-7,-1.0000000E-7,-7.1550000E-3,6.4970310E-2,-5.0014200E+1,2.4000000E-2,2.4000000E-2,1.9800000E-2
0.0000000E+0,5.0000000E-7,2.0000000E-7,-7.2057000E-3,6.4970310E-2,-5.0013900E+1,2.4000000E-2,2.4000000E-2,1.9800000E-2
0.0000000E+0,4.0000000E-7,-3.0000000E-7,-7.2064000E-3,6.4970310E-2,-5.0013800E+1,2.4000000E-2,2.4000000E-2,1.9800000E-2
0.0000000E+0,-3.0000000E-7,-3.0000000E-7,-7.2953000E-3,6.4970310E-2,-5.0014100E+1,2.4000000E-2,2.4000000E-2,1.9800000E-2
0.0000000E+0,1.6000000E-6,-1.0000000E-7,-7.3010000E-3,6.4970310E-2,-5.0014300E+1,2.4000000E-2,2.4000000E-2,1.9800000E-2
0.0000000E+0,2.0000000E-7,-4.0000000E-7,-7.3640000E-3,6.4970310E-2,-5.0014400E+1,2.4000000E-2,2.4000000E-2,1.9800000E-2
0.0000000E+0,-5.0000000E-7,1.0000000E-7,-7.4519000E-3,6.4970310E-2,-5.0013700E+1,2.4000000E-2,2.4000000E-2,1.9800000E-2
0.0000000E+0,0.0000000E+0,-1.0000000E-7,-7.5138000E-3,6.4970310E-2,-5.0013900E+1,2.4000000E-2,2.4000000E-2,1.9800000E-2
0.0000000E+0,-5.0000000E-7,-4.0000000E-7,-7.5120000E-3,6.4970310E-2,-5.0013600E+1,2.4000000E-2,2.4000000E-2,1.9800000E-2
0.0000000E+0,2.0000000E-7,-1.0000000E-6,-7.5776000E-3,6.4970310E-2,-5.0013900E+1,2.4000000E-2,2.4000000E-2,1.9800000E-2
0.0000000E+0,4.0000000E-7,-0.0000000E+0,-7.6168000E-3,6.4970310E-2,-5.0014000E+1,2.4000000E-2,2.4000000E-2,1.9800000E-2
0.0000000E+0,-4.0000000E-7,-1.0000000E-6,-7.7073000E-3,6.4970310E-2,-5.0013700E+1,2.4000000E-2,2.4000000E-2,1.9800000E-2
0.0000000E+0,-3.0000000E-7,0.0000000E+0,-7.7077000E-3,6.4970310E-2,-5.0013400E+1,2.4000000E-2,2.4000000E-2,1.9800000E-2
0.0000000E+0,4.0000000E-7,6.0000000E-7,-7.7784000E-3,6.4970310E-2,-5.0014100E+1,2.4000000E-2,2.4000000E-2,1.9800000E-2
0.0000000E+0,1.0000000E-7,-4.0000000E-7,-7.8369000E-3,6.4970310E-2,-5.0014000E+1,2.4000000E-2,2.4000000E-2,1.9800000E-2
0.0000000E+0,4.0000000E-7,5.0000000E-7,-7.8930000E-3,6.4970310E-2,-5.0013700E+1,2.4000000E-2,2.4000000E-2,1.9800000E-2
0.0000000E+0,5.0000000E-7,1.0000000E-7,-7.9189000E-3,6.4970310E-2,-5.0013800E+1,2.4000000E-2,2.4000000E-2,1.9800000E-2
0.0000000E+0,1.0000000E-7,2.0000000E-7,-8.0058000E-3,6.4970310E-2,-5.0013900E+1,2.4000000E-2,2.4000000E-2,1.9800000E-2
0.0000000E+0,-3.0000000E-7,-7.0000000E-7,-7.9962000E-3,6.4970310E-2,-5.0013800E+1,2.4000000E-2,2.4000000E-2,1.9800000E-2
0.0000000E+0,1.3000000E-6,5.0000000E-7,-8.0922000E-3,6.4970310E-2,-5.0014200E+1,2.4000000E-2,2.4000000E-2,1.9800000E-2
0.0000000E+0,-5.0000000E-7,-7.0000000E-7,-8.0698000E-3,6.4970310E-2,-5.0014100E+1,2.4000000E-2,2.4000000E-2,1.9800000E-2
0.0000000E+0,4.0000000E-7,-3.0000000E-7,-8.1963000E-3,6.4970310E-2,-5.0014000E+1,2.4000000E-2,2.4000000E-2,1.9800000E-2
0.0000000E+0,-1.0000000E-6,1.0000000E-7,-8.2655000E-3,6.4970310E-2,-5.0013900E+1,2.4000000E-2,2.4000000E-2,1.9800000E-2
0.0000000E+0,-9.0000000E-7,-3.0000000E-7,-8.2923000E-3,6.4970310E-2,-5.0014200E+1,2.4000000E-2,2.4000000E-2,1.9800000E-2
0.0000000E+0,-5.0000000E-7,3.0000000E-7,-8.3118000E-3,6.4970310E-2,-5.0014200E+1,2.4000000E-2,2.4000000E-2,1.9800000E-2
0.0000000E+0,5.0000000E-7,1.0000000E-7,-8.4209000E-3,6.4970310E-2,-5.0014400E+1,2.4000000E-2,2.4000000E-2,1.9800000E-2
0.0000000E+0,-5.0000000E-7,2.0000000E-7,-8.4596000E-3,6.4970310E-2,-5.0014500E+1,2.4000000E-2,2.4000000E-2,1.9800000E-2
0.0000000E+0,3.0000000E-7,3.0000000E-7,-8.5489000E-3,6.4970310E-2,-5.0014300E+1,2.4000000E-2,2.4000000E-2,1.9800000E-2
0.0000000E+0,7.0000000E-7,4.0000000E-7,-8.5157000E-3,6.4970310E-2,-5.0013800E+1,2.4000000E-2,2.4000000E-2,1.9800000E-2
0.0000000E+0,-3.0000000E-7,1.0000000E-6,-8.5873000E-3,6.4970310E-2,-5.0013800E+1,2.4000000E-2,2.4000000E-2,1.9800000E-2
0.0000000E+0,6.0000000E-7,-3.0000000E-7,-8.6595000E-3,6.4970310E-2,-5.0013700E+1,2.4000000E-2,2.4000000E-2,1.9800000E-2
0.0000000E+0,9.0000000E-7,1.0000000E-7,-8.6688000E-3,6.4970310E-2,-5.0013800E+1,2.4000000E-2,2.4000000E-2,1.9800000E-2
0.0000000E+0,-3.0000000E-7,1.0000000E-7,-8.7395000E-3,6.4970310E-2,-5.0014100E+1,2.4000000E-2,2.4000000E-2,1.9800000E-2
0.0000000E+0,-7.0000000E-7,2.0000000E-7,-8.7178000E-3,6.4970310E-2,-5.0014100E+1,2.4000000E-2,2.4000000E-2,1.9800000E-2
0.0000000E+0,-4.0000000E-7,4.0000000E-7,-8.8565000E-3,6.4970310E-2,-5.0013900E+1,2.4000000E-2,2.4000000E-2,1.9800000E-2
0.0000000E+0,2.0000000E-7,2.0000000E-7,-8.9073000E-3,6.4970310E-2,-5.0013900E+1,2.4000000E-2,2.4000000E-2,1.9800000E-2
0.0000000E+0,8.0000000E-7,-6.0000000E-7,-8.9398000E-3,6.4970310E-2,-5.0014400E+1,2.4000000E-2,2.4000000E-2,1.9800000E-2
0.0000000E+0,6.0000000E-7,-1.0000000E-7,-8.9383000E-3,6.4970310E-2,-5.0014200E+1,2.4000000E-2,2.4000000E-2,1.9800000E-2
0.0000000E+0,0.0000000E+0,0.0000000E+0,-9.0823000E-3,6.4970310E-2,-5.0014100E+1,2.4000000E-2,2.4000000E-2,1.9800000E-2
0.0000000E+0,-1.0000000E-7,5.0000000E-7,-9.0983000E-3,6.4970310E-2,-5.0014200E+1,2.4000000E-2,2.4000000E-2,1.9800000E-2
0.0000000E+0,-5.0000000E-7,-1.0000000E-7,-9.1054000E-3,6.4970310E-2,-5.0013900E+1,2.4000000E-2,2.4000000E-2,1.9800000E-2
0.0000000E+0,3.0000000E-7,0.0000000E+0,-9.1852000E-3,6.4970310E-2,-5.0014300E+1,2.4000000E-2,2.4000000E-2,1.9800000E-2
0.0000000E+0,1.0000000E-7,-0.0000000E+0,-9.1573000E-3,6.4970310E-2,-5.0014200E+1,2.4000000E-2,2.4000000E-2,1.9800000E-2
0.0000000E+0,1.0000000E-7,-5.0000000E-7,-9.3492000E-3,6.4970310E-2,-5.0014200E+1,2.4000000E-2,2.4000000E-2,1.9800000E-2
0.0000000E+0,-4.0000000E-7,-6.0000000E-7,-9.2251000E-3,6.4970310E-2,-5.0013900E+1,2.4000000E-2,2.4000000E-2,1.9800000E-2
0.0000000E+0,-3.0000000E-7,-1.0000000E-6,-9.4598000E-3,6.4970310E-2,-5.0014300E+1,2.4000000E-2,2.4000000E-2,1.9800000E-2
0.0000000E+0,3.0000000E-7,-2.0000000E-7,-9.4651000E-3,6.4970310E-2,-5.0014100E+1,2.4000000E-2,2.4000000E-2,1.9800000E-2
0.0000000E+0,-9.0000000E-7,-1.0000000E-7,-9.6475000E-3,6.4970310E-2,-5.0014600E+1,2.4000000E-2,2.4000000E-2,1.9800000E-2
0.0000000E+0,4.0000000E-7,6.0000000E-7,-9.5176000E-3,6.4970310E-2,-5.0014300E+1,2.4000000E-2,2.4000000E-2,1.9800000E-2
0.0000000E+0,6.0000000E-7,-4.0000000E-7,-9.6820000E-3,6.4970310E-2,-5.0014500E+1,2.4000000E-2,2.4000000E-2,1.9800000E-2
0.0000000E+0,-6.0000000E-7,-4.0000000E-7,-9.7454000E-3,6.4970310E-2,-5.0014700E+1,2.4000000E-2,2.4000000E-2,1.9800000E-2
0.0000000E+0,3.0000000E-7,-6.0000000E-7,-9.7851000E-3,6.4970310E-2,-5.0014300E+1,2.4000000E-2,2.4000000E-2,1.9800000E-2
0.0000000E+0,1.0000000E-7,-0.0000000E+0,-9.6523000E-3,6.4970310E-2,-5.0014200E+1,2.4000000E-2,2.4000000E-2,1.9800000E-2
0.0000000E+0,4.0000000E-7,-1.0000000E-7,-9.9108000E-3,6.4970310E-2,-5.0014100E+1,2.4000000E-2,2.4000000E-2,1.9800000E-2
0.0000000E+0,-1.0000000E-7,1.0000000E-7,-9.7731000E-3,6.4970310E-2,-5.0014200E+1,2.4000000E-2,2.4000000E-2,1.9800000E-2
0.0000000E+0,6.0000000E-7,-3.0000000E-7,-1.0014500E-2,6.4970310E-2,-5.0014000E+1,2.4000000E-2,2.4000000E-2,1.9800000E-2
0.0000000E+0,-0.0000000E+0,6.0000000E-7,-1.0102400E-2,6.4970310E-2,-5.0014000E+1,2.4000000E-2,2.4000000E-2,1.9800000E-2
0.0000000E+0,-5.0000000E-7,1.0000000E-7,-1.0039100E-2,6.4970310E-2,-5.0014200E+1,2.4000000E-2,2.4000000E-2,1.9800000E-2
0.0000000E+0,1.1000000E-6,1.2000000E-6,-1.0188900E-2,6.4970310E-2,-5.0014000E+1,2.4000000E-2,2.4000000E-2,1.9800000E-2
0.0000000E+0,-1.0000000E-7,2.0000000E-7,-1.0192400E-2,6.4970310E-2,-5.0014200E+1,2.4000000E-2,2.4000000E-2,1.9800000E-2
0.0000000E+0,-3.0000000E-7,4.0000000E-7,-1.0289700E-2,6.4970310E-2,-5.0014300E+1,2.4000000E-2,2.4000000E-2,1.9800000E-2
0.0000000E+0,3.0000000E-7,1.4000000E-6,-1.0326700E-2,6.4970310E-2,-5.0014200E+1,2.4000000E-2,2.4000000E-2,1.9800000E-2
0.0000000E+0,-1.0000000E-7,-3.0000000E-7,-1.0373000E-2,6.4970310E-2,-5.0014000E+1,2.4000000E-2,2.4000000E-2,1.9800000E-2
0.0000000E+0,-5.0000000E-7,5.0000000E-7,-1.0376600E-2,6.4970310E-2,-5.0014500E+1,2.4000000E-2,2.4000000E-2,1.9800000E-2
0.0000000E+0,3.0000000E-7,6.0000000E-7,-1.0287500E-2,6.4970310E-2,-5.0014100E+1,2.4000000E-2,2.4000000E-2,1.9800000E-2
0.0000000E+0,3.0000000E-7,1.0000000E-7,-1.0512400E-2,6.4970310E-2,-5.0014200E+1,2.4000000E-2,2.4000000E-2,1.9800000E-2
0.0000000E+0,-2.0000000E-7,-1.0000000E-7,-1.0516600E-2,6.4970310E-2,-5.0014400E+1,2.4000000E-2,2.4000000E-2,1.9800000E-2
0.0000000E+0,-7.0000000E-7,-4.0000000E-7,-1.0847100E-2,6.4970310E-2,-5.0014500E+1,2.4000000E-2,2.4000000E-2,1.9800000E-2
0.0000000E+0,-0.0000000E+0,-2.0000000E-7,-1.0808900E-2,6.4970310E-2,-5.0013900E+1,2.4000000E-2,2.4000000E-2,1.9800000E-2
0.0000000E+0,-5.0000000E-7,6.0000000E-7,-1.0851100E-2,6.4970310E-2,-5.0014200E+1,2.4000000E-2,2.4000000E-2,1.9800000E-2
0.0000000E+0,-1.0000000E-7,2.0000000E-7,-1.1016100E-2,6.4970310E-2,-5.0014100E+1,2.4000000E-2,2.4000000E-2,1.9800000E-2
0.0000000E+0,5.0000000E-7,5.0000000E-7,-1.1144500E-2,6.4970310E-2,-5.0013900E+1,2.4000000E-2,2.4000000E-2,1.9800000E-2
0.0000000E+0,1.0000000E-6,-4.0000000E-7,-1.1004800E-2,6.4970310E-2,-5.0013900E+1,2.4000000E-2,2.4000000E-2,1.9800000E-2
0.0000000E+0,-0.0000000E+0,-1.0000000E-7,-1.1392700E-2,6.4970310E-2,-5.0013700E+1,2.4000000E-2,2.4000000E-2,1.9800000E-2
0.0000000E+0,7.0000000E-7,-5.0000000E-7,-1.1090800E-2,6.4970310E-2,-5.0013900E+1,2.4000000E-2,2.4000000E-2,1.9800000E-2
0.0000000E+0,-5.0000000E-7,-1.0000000E-7,-1.1442300E-2,6.4970310E-2,-5.0014300E+1,2.4000000E-2,2.4000000E-2,1.9800000E-2
0.0000000E+0,-3.0000000E-7,6.0000000E-7,-1.1319300E-2,6.4970310E-2,-5.0014200E+1,2.4000000E-2,2.4000000E-2,1.9800000E-2
0.0000000E+0,3.0000000E-7,3.0000000E-7,-1.1443900E-2,6.4970310E-2,-5.0014300E+1,2.4000000E-2,2.4000000E-2,1.9800000E-2
0.0000000E+0,4.0000000E-7,5.0000000E-7,-1.1589200E-2,6.4970310E-2,-5.0014400E+1,2.4000000E-2,2.4000000E-2,1.9800000E-2
0.0000000E+0,2.0000000E-7,-1.0000000E-7,-1.1651100E-2,6.4970310E-2,-5.0014200E+1,2.4000000E-2,2.4000000E-2,1.9800000E-2
0.0000000E+0,-0.0000000E+0,8.0000000E-7,-1.1693600E-2,6.4970310E-2,-5.0014400E+1,2.4000000E-2,2.4000000E-2,1.9800000E-2
0.0000000E+0,0.0000000E+0,8.0000000E-7,-1.1835400E-2,6.4970310E-2,-5.0014100E+1,2.4000000E-2,2.4000000E-2,1.9800000E-2
0.0000000E+0,-1.0000000E-7,-5.0000000E-7,-1.1932500E-2,6.4970310E-2,-5.0014200E+1,2.4000000E-2,2.4000000E-2,1.9800000E-2
0.0000000E+0,0.0000000E+0,-1.0000000E-7,-1.1906200E-2,6.4970310E-2,-5.0014700E+1,2.4000000E-2,2.4000000E-2,1.9800000E-2
0.0000000E+0,-3.0000000E-7,6.0000000E-7,-1.1972800E-2,6.4970310E-2,-5.0014200E+1,2.4000000E-2,2.4000000E-2,1.9800000E-2
0.0000000E+0,1.7000000E-6,-4.0000000E-7,-1.2012900E-2,6.4970310E-2,-5.0014600E+1,2.4000000E-2,2.4000000E-2,1.9800000E-2
0.0000000E+0,4.0000000E-7,-5.0000000E-7,-1.2105600E-2,6.4970310E-2,-5.0014100E+1,2.4000000E-2,2.4000000E-2,1.9800000E-2
0.0000000E+0,-8.0000000E-7,5.0000000E-7,-1.2119600E-2,6.4970310E-2,-5.0014400E+1,2.4000000E-2,2.4000000E-2,1.9800000E-2
0.0000000E+0,-2.0000000E-7,4.0000000E-7,-1.2173400E-2,6.4970310E-2,-5.0014300E+1,2.4000000E-2,2.4000000E-2,1.9800000E-2
0.0000000E+0,-6.0000000E-7,-1.0000000E-7,-1.2137500E-2,6.4970310E-2,-5.0014200E+1,2.4000000E-2,2.4000000E-2,1.9800000E-2
0.0000000E+0,1.0000000E-7,-3.0000000E-7,-1.2284900E-2,6.4970310E-2,-5.0014700E+1,2.4000000E-2,2.4000000E-2,1.9800000E-2
0.0000000E+0,6.0000000E-7,9.0000000E-7,-1.2387700E-2,6.4970310E-2,-5.0014300E+1,2.4000000E-2,2.4000000E-2,1.9800000E-2
0.0000000E+0,2.0000000E-7,-7.0000000E-7,-1.2421800E-2,6.4970310E-2,-5.0014200E+1,2.4000000E-2,2.4000000E-2,1.9800000E-2
0.0000000E+0,-1.0000000E-6,-1.0000000E-6,-1.2455100E-2,6.4970310E-2,-5.0014100E+1,2.4000000E-2,2.4000000E-2,1.9800000E-2
0.0000000E+0,-5.0000000E-7,-3.0000000E-7,-1.2479400E-2,6.4970310E-2,-5.0014200E+1,2.4000000E-2,2.4000000E-2,1.9800000E-2
0.0000000E+0,6.0000000E-7,3.0000000E-7,-1.2533700E-2,6.4970310E-2,-5.0014200E+1,2.4000000E-2,2.4000000E-2,1.9800000E-2
0.0000000E+0,-8.0000000E-7,-2.0000000E-7,-1.2569900E-2,6.4970310E-2,-5.0014300E+1,2.4000000E-2,2.4000000E-2,1.9800000E-2
0.0000000E+0,-5.0000000E-7,3.0000000E-7,-1.2636800E-2,6.4970310E-2,-5.0014200E+1,2.4000000E-2,2.4000000E-2,1.9800000E-2
0.0000000E+0,6.0000000E-7,2.0000000E-7,-1.2685300E-2,6.4970310E-2,-5.0014300E+1,2.4000000E-2,2.4000000E-2,1.9800000E-2
0.0000000E+0,-6.0000000E-7,3.0000000E-7,-1.2745800E-2,6.4970310E-2,-5.0013900E+1,2.4000000E-2,2.4000000E-2,1.9800000E-2
0.0000000E+0,-3.0000000E-7,-8.0000000E-7,-1.2781100E-2,6.4970310E-2,-5.0014000E+1,2.4000000E-2,2.4000000E-2,1.9800000E-2
0.0000000E+0,-1.0000000E-7,3.0000000E-7,-1.2826300E-2,6.4970310E-2,-5.0014400E+1,2.4000000E-2,2.4000000E-2,1.9800000E-2
0.0000000E+0,-4.0000000E-7,-3.0000000E-7,-1.2893900E-2,6.4970310E-2,-5.0013900E+1,2.4000000E-2,2.4000000E-2,1.9800000E-2
0.0000000E+0,1.1000000E-6,3.0000000E-7,-1.2970600E-2,6.4970310E-2,-5.0014100E+1,2.4000000E-2,2.4000000E-2,1.9800000E-2
0.0000000E+0,5.0000000E-7,6.0000000E-7,-1.2980700E-2,6.4970310E-2,-5.0014000E+1,2.4000000E-2,2.4000000E-2,1.9800000E-2
0.0000000E+0,-7.0000000E-7,-4.0000000E-7,-1.3057700E-2,6.4970310E-2,-5.0014300E+1,2.4000000E-2,2.4000000E-2,1.9800000E-2
0.0000000E+0,0.0000000E+0,3.0000000E-7,-1.3085800E-2,6.4970310E-2,-5.0014600E+1,2.4000000E-2,2.4000000E-2,1.9800000E-2
0.0000000E+0,-8.0000000E-7,7.0000000E-7,-1.3130600E-2,6.4970310E-2,-5.0014000E+1,2.4000000E-2,2.4000000E-2,1.9800000E-2
0.0000000E+0,-1.0000000E-7,-6.0000000E-7,-1.3189100E-2,6.4970310E-2,-5.0014400E+1,2.4000000E-2,2.4000000E-2,1.9800000E-2
0.0000000E+0,-8.0000000E-7,-2.0000000E-7,-1.3226100E-2,6.4970310E-2,-5.0014100E+1,2.4000000E-2,2.4000000E-2,1.9800000E-2
0.0000000E+0,0.0000000E+0,-4.0000000E-7,-1.3294300E-2,6.4970310E-2,-5.0014100E+1,2.4000000E-2,2.4000000E-2,1.9800000E-2
0.0000000E+0,5.0000000E-7,5.0000000E-7,-1.3340200E-2,6.4970310E-2,-5.0014100E+1,2.4000000E-2,2.4000000E-2,1.9800000E-2
0.0000000E+0,-0.0000000E+0,3.0000000E-7,-1.3389800E-2,6.4970310E-2,-5.0014300E+1,2.4000000E-2,2.4000000E-2,1.9800000E-2
0.0000000E+0,9.0000000E-7,1.0000000E-7,-1.3452300E-2,6.4970310E-2,-5.0014200E+1,2.4000000E-2,2.4000000E-2,1.9800000E-2
0.0000000E+0,-0.0000000E+0,4.0000000E-7,-1.3499500E-2,6.4970310E-2,-5.0013900E+1,2.4000000E-2,2.4000000E-2,1.9800000E-2
0.0000000E+0,2.0000000E-7,3.0000000E-7,-1.3546300E-2,6.4970310E-2,-5.0014000E+1,2.4000000E-2,2.4000000E-2,1.9800000E-2
0.0000000E+0,9.0000000E-7,-3.0000000E-7,-1.3596400E-2,6.4970310E-2,-5.0014300E+1,2.4000000E-2,2.4000000E-2,1.9800000E-2
0.0000000E+0,1.0000000E-7,-5.0000000E-7,-1.3635800E-2,6.4970310E-2,-5.0014100E+1,2.4000000E-2,2.4000000E-2,1.9800000E-2
0.0000000E+0,-4.0000000E-7,1.0000000E-7,-1.3692400E-2,6.4970310E-2,-5.0014000E+1,2.4000000E-2,2.4000000E-2,1.9800000E-2
0.0000000E+0,2.0000000E-7,-2.0000000E-7,-1.3745500E-2,6.4970310E-2,-5.0013900E+1,2.4000000E-2,2.4000000E-2,1.9800000E-2
0.0000000E+0,-5.0000000E-7,3.0000000E-7,-1.3797400E-2,6.4970310E-2,-5.0014400E+1,2.4000000E-2,2.4000000E-2,1.9800000E-2
0.0000000E+0,-3.0000000E-7,-1.0000000E-7,-1.3843300E-2,6.4970310E-2,-5.0013900E+1,2.4000000E-2,2.4000000E-2,1.9800000E-2
0.0000000E+0,0.0000000E+0,3.0000000E-7,-1.3893300E-2,6.4970310E-2,-5.0013900E+1,2.4000000E-2,2.4000000E-2,1.9800000E-2
0.0000000E+0,5.0000000E-7,2.0000000E-7,-1.3942300E-2,6.4970310E-2,-5.0014000E+1,2.4000000E-2,2.4000000E-2,1.9800000E-2
0.0000000E+0,-4.0000000E-7,4.0000000E-7,-1.3989700E-2,6.4970310E-2,-5.0014300E+1,2.4000000E-2,2.4000000E-2,1.9800000E-2
0.0000000E+0,-4.0000000E-7,-1.0000000E-6,-1.4039800E-2,6.4970310E-2,-5.0014200E+1,2.4000000E-2,2.4000000E-2,1.9800000E-2
0.0000000E+0,-0.0000000E+0,2.0000000E-7,-1.4094300E-2,6.4970310E-2,-5.0014500E+1,2.4000000E-2,2.4000000E-2,1.9800000E-2
0.0000000E+0,2.0000000E-7,1.0000000E-7,-1.4148700E-2,6.4970310E-2,-5.0014300E+1,2.4000000E-2,2.4000000E-2,1.9800000E-2
0.0000000E+0,4.0000000E-7,1.0000000E-7,-1.4190500E-2,6.4970310E-2,-5.0013900E+1,2.4000000E-2,2.4000000E-2,1.9800000E-2
0.0000000E+0,-0.0000000E+0,5.0000000E-7,-1.4246600E-2,6.4970310E-2,-5.0014300E+1,2.4000000E-2,2.4000000E-2,1.9800000E-2
0.0000000E+0,1.0000000E-7,-6.0000000E-7,-1.4295300E-2,6.4970310E-2,-5.0014500E+1,2.4000000E-2,2.4000000E-2,1.9800000E-2
0.0000000E+0,4.0000000E-7,-6.0000000E-7,-1.4339000E-2,6.4970310E-2,-5.0014700E+1,2.4000000E-2,2.4000000E-2,1.9800000E-2
0.0000000E+0,-5.0000000E-7,-5.0000000E-7,-1.4389700E-2,6.4970310E-2,-5.0014300E+1,2.4000000E-2,2.4000000E-2,1.9800000E-2
0.0000000E+0,4.0000000E-7,-6.0000000E-7,-1.4446500E-2,6.4970310E-2,-5.0014300E+1,2.4000000E-2,2.4000000E-2,1.9800000E-2
0.0000000E+0,-4.0000000E-7,-8.0000000E-7,-1.4494300E-2,6.4970310E-2,-5.0014500E+1,2.4000000E-2,2.4000000E-2,1.9800000E-2
0.0000000E+0,-4.0000000E-7,-5.0000000E-7,-1.4542000E-2,6.4970310E-2,-5.0014200E+1,2.4000000E-2,2.4000000E-2,1.9800000E-2
0.0000000E+0,1.0000000E-7,0.0000000E+0,-1.4593600E-2,6.4970310E-2,-5.0014200E+1,2.4000000E-2,2.4000000E-2,1.9800000E-2
0.0000000E+0,-5.0000000E-7,9.0000000E-7,-1.4640600E-2,6.4970310E-2,-5.0014500E+1,2.4000000E-2,2.4000000E-2,1.9800000E-2
0.0000000E+0,-5.0000000E-7,9.0000000E-7,-1.4688100E-2,6.4970310E-2,-5.0014200E+1,2.4000000E-2,2.4000000E-2,1.9800000E-2
0.0000000E+0,-4.0000000E-7,-5.0000000E-7,-1.4746800E-2,6.4970310E-2,-5.0014500E+1,2.4000000E-2,2.4000000E-2,1.9800000E-2
0.0000000E+0,6.0000000E-7,-0.0000000E+0,-1.4795300E-2,6.4970310E-2,-5.0014300E+1,2.4000000E-2,2.4000000E-2,1.9800000E-2
0.0000000E+0,-5.0000000E-7,-3.0000000E-7,-1.4840500E-2,6.4970310E-2,-5.0014200E+1,2.4000000E-2,2.4000000E-2,1.9800000E-2
0.0000000E+0,2.0000000E-7,1.0000000E-7,-1.4896800E-2,6.4970310E-2,-5.0014600E+1,2.4000000E-2,2.4000000E-2,1.9800000E-2
0.0000000E+0,1.0000000E-7,3.0000000E-7,-1.4945100E-2,6.4970310E-2,-5.0014500E+1,2.4000000E-2,2.4000000E-2,1.9800000E-2
0.0000000E+0,4.0000000E-7,-1.0000000E-7,-1.4998100E-2,6.4970310E-2,-5.0014600E+1,2.4000000E-2,2.4000000E-2,1.9800000E-2
